34.013526916503906
33.47537612915039
36.38943099975586
38.74826431274414
30.201778411865234
37.29085922241211
36.7906608581543
30.81080436706543
37.31599044799805
38.56306457519531
38.3050537109375
31.30548858642578
36.817447662353516
35.14142608642578
34.44969940185547
38.96166229248047
36.66779708862305
39.51506423950195
38.05863952636719
43.043636322021484
35.351524353027344
39.531288146972656
40.53616714477539
37.24861145019531
38.167362213134766
42.25951385498047
44.39866638183594
44.155799865722656
45.05789566040039
35.65402603149414
43.52842712402344
48.72874069213867
41.434993743896484
43.05674743652344
48.7739372253418
52.087257385253906
54.59907913208008
54.13002395629883
51.87019729614258
61.09062576293945
51.50248718261719
55.916446685791016
60.582359313964844
64.26776885986328
70.0658187866211
68.88346862792969
57.76271057128906
62.462013244628906
77.96776580810547
82.5506591796875
78.70742797851562
88.37163543701172
83.45511627197266
72.18668365478516
89.681884765625
98.28581237792969
107.65437316894531
82.84256744384766
113.56127166748047
76.29763793945312
108.89148712158203
122.59809875488281
96.07613372802734
89.56199645996094
134.59811401367188
109.9642333984375
132.66354370117188
147.2385711669922
147.7412872314453
134.27255249023438
156.65956115722656
168.4737548828125
161.58726501464844
150.5672607421875
149.0320587158203
150.7209930419922
164.5218048095703
182.18325805664062
193.36981201171875
161.11581420898438
202.89578247070312
198.95924377441406
208.5477752685547
184.78158569335938
177.56195068359375
205.7244110107422
210.08497619628906
186.88626098632812
131.98126220703125
162.5107421875
208.74139404296875
186.23870849609375
146.32264709472656
151.70753479003906
125.95654296875
134.1585693359375
129.60057067871094
92.89686584472656
79.01265716552734
122.38916015625
68.56226348876953
51.249534606933594
30.440961837768555
31.42181396484375
71.66825866699219
18.334030151367188
52.32276916503906
78.70459747314453
69.47481536865234
65.41999816894531
49.23329544067383
101.54513549804688
74.85342407226562
51.55836486816406
95.01819610595703
69.02816009521484
91.92898559570312
56.99323272705078
75.54963684082031
51.25688171386719
40.8465576171875
32.312992095947266
39.54137420654297
216.9341278076172
43.0601692199707
34.57990646362305
63.236228942871094
32.667572021484375
27.931869506835938
86.22423553466797
95.79972839355469
133.90618896484375
46.64419174194336
206.4510955810547
225.9368133544922
216.99417114257812
133.2062225341797
112.32304382324219
18.149883270263672
63.413352966308594
145.8240203857422
134.0457305908203
99.8578109741211
43.14818572998047
24.482507705688477
73.07568359375
82.29653930664062
149.857666015625
113.65462493896484
69.11577606201172
25.031627655029297
52.51386642456055
96.37947082519531
19.041790008544922
48.28661346435547
32.476863861083984
72.55169677734375
20.01456642150879
28.240861892700195
86.64494323730469
35.10135269165039
50.968910217285156
74.89485168457031
18.65369415283203
45.68195724487305
37.54557800292969
35.03120803833008
62.20646286010742
24.40363311767578
12.758021354675293
11.209178924560547
39.95829391479492
42.422584533691406
43.59017562866211
21.41867446899414
25.262550354003906
17.954538345336914
25.852079391479492
28.339874267578125
20.05248260498047
37.498802185058594
44.00706100463867
20.644575119018555
8.075037956237793
29.219158172607422
21.459815979003906
67.72183227539062
58.71282958984375
21.34763526916504
17.201904296875
54.0180778503418
17.608963012695312
16.494691848754883
30.08116340637207
44.377315521240234
35.72406005859375
27.525718688964844
43.02354049682617
46.68976974487305
49.164058685302734
57.018733978271484
74.66108703613281
17.993677139282227
57.89653396606445
42.26242446899414
18.263832092285156
59.38007354736328
57.103126525878906
61.453121185302734
47.53038024902344
69.9151611328125
75.91156768798828
75.97260284423828
104.73397064208984
65.1626205444336
8.783464431762695
76.8271255493164
104.80425262451172
54.91386795043945
45.30665969848633
84.76140594482422
26.60453224182129
58.34028244018555
61.73878860473633
14.299261093139648
16.892404556274414
52.54742431640625
42.11680603027344
33.3814582824707
47.55679702758789
39.68000793457031
9.423144340515137
34.03305435180664
67.36324310302734
56.68792724609375
38.26905059814453
36.83578872680664
15.19588851928711
50.93401336669922
93.65591430664062
42.31249237060547
43.13285827636719
36.37816619873047
20.144502639770508
30.56818199157715
31.461685180664062
28.22608757019043
73.5745620727539
86.70578002929688
30.578903198242188
48.76797866821289
16.033300399780273
18.434646606445312
23.10134506225586
96.55821990966797
86.81046295166016
37.731170654296875
95.57194519042969
109.56396484375
70.64939880371094
37.269962310791016
81.49526977539062
103.49554443359375
83.59249114990234
32.77484130859375
81.4889144897461
105.7872543334961
103.41780090332031
35.56394958496094
38.726104736328125
176.09495544433594
174.70237731933594
260.8364562988281
218.3719024658203
120.761474609375
20.207015991210938
133.80836486816406
170.14234924316406
163.99362182617188
140.6245574951172
60.421573638916016
13.38087272644043
119.3116226196289
121.13697052001953
133.07403564453125
92.08161926269531
33.68510055541992
69.68698120117188
98.12911224365234
127.96527862548828
91.73399353027344
39.351009368896484
95.8094482421875
115.95175170898438
145.4027099609375
116.5757827758789
20.553911209106445
44.86519241333008
66.6340103149414
75.92361450195312
32.276451110839844
32.470096588134766
53.85989761352539
41.34171676635742
8.584983825683594
31.84906005859375
29.94614601135254
23.405427932739258
43.412723541259766
60.537635803222656
51.311405181884766
12.635459899902344
61.97053146362305
72.1966781616211
90.59107971191406
18.456310272216797
78.41300201416016
107.43482208251953
75.4560775756836
20.03866958618164
69.06539154052734
80.36995697021484
46.10074234008789
34.05349349975586
16.71650505065918
71.25074005126953
41.08636474609375
17.495689392089844
70.62181091308594
92.25660705566406
59.956764221191406
19.408000946044922
58.23330307006836
28.074996948242188
48.1929817199707
5.7077155113220215
20.92904281616211
21.73560333251953
64.77073669433594
14.277036666870117
8.600667953491211
38.23230743408203
17.210472106933594
20.982778549194336
41.77938461303711
65.97938537597656
14.2520170211792
35.84891891479492
27.496484756469727
24.55245018005371
16.541534423828125
11.924315452575684
20.156484603881836
6.92745304107666
43.06779098510742
8.320045471191406
63.79387664794922
23.24742889404297
14.023759841918945
26.20458984375
20.79413604736328
25.075729370117188
17.658649444580078
5.022659778594971
23.587743759155273
28.49675941467285
32.5174560546875
16.35509490966797
60.9210090637207
46.26709747314453
12.541644096374512
12.293249130249023
9.25461196899414
44.889583587646484
34.594486236572266
33.723445892333984
18.417665481567383
36.957557678222656
19.874156951904297
8.579461097717285
20.482301712036133
16.789934158325195
5.7587151527404785
43.37038040161133
51.459388732910156
21.0673770904541
17.068796157836914
56.30295181274414
15.614470481872559
7.962338924407959
14.314715385437012
38.78647994995117
10.78259563446045
9.757261276245117
17.92741584777832
6.4797892570495605
46.566383361816406
11.483712196350098
9.727753639221191
18.82503318786621
73.87162017822266
49.605995178222656
23.9731388092041
22.875389099121094
40.92825698852539
7.1344499588012695
69.16621398925781
41.00446319580078
51.90803527832031
77.76969909667969
44.6941032409668
61.2940673828125
36.162410736083984
26.407733917236328
74.27210235595703
140.21031188964844
96.52293395996094
77.08317565917969
24.010623931884766
72.65695190429688
46.45323181152344
9.039725303649902
9.277997970581055
4.972697734832764
43.81353759765625
9.587685585021973
42.20441818237305
25.024038314819336
48.01078796386719
69.81575012207031
56.78491973876953
20.272476196289062
25.799283981323242
4.591631889343262
23.034793853759766
10.246833801269531
16.769296646118164
27.750892639160156
5.584665298461914
18.776565551757812
11.752643585205078
23.487524032592773
6.610818386077881
30.629919052124023
7.584916591644287
45.005924224853516
11.737322807312012
27.474607467651367
19.982938766479492
28.666305541992188
23.96495246887207
34.601051330566406
9.451461791992188
6.427114009857178
15.038148880004883
43.82719802856445
31.75834083557129
8.760805130004883
95.86891174316406
113.9852066040039
84.81804656982422
10.961221694946289
31.57583999633789
56.67799377441406
25.560810089111328
15.665055274963379
33.36592102050781
12.941367149353027
6.464902877807617
35.0560188293457
38.59738540649414
13.04886245727539
94.08522033691406
93.60664367675781
91.60968017578125
56.639076232910156
19.157081604003906
26.91773796081543
47.237125396728516
11.474223136901855
55.81296157836914
65.42212677001953
62.400489807128906
7.228868007659912
51.715965270996094
40.8169059753418
45.996089935302734
42.910186767578125
40.87519073486328
34.667903900146484
40.51332473754883
28.4443302154541
9.08291244506836
33.340362548828125
55.63508224487305
19.036409378051758
96.16062927246094
87.73699188232422
66.86936950683594
76.07915496826172
9.906357765197754
95.00418853759766
132.9015655517578
149.86305236816406
81.18685913085938
25.58590316772461
26.32256317138672
92.34683990478516
57.42195510864258
47.67613220214844
20.359516143798828
50.740623474121094
6.610518932342529
5.948373794555664
50.48564147949219
41.34336471557617
26.15068244934082
26.50370979309082
19.057981491088867
18.81214141845703
6.713851451873779
34.17105484008789
16.794429779052734
16.854734420776367
39.922664642333984
11.602033615112305
5.1027021408081055
38.50113296508789
15.724388122558594
23.647735595703125
11.070785522460938
54.647705078125
50.03156661987305
50.95840835571289
18.274127960205078
43.28325271606445
21.34353256225586
30.65116310119629
42.44384002685547
19.515172958374023
53.62324142456055
73.15550231933594
28.56304359436035
8.98777961730957
23.499286651611328
33.64799880981445
29.936622619628906
47.13152313232422
71.3885726928711
52.382999420166016
10.785065650939941
60.05091857910156
109.10765838623047
60.03702926635742
55.333824157714844
15.057530403137207
54.23314666748047
38.074649810791016
11.953068733215332
5.778829097747803
8.166407585144043
59.970359802246094
51.92010498046875
41.309356689453125
19.125595092773438
55.97690200805664
32.340885162353516
15.000249862670898
19.903907775878906
18.052413940429688
12.658551216125488
15.323808670043945
4.843507289886475
3.7584378719329834
5.18371057510376
8.57985782623291
44.90699005126953
16.193527221679688
13.448724746704102
25.239112854003906
42.52080154418945
35.005531311035156
23.000486373901367
23.84084701538086
51.258201599121094
40.87907791137695
36.827003479003906
66.80821228027344
19.653757095336914
24.634225845336914
49.50747299194336
32.03023147583008
40.863929748535156
55.454532623291016
51.37733840942383
5.89026403427124
28.12735939025879
15.761752128601074
52.98063659667969
52.17289733886719
8.790501594543457
30.593910217285156
53.87437057495117
56.91093444824219
11.747079849243164
15.069875717163086
23.35918426513672
10.41225528717041
16.86963653564453
13.268125534057617
19.37078285217285
25.981910705566406
11.428520202636719
5.690629959106445
24.808359146118164
11.541257858276367
16.35215187072754
12.78232192993164
4.837204933166504
32.4297981262207
24.223251342773438
23.114290237426758
14.924001693725586
19.085939407348633
9.221177101135254
50.34782791137695
66.865234375
28.552101135253906
30.39093780517578
62.17449188232422
59.00946044921875
19.826696395874023
59.1458740234375
53.34245300292969
63.61650848388672
43.67424011230469
41.01740264892578
78.91756439208984
64.52650451660156
40.24375534057617
28.92062759399414
68.24942779541016
56.685707092285156
4.36522912979126
30.82036590576172
31.653520584106445
38.9660530090332
25.503101348876953
25.05027961730957
7.962563991546631
28.20562744140625
21.2012996673584
19.31126594543457
34.84990692138672
45.57685089111328
9.830133438110352
41.823238372802734
56.5369758605957
46.03108215332031
14.405750274658203
6.841422080993652
4.187655925750732
20.95201301574707
15.737812995910645
24.376794815063477
44.075531005859375
20.397945404052734
15.563342094421387
4.8662872314453125
24.80487632751465
11.232708930969238
20.956388473510742
26.297677993774414
32.071964263916016
39.0180549621582
35.68568420410156
16.228656768798828
21.915943145751953
48.78096008300781
9.010923385620117
24.402833938598633
79.1371841430664
129.24256896972656
102.23661041259766
67.5986099243164
11.344573020935059
50.92403030395508
46.46023941040039
35.438289642333984
7.391202449798584
6.699424743652344
10.01364517211914
5.704314708709717
17.390186309814453
34.52216720581055
7.886168003082275
14.382013320922852
21.49626350402832
7.692683696746826
45.009727478027344
43.65755081176758
49.51884078979492
21.577199935913086
34.358219146728516
92.26742553710938
64.64102935791016
56.7801399230957
18.803943634033203
33.300235748291016
6.579136371612549
7.912644386291504
14.270231246948242
18.40287971496582
20.915225982666016
5.720442771911621
9.37630558013916
42.508358001708984
38.757205963134766
30.354106903076172
10.389863967895508
10.167364120483398
49.704010009765625
26.604150772094727
10.25187873840332
32.401119232177734
53.557918548583984
53.44783401489258
24.00741195678711
20.46672821044922
19.867094039916992
14.3079195022583
35.685237884521484
40.638057708740234
53.85665512084961
5.726181983947754
36.69122314453125
39.263240814208984
35.146575927734375
18.111482620239258
35.26988220214844
79.90399932861328
71.88905334472656
55.17583465576172
20.62809944152832
52.07563400268555
85.76612091064453
100.17292785644531
69.95051574707031
30.86109161376953
6.538062572479248
21.170331954956055
29.6378116607666
26.136343002319336
21.242427825927734
10.02295207977295
7.1869072914123535
16.78982162475586
23.407501220703125
11.696992874145508
40.385459899902344
54.1107063293457
18.938222885131836
26.546844482421875
14.248241424560547
40.58234786987305
50.04707336425781
27.0317325592041
49.884727478027344
68.19326782226562
47.7557373046875
21.686450958251953
33.05412292480469
36.357749938964844
61.0645751953125
8.362430572509766
7.388844013214111
47.65913772583008
39.86911392211914
38.443695068359375
20.599916458129883
30.534963607788086
9.575583457946777
13.195304870605469
54.35325622558594
97.11529541015625
86.92315673828125
44.49736022949219
20.591442108154297
49.70585250854492
59.114959716796875
53.903404235839844
63.06318283081055
26.027639389038086
17.427921295166016
33.60150146484375
29.08285903930664
8.581931114196777
6.4264912605285645
38.41693878173828
58.00825881958008
81.08685302734375
38.21521759033203
10.122282028198242
27.797048568725586
24.18684959411621
16.087499618530273
8.874774932861328
13.038622856140137
10.135980606079102
31.62087059020996
53.82411575317383
18.352659225463867
16.310829162597656
38.03923034667969
21.141578674316406
3.9873783588409424
47.88884735107422
4.2658820152282715
37.654052734375
26.722991943359375
28.237829208374023
16.32414436340332
14.696310043334961
16.047168731689453
20.749027252197266
4.060225486755371
6.102343559265137
3.214855670928955
34.350677490234375
32.469459533691406
22.89838409423828
17.189693450927734
12.99238109588623
17.17116355895996
13.35983657836914
27.893756866455078
4.379045009613037
48.80470275878906
52.35350036621094
46.4710807800293
10.855706214904785
24.612995147705078
54.859222412109375
42.86164855957031
31.68198585510254
18.88605499267578
29.817546844482422
23.03456687927246
20.83285140991211
42.84447479248047
25.873416900634766
20.752321243286133
15.853325843811035
11.603235244750977
13.99202823638916
29.021575927734375
8.520111083984375
2.5396673679351807
11.022675514221191
20.62318992614746
9.940731048583984
18.087139129638672
25.865663528442383
16.636369705200195
25.636701583862305
34.253170013427734
34.721248626708984
51.63196563720703
58.582271575927734
43.71463394165039
3.6432559490203857
40.39989471435547
59.00068283081055
48.74702072143555
15.07448959350586
12.588956832885742
71.02418518066406
68.49253845214844
45.349178314208984
10.093981742858887
29.881914138793945
52.16854476928711
54.762725830078125
41.39835739135742
9.943994522094727
32.54602813720703
68.11324310302734
66.60977172851562
36.92233657836914
3.4760031700134277
18.08697509765625
36.061119079589844
21.234176635742188
20.689407348632812
24.64704132080078
42.4749641418457
31.621986389160156
11.973538398742676
5.960707187652588
66.43436431884766
38.503170013427734
35.32450866699219
12.535040855407715
28.450124740600586
32.64936065673828
36.55476379394531
19.955373764038086
5.390779495239258
39.05244064331055
78.98140716552734
68.5927734375
47.63809585571289
26.625905990600586
7.141592025756836
60.31329345703125
55.689815521240234
26.935617446899414
19.661510467529297
13.071269989013672
22.829809188842773
74.2057113647461
61.55368423461914
80.48309326171875
76.62680053710938
39.6734504699707
24.840282440185547
39.21887969970703
41.80361557006836
22.764083862304688
21.77457618713379
16.110246658325195
32.92112731933594
27.19711685180664
18.990097045898438
6.388882160186768
14.686230659484863
6.60293436050415
19.74281883239746
19.90694808959961
39.07664489746094
29.0529842376709
4.608389377593994
3.1852128505706787
21.2353515625
13.921889305114746
13.303771018981934
21.97638702392578
13.43979549407959
9.8104887008667
34.38870620727539
23.317794799804688
14.782625198364258
21.332626342773438
15.800769805908203
10.291075706481934
3.3029227256774902
29.335506439208984
42.76084899902344
18.67075538635254
9.596779823303223
6.681643009185791
12.983190536499023
16.036327362060547
25.57736587524414
13.803512573242188
21.87457847595215
29.28868293762207
14.674921989440918
3.6127448081970215
29.95365333557129
55.457889556884766
21.84601593017578
35.998260498046875
8.372535705566406
21.799606323242188
19.572433471679688
20.05731773376465
4.532063961029053
27.205869674682617
38.515472412109375
18.002971649169922
14.60916519165039
12.841276168823242
4.9883646965026855
8.450692176818848
16.191844940185547
19.07911491394043
21.903858184814453
19.200742721557617
9.427247047424316
36.14636993408203
15.340807914733887
20.75302505493164
9.733636856079102
22.02944564819336
6.322524547576904
31.113216400146484
39.765655517578125
44.11687469482422
18.238277435302734
9.245696067810059
25.92784309387207
35.68039321899414
7.849021911621094
24.145244598388672
8.296409606933594
28.089160919189453
15.94592571258545
22.90082550048828
6.207935333251953
18.904521942138672
12.048072814941406
5.962920188903809
13.49441909790039
15.674973487854004
27.80180549621582
12.340405464172363
9.040337562561035
20.173221588134766
6.668816089630127
19.074796676635742
44.25466537475586
59.35966110229492
26.114177703857422
2.5201432704925537
8.314300537109375
6.8355255126953125
4.380889892578125
34.152462005615234
7.967504024505615
9.045193672180176
27.033836364746094
35.80622863769531
9.367810249328613
20.408071517944336
14.692255973815918
13.088838577270508
10.002544403076172
19.158157348632812
14.204154014587402
5.709799766540527
15.390091896057129
12.813732147216797
18.781448364257812
15.854069709777832
14.914801597595215
59.291259765625
24.983200073242188
51.327178955078125
35.504615783691406
11.871770858764648
26.434703826904297
29.009765625
39.917789459228516
39.791873931884766
12.423039436340332
2.954709529876709
9.95908260345459
42.51947784423828
18.421865463256836
24.986427307128906
11.528186798095703
33.48820114135742
38.49222183227539
34.43846130371094
7.226726531982422
7.114930152893066
5.303402423858643
4.830963134765625
27.179866790771484
8.851727485656738
13.799954414367676
18.089000701904297
6.173526763916016
9.55915641784668
9.627081871032715
10.697892189025879
24.909879684448242
9.460394859313965
4.830866813659668
48.51696014404297
19.73944091796875
19.483470916748047
34.65129470825195
8.676718711853027
31.184627532958984
2.13558292388916
45.389434814453125
5.278820514678955
18.58159637451172
5.4822492599487305
17.779541015625
12.15182113647461
16.657711029052734
16.350629806518555
36.72578048706055
15.822135925292969
16.84918975830078
9.049455642700195
8.461319923400879
9.640157699584961
28.744718551635742
24.298974990844727
9.789210319519043
16.765085220336914
13.743725776672363
17.595491409301758
3.301835298538208
12.891828536987305
19.15001678466797
5.92060661315918
10.030046463012695
4.695066452026367
38.224822998046875
10.365592956542969
7.681711196899414
16.615703582763672
26.08910369873047
26.618064880371094
23.622766494750977
11.141263961791992
5.243197441101074
7.928089141845703
2.9977593421936035
3.997882127761841
15.593523025512695
14.595752716064453
10.562387466430664
9.556413650512695
33.32255554199219
7.240844249725342
3.555609941482544
13.275389671325684
21.944427490234375
4.737998962402344
27.61228370666504
30.259939193725586
29.17869758605957
7.010464668273926
7.762269496917725
19.055461883544922
26.6184024810791
52.9112434387207
17.15233612060547
41.635589599609375
7.457595348358154
35.596492767333984
22.47683334350586
29.749494552612305
63.19450378417969
29.185401916503906
6.8303422927856445
14.950207710266113
22.197847366333008
46.348751068115234
20.463951110839844
5.439196586608887
13.027620315551758
23.05223274230957
22.868913650512695
14.084526062011719
21.10879898071289
15.252281188964844
17.66913604736328
17.83852195739746
27.657394409179688
47.65443801879883
46.79418182373047
39.33032989501953
15.824295043945312
10.621787071228027
31.89583969116211
74.64813995361328
80.550537109375
75.2805404663086
60.428314208984375
