123.35688781738281
125.48334503173828
133.21005249023438
146.4457550048828
107.41014099121094
138.36058044433594
134.9947509765625
103.15664672851562
134.216796875
144.5046844482422
144.6865234375
111.46852111816406
131.67086791992188
121.67516326904297
115.79557800292969
141.90625
129.49566650390625
141.27049255371094
132.80413818359375
161.31793212890625
115.98895263671875
133.6102294921875
139.03379821777344
123.00955963134766
122.3572998046875
136.6986083984375
144.9358673095703
138.64581298828125
140.09487915039062
108.32190704345703
125.8509521484375
145.02444458007812
115.26595306396484
116.88935852050781
126.18214416503906
137.2366943359375
142.2591552734375
132.7048797607422
117.74386596679688
146.48585510253906
106.5833511352539
113.48640441894531
124.59286499023438
129.6135711669922
140.1290740966797
126.53934478759766
100.5906753540039
103.79440307617188
131.58453369140625
137.9161376953125
120.09669494628906
135.87445068359375
118.53968811035156
96.889404296875
111.23239135742188
125.2678451538086
137.20016479492188
91.22673034667969
131.98980712890625
71.33406066894531
106.76628112792969
123.1903076171875
88.97272491455078
74.14401245117188
118.30316162109375
75.00123596191406
100.38143920898438
112.75830078125
104.1053237915039
85.3771743774414
99.57181549072266
106.50669860839844
92.31715393066406
87.21259307861328
74.25935363769531
74.34225463867188
79.59815979003906
84.05238342285156
83.403076171875
68.8550796508789
81.617431640625
74.99600219726562
76.32188415527344
64.71951293945312
55.16889190673828
63.754241943359375
64.77912902832031
53.544158935546875
51.275760650634766
50.051429748535156
56.226261138916016
48.642330169677734
38.7828369140625
39.78446578979492
40.463382720947266
35.60805130004883
36.97380447387695
33.092403411865234
33.31584167480469
40.03487777709961
33.48537063598633
30.43564796447754
27.735431671142578
27.994159698486328
31.7781925201416
27.379207611083984
26.140544891357422
24.53316879272461
22.142621994018555
19.465965270996094
18.51274299621582
20.64907455444336
16.263896942138672
18.85443687438965
15.498644828796387
15.393774032592773
13.865869522094727
15.222437858581543
11.77439022064209
9.643169403076172
9.631454467773438
8.734762191772461
9.518306732177734
26.751420974731445
9.304072380065918
13.991941452026367
9.008235931396484
10.504304885864258
9.010858535766602
12.083192825317383
12.43200969696045
16.807880401611328
14.770039558410645
12.618670463562012
12.903724670410156
11.479488372802734
10.086414337158203
8.006564140319824
6.431260585784912
7.351546287536621
9.060134887695312
9.082229614257812
8.245622634887695
7.6600751876831055
6.405332088470459
9.668244361877441
8.458460807800293
8.922905921936035
8.314645767211914
6.4215521812438965
6.006492614746094
7.391315937042236
7.642181396484375
5.272947311401367
6.019111156463623
7.223003387451172
6.3026933670043945
5.402829170227051
5.0927228927612305
6.4174933433532715
5.361612796783447
8.380189895629883
5.4288482666015625
5.456705570220947
4.96134614944458
4.9625163078308105
5.961569309234619
5.61384391784668
5.447741508483887
5.0052809715271
5.144318103790283
5.070240497589111
5.3420305252075195
5.3699421882629395
5.443456172943115
5.293178081512451
4.650618553161621
4.609108924865723
4.980393409729004
4.828343868255615
5.127120018005371
5.1889190673828125
5.2884840965271
4.9327168464660645
4.191246032714844
4.7007856369018555
5.099246501922607
4.752113342285156
4.269532203674316
4.09935998916626
4.232510089874268
5.0969109535217285
4.02902364730835
4.8328022956848145
4.167184352874756
4.542551040649414
4.6735453605651855
4.6727447509765625
4.465625286102295
4.193217754364014
4.679258823394775
4.590014457702637
4.730890274047852
4.601085186004639
4.688244819641113
4.281622886657715
4.3894877433776855
4.320448875427246
4.670354843139648
4.314228057861328
4.786519527435303
5.6084303855896
4.121091365814209
4.5631537437438965
4.317389011383057
4.360369682312012
4.600564002990723
4.737629413604736
4.669742107391357
4.328998565673828
4.644459247589111
3.954881191253662
4.41508674621582
4.500814437866211
4.189559459686279
3.8146274089813232
4.099984169006348
3.8391273021698
4.147702693939209
4.203680038452148
4.258856773376465
4.077548027038574
4.077749729156494
3.831129312515259
4.473105430603027
4.19923734664917
4.478108882904053
4.369182109832764
3.753089427947998
6.998561382293701
3.994865894317627
4.228559494018555
3.7579638957977295
4.024243354797363
3.949341297149658
3.3073718547821045
3.831669807434082
4.040475845336914
3.977752447128296
3.8421683311462402
4.013063430786133
3.5955376625061035
3.2023444175720215
3.0707037448883057
4.097126483917236
3.9072728157043457
3.750231981277466
4.221850395202637
4.621917247772217
4.193466663360596
4.151144504547119
4.310412406921387
4.33150577545166
3.9431979656219482
3.5646162033081055
3.8441503047943115
4.041292190551758
4.104578018188477
3.551699638366699
4.089449882507324
5.695821285247803
5.196070194244385
7.8577494621276855
6.218904495239258
4.511310577392578
3.990858793258667
5.004552841186523
5.9618377685546875
6.4398651123046875
5.976380348205566
3.81479811668396
3.7841386795043945
4.50714635848999
4.374855995178223
4.954052448272705
4.194403648376465
3.4859347343444824
3.800625801086426
4.632075786590576
4.831157207489014
4.378580093383789
3.3831424713134766
4.271701335906982
4.597737789154053
5.364095687866211
5.0571513175964355
3.4940237998962402
3.421891927719116
3.3518574237823486
3.950279474258423
3.349045991897583
3.6116127967834473
3.123612880706787
3.3822007179260254
3.2324533462524414
2.9222118854522705
3.27956223487854
3.7147364616394043
3.1126770973205566
3.273197650909424
3.309262752532959
3.2957334518432617
3.4147183895111084
3.7411553859710693
3.7542080879211426
2.6631312370300293
3.5022318363189697
3.889058828353882
3.5863192081451416
2.9080917835235596
3.5950562953948975
3.5795679092407227
2.5646817684173584
2.8301870822906494
3.0668115615844727
3.234733819961548
2.65905499458313
2.9149715900421143
3.2603907585144043
3.507575511932373
3.2003533840179443
2.830181837081909
3.0671653747558594
3.312286615371704
3.1735451221466064
2.7554829120635986
2.929277181625366
2.794616460800171
3.0105955600738525
3.025325298309326
3.009523391723633
2.6893413066864014
2.5975120067596436
3.1170740127563477
2.953324556350708
3.10371994972229
2.993190288543701
2.906466245651245
2.8653626441955566
2.9365804195404053
2.690699577331543
2.546781301498413
2.4657204151153564
2.768575668334961
2.7188022136688232
2.8419060707092285
2.9393627643585205
2.6078872680664062
2.5345261096954346
2.486656904220581
2.2266111373901367
2.546144962310791
2.7434678077697754
2.6745314598083496
2.7325594425201416
2.531172752380371
2.5485851764678955
2.732938528060913
2.9205636978149414
2.7591214179992676
2.4872801303863525
2.5593056678771973
2.4543616771698
2.837378978729248
2.591890573501587
2.718971014022827
2.7929646968841553
2.7680227756500244
2.35652232170105
2.503305673599243
2.4964253902435303
2.4181175231933594
2.559647798538208
2.718538284301758
3.0110702514648438
2.823085308074951
2.5738298892974854
2.863677501678467
2.817721128463745
2.6654202938079834
2.5589075088500977
2.7486367225646973
2.697539806365967
2.6178600788116455
2.598297357559204
2.666935443878174
2.6558268070220947
2.7144086360931396
2.4600493907928467
2.4881398677825928
2.872497081756592
2.6812286376953125
2.7139129638671875
2.7401208877563477
2.5978682041168213
2.454683780670166
2.776118040084839
2.711291551589966
3.021343469619751
3.063641309738159
3.4743030071258545
3.593858480453491
2.95473575592041
3.0419225692749023
2.778877019882202
4.246751308441162
3.0766303539276123
2.9733333587646484
2.614725351333618
2.7751193046569824
2.647142171859741
2.4884889125823975
2.594482183456421
2.425889015197754
2.625197172164917
2.692516565322876
2.738773822784424
2.475050926208496
2.877474784851074
2.90655517578125
2.775111436843872
2.6498939990997314
2.2885894775390625
2.633549690246582
2.516201972961426
2.6173129081726074
2.476738929748535
2.6028831005096436
2.262058734893799
2.884986639022827
2.2924447059631348
2.4534144401550293
2.497436285018921
2.4694671630859375
2.2938170433044434
2.5947916507720947
2.5192809104919434
2.2712485790252686
2.210587978363037
2.4914355278015137
2.58516526222229
2.448678731918335
2.4270541667938232
1.7535197734832764
2.3634822368621826
2.5769574642181396
2.3835067749023438
2.435061454772949
3.1675751209259033
3.2826454639434814
3.0492775440216064
2.2824606895446777
2.6814661026000977
2.6903960704803467
2.286986827850342
2.4449355602264404
2.775850296020508
2.6169610023498535
2.25913667678833
2.109971284866333
2.638857841491699
2.5179851055145264
3.1909878253936768
3.361086368560791
3.0515518188476562
2.5987415313720703
3.03253436088562
2.7844107151031494
2.2368459701538086
2.2096571922302246
2.564924716949463
2.516632556915283
2.801283597946167
2.1140947341918945
2.6398046016693115
2.366863489151001
2.6224710941314697
2.647083282470703
2.485321283340454
2.4820289611816406
2.3919601440429688
2.3337461948394775
2.293382167816162
2.5857081413269043
2.6190528869628906
2.2604198455810547
2.8755075931549072
2.847118616104126
2.3284764289855957
3.0129241943359375
2.366396903991699
3.1422266960144043
3.835096836090088
4.312232494354248
2.954397201538086
2.2749311923980713
2.558156967163086
3.1711342334747314
2.7876369953155518
2.478440761566162
2.2454681396484375
2.7753472328186035
2.1158926486968994
2.3540308475494385
2.6673223972320557
2.4499564170837402
2.5194356441497803
2.4853928089141846
2.0591344833374023
2.2462174892425537
2.5577750205993652
2.323890209197998
2.5040855407714844
2.3551363945007324
2.9166839122772217
2.3698740005493164
2.3313417434692383
2.4819068908691406
2.4586682319641113
2.2321972846984863
2.4212212562561035
2.697094440460205
2.2240793704986572
2.7426185607910156
2.4524483680725098
2.510693073272705
2.251896858215332
2.820711851119995
2.456489324569702
1.973499059677124
2.411302328109741
2.6037211418151855
2.2708890438079834
2.2890851497650146
2.384852647781372
2.345486640930176
2.492079019546509
2.5937740802764893
2.586108684539795
2.6552295684814453
1.7655109167099
2.338188648223877
3.3695223331451416
2.5194578170776367
2.555105209350586
2.5720574855804443
2.5301384925842285
2.651428699493408
2.261812686920166
2.0324409008026123
2.19992995262146
2.5869195461273193
2.4977362155914307
2.5551586151123047
2.3348755836486816
2.690380096435547
2.3842766284942627
2.4141790866851807
2.1176421642303467
2.4490034580230713
2.4576165676116943
3.2139952182769775
2.157099962234497
2.177412509918213
2.3473711013793945
2.3614344596862793
2.5804240703582764
2.314352035522461
2.1982221603393555
2.4784200191497803
2.512179374694824
2.554051399230957
2.445249080657959
2.1844654083251953
2.2698047161102295
2.2033450603485107
2.2177510261535645
2.50508975982666
2.262195348739624
2.044426441192627
2.3771913051605225
2.353113889694214
2.287008285522461
2.2960190773010254
2.3986804485321045
2.2506089210510254
2.502178430557251
2.2856762409210205
2.5330018997192383
2.6482856273651123
2.328690767288208
2.038959264755249
2.46130108833313
2.6063709259033203
2.108036756515503
2.2428197860717773
2.0883312225341797
2.1947224140167236
2.4080698490142822
2.206618547439575
2.2307732105255127
2.2424309253692627
2.0338478088378906
2.250102996826172
2.197420835494995
1.6759830713272095
2.2596919536590576
2.254122257232666
2.0896923542022705
1.9549167156219482
2.330073356628418
2.4999921321868896
2.3421671390533447
2.275766372680664
2.3101694583892822
2.4929161071777344
2.802710771560669
2.337738275527954
2.210256338119507
2.4553771018981934
2.588160753250122
2.283839225769043
2.4417777061462402
2.3165154457092285
2.242332935333252
2.3181028366088867
2.3826940059661865
2.779832601547241
2.2750163078308105
2.1493988037109375
2.218445062637329
2.561326742172241
2.3878493309020996
2.369272470474243
2.4271609783172607
2.3356478214263916
2.4172005653381348
2.483687400817871
2.3564980030059814
1.9823139905929565
2.210756540298462
2.342759847640991
2.3574607372283936
2.233527660369873
2.234086036682129
2.3220088481903076
2.160432815551758
2.3322458267211914
2.382537364959717
2.273378849029541
2.2096426486968994
2.2067935466766357
2.451845645904541
1.9891533851623535
2.3386735916137695
2.5425291061401367
2.461360216140747
2.2935614585876465
2.032703399658203
2.2104122638702393
2.411184549331665
2.210620164871216
2.4247124195098877
2.2863502502441406
2.1318511962890625
2.368709087371826
2.2791266441345215
2.2193124294281006
2.3337860107421875
2.2788169384002686
2.390171766281128
2.5501091480255127
3.27704119682312
2.7760791778564453
2.42313814163208
2.2166879177093506
2.3169922828674316
2.4723880290985107
2.1250123977661133
2.1583621501922607
2.554231882095337
2.2918407917022705
1.7164167165756226
1.8065361976623535
2.195298671722412
1.9740374088287354
2.394348621368408
2.252500057220459
1.8290807008743286
1.9858759641647339
2.1391355991363525
2.4699699878692627
2.2447807788848877
2.3629095554351807
2.66140079498291
2.3089399337768555
2.385950803756714
2.304758310317993
2.0742697715759277
2.177420139312744
2.3271353244781494
2.040724039077759
2.0917959213256836
2.144409656524658
1.9736417531967163
1.9544212818145752
2.0506622791290283
2.619546413421631
2.335488796234131
2.2485172748565674
2.1537270545959473
2.385442018508911
2.1575355529785156
2.300137519836426
2.0866646766662598
2.4879326820373535
2.50154972076416
2.2143821716308594
2.3225038051605225
2.066694498062134
2.2613723278045654
2.0785555839538574
2.168402910232544
2.3156635761260986
2.16633677482605
2.2776553630828857
1.8893107175827026
2.190084934234619
1.9478230476379395
2.1594886779785156
2.63490629196167
2.913877010345459
2.4925522804260254
2.138307571411133
2.3918142318725586
2.864832878112793
2.849459648132324
2.5395336151123047
2.2566447257995605
2.2532799243927
2.00386381149292
2.3195502758026123
2.1929943561553955
2.144049644470215
1.872218132019043
2.2311818599700928
1.9293667078018188
2.33247971534729
2.0091333389282227
2.238921880722046
2.1137382984161377
2.3564651012420654
2.262383222579956
2.0869855880737305
2.3683340549468994
2.4751498699188232
2.17378306388855
2.3246402740478516
2.189413070678711
2.063347578048706
2.0454788208007812
2.30625581741333
2.2655842304229736
2.370565891265869
2.026942253112793
2.308504343032837
2.149517774581909
2.2295711040496826
2.2400736808776855
2.134868621826172
2.225759744644165
2.352231025695801
2.2016966342926025
2.0443601608276367
2.702590227127075
2.5300445556640625
2.1153602600097656
2.2501235008239746
2.387615919113159
2.252490997314453
2.331186056137085
2.242102861404419
2.174948215484619
1.9519593715667725
1.859601378440857
2.174347162246704
1.9372377395629883
2.0997560024261475
1.9043091535568237
2.401641368865967
2.5037577152252197
2.352444648742676
2.1207146644592285
2.266892910003662
2.2405595779418945
2.135653257369995
2.206392526626587
2.0548956394195557
1.8615561723709106
2.0956435203552246
2.2282426357269287
2.18587327003479
2.0040924549102783
2.2351222038269043
2.0965113639831543
2.036076307296753
2.25870680809021
2.0597312450408936
2.08711838722229
2.337831974029541
2.3391337394714355
1.8377472162246704
2.233008623123169
2.13280987739563
2.317415952682495
1.9735409021377563
1.997878909111023
1.5763492584228516
2.037630558013916
2.08493971824646
2.121818780899048
2.0243775844573975
2.205570936203003
2.0798537731170654
1.858405590057373
2.1934571266174316
2.1581647396087646
2.2907164096832275
2.195716142654419
2.0780203342437744
1.815016508102417
2.105901002883911
2.3400509357452393
2.2006709575653076
1.9243128299713135
2.1547317504882812
2.27321457862854
2.2018203735351562
2.2758007049560547
2.1332414150238037
2.1687679290771484
1.979948878288269
1.9015941619873047
2.038713216781616
2.129505157470703
2.0474042892456055
1.9090595245361328
1.9777827262878418
2.2223708629608154
2.1160147190093994
2.1473217010498047
1.966239333152771
2.175020217895508
2.020946502685547
1.9682233333587646
2.0023133754730225
1.767217993736267
2.220973253250122
2.275942802429199
2.4837350845336914
1.9720771312713623
2.0688765048980713
2.261659860610962
1.8593635559082031
1.9370081424713135
2.3428077697753906
2.2772161960601807
2.2660508155822754
2.2378053665161133
2.165775775909424
2.0959298610687256
2.210446834564209
2.1962180137634277
2.2207071781158447
2.031224012374878
1.897106647491455
2.525465965270996
2.340453863143921
2.128617286682129
1.959295392036438
1.9721245765686035
2.0732951164245605
2.1161837577819824
2.0940043926239014
2.04716420173645
2.1179051399230957
2.058917999267578
2.0897457599639893
1.9000377655029297
2.3851802349090576
2.0196375846862793
1.803545594215393
1.6806975603103638
2.052006483078003
2.0483713150024414
1.9843300580978394
1.7565529346466064
2.0214366912841797
2.001350164413452
2.3484699726104736
2.2951903343200684
2.1014416217803955
1.952913522720337
1.9473117589950562
2.1835336685180664
2.2228610515594482
1.965834379196167
2.068178176879883
1.9284937381744385
1.8442310094833374
2.2866246700286865
2.023715019226074
2.3516154289245605
2.2809548377990723
2.1872284412384033
2.1357791423797607
1.9944952726364136
1.8197880983352661
1.9174402952194214
2.0056421756744385
1.9283527135849
2.042797088623047
1.7916698455810547
2.8686203956604004
2.0091440677642822
2.0668208599090576
2.082519292831421
1.9541850090026855
1.9457697868347168
2.246461868286133
2.0719146728515625
1.879347324371338
2.1695590019226074
2.1771981716156006
2.1232059001922607
1.9882742166519165
2.198453187942505
1.687516212463379
1.8777929544448853
1.9843963384628296
2.2092413902282715
1.8450496196746826
2.049619197845459
2.0762617588043213
1.7870674133300781
1.7348403930664062
2.2728984355926514
1.8784072399139404
1.8544878959655762
1.9765421152114868
2.0366506576538086
2.097811460494995
1.862303376197815
2.0397632122039795
1.9640852212905884
1.8716301918029785
1.9403915405273438
1.8452225923538208
1.810162901878357
1.831039547920227
1.891801357269287
1.8397153615951538
2.098196506500244
1.984370231628418
2.138758897781372
1.9530233144760132
1.819276213645935
1.8923667669296265
2.342130422592163
1.9461908340454102
1.637316107749939
1.9734275341033936
2.088785409927368
1.8626915216445923
1.9558873176574707
1.9753884077072144
2.2192108631134033
2.053210973739624
1.8890997171401978
1.7542754411697388
2.0666637420654297
1.7404041290283203
1.888545036315918
1.8684381246566772
1.8319790363311768
1.9751977920532227
1.9618436098098755
2.1002180576324463
1.9103959798812866
1.8388538360595703
1.936922550201416
2.01358962059021
1.9387491941452026
2.004777669906616
1.7175467014312744
1.8073980808258057
1.8142672777175903
1.8673616647720337
1.9122546911239624
1.94424307346344
2.13931941986084
2.0459845066070557
1.9756487607955933
1.922306776046753
2.0950767993927
1.9973129034042358
2.0472161769866943
1.8214930295944214
1.7402658462524414
2.0232231616973877
2.045482635498047
2.0049808025360107
2.1144368648529053
2.047544479370117
1.7251791954040527
1.9280767440795898
1.8339228630065918
2.0249452590942383
1.9408485889434814
2.1656653881073
2.031322717666626
1.9824566841125488
2.06858491897583
1.9122793674468994
1.8536826372146606
1.9877369403839111
2.0476737022399902
2.037172794342041
2.028580665588379
2.0652079582214355
2.1590828895568848
2.032589912414551
1.447826862335205
2.0874290466308594
2.167937994003296
2.094177484512329
2.1823432445526123
1.5756531953811646
2.147871494293213
1.9834182262420654
2.021705389022827
1.8566635847091675
1.9481443166732788
1.9094640016555786
2.05810284614563
1.9780055284500122
1.997414469718933
1.9448182582855225
2.0713751316070557
1.9355837106704712
2.004229784011841
1.969295620918274
2.0566747188568115
1.8767552375793457
1.8138079643249512
2.106346845626831
1.9775855541229248
1.987094759941101
1.8660874366760254
2.0514442920684814
1.6910537481307983
1.9967374801635742
1.9411264657974243
2.0421035289764404
2.0519368648529053
1.9975378513336182
1.7859488725662231
2.0362353324890137
2.116417407989502
2.0069339275360107
1.9501084089279175
2.148638963699341
2.148435115814209
2.0921714305877686
2.08463191986084
1.7085140943527222
1.882572054862976
2.1017205715179443
2.0732250213623047
1.7781898975372314
1.8311686515808105
2.0522541999816895
1.8380858898162842
1.8144737482070923
2.1036150455474854
2.072632074356079
1.8741199970245361
2.1841490268707275
1.946676254272461
1.820466160774231
2.010484218597412
1.8625786304473877
1.8011305332183838
2.021984815597534
1.6264967918395996
1.662752628326416
2.1118268966674805
2.377026319503784
1.6758975982666016
1.9870456457138062
1.8687665462493896
2.016049861907959
1.6826891899108887
2.0047061443328857
1.8580349683761597
2.108901262283325
1.990442156791687
1.9321837425231934
1.8408797979354858
1.8702768087387085
2.023374557495117
1.696560263633728
1.8452421426773071
1.9125183820724487
1.824014663696289
1.9735760688781738
2.1662237644195557
1.8892765045166016
1.9976577758789062
1.9814317226409912
2.1213252544403076
1.4332094192504883
1.9232510328292847
1.8542064428329468
1.817359209060669
1.7199567556381226
1.6108938455581665
1.9626997709274292
1.788527011871338
1.785505771636963
1.8597773313522339
1.9964488744735718
1.8104093074798584
1.9276286363601685
1.979837417602539
2.018073081970215
1.8545982837677002
2.0473265647888184
1.8313783407211304
2.166588544845581
2.174111843109131
1.9683940410614014
1.7885507345199585
1.5894755125045776
2.0086519718170166
2.1759586334228516
2.061272144317627
1.4224272966384888
2.043712854385376
1.8447375297546387
1.9212199449539185
2.0275633335113525
2.145472526550293
2.0167620182037354
1.618512749671936
1.9175893068313599
2.1718764305114746
2.1196868419647217
2.0637104511260986
2.1110076904296875
1.6639395952224731
1.8725693225860596
2.1302647590637207
2.2165021896362305
2.0959980487823486
2.228538751602173
