29.849763870239258
30.555252075195312
28.484512329101562
29.94076156616211
30.622928619384766
28.276897430419922
29.338375091552734
29.776554107666016
28.20744514465332
27.880050659179688
30.37499237060547
27.698678970336914
27.202423095703125
28.567729949951172
28.999549865722656
31.80850601196289
27.612876892089844
30.6395206451416
30.804519653320312
29.217018127441406
31.410480499267578
31.55986213684082
29.53578758239746
32.77598190307617
31.27700424194336
28.657360076904297
29.008825302124023
30.676475524902344
28.780948638916016
26.891067504882812
29.249120712280273
30.009414672851562
27.211069107055664
29.68352699279785
28.348913192749023
28.596477508544922
31.19280433654785
31.022876739501953
29.18462371826172
29.022336959838867
27.96121597290039
28.37868881225586
29.05621337890625
29.194751739501953
29.107810974121094
27.0418643951416
28.11471176147461
31.4265079498291
26.96830940246582
28.30425262451172
27.749570846557617
27.16728401184082
28.07431411743164
28.79539680480957
27.601848602294922
27.019418716430664
26.62213897705078
26.581466674804688
27.365808486938477
27.989490509033203
27.455970764160156
26.98499870300293
26.341432571411133
27.864118576049805
26.651395797729492
27.09065818786621
27.937105178833008
28.356876373291016
27.204832077026367
27.898630142211914
28.2394962310791
29.588794708251953
28.5638484954834
30.194740295410156
30.369457244873047
30.051734924316406
30.917695999145508
30.25186538696289
28.847095489501953
30.206634521484375
31.372779846191406
32.721160888671875
32.71770095825195
31.272171020507812
32.38378143310547
32.76926040649414
32.982181549072266
31.761985778808594
32.58713912963867
33.322147369384766
31.52341079711914
32.52989959716797
35.806236267089844
34.32677459716797
34.17071533203125
35.47135925292969
35.05954360961914
34.04534912109375
34.602447509765625
32.535465240478516
34.226295471191406
33.726348876953125
33.123626708984375
32.64447784423828
33.114803314208984
32.53498840332031
29.56260108947754
32.39408493041992
29.227252960205078
31.209524154663086
29.422344207763672
28.209510803222656
25.768522262573242
26.97022247314453
26.566608428955078
24.871017456054688
27.42758560180664
25.44585418701172
24.58106803894043
23.783687591552734
25.51287269592285
24.044485092163086
24.62937355041504
24.265113830566406
23.277700424194336
23.686277389526367
23.24005699157715
23.248558044433594
23.46720314025879
23.164274215698242
23.01991081237793
24.343017578125
23.290746688842773
23.884309768676758
24.875343322753906
23.947019577026367
23.89704132080078
25.040245056152344
24.443193435668945
24.754329681396484
24.306211471557617
25.506690979003906
25.21700096130371
25.146770477294922
24.663362503051758
24.819255828857422
25.477462768554688
25.160188674926758
25.18793296813965
24.82763671875
25.51073455810547
24.87547492980957
24.88010025024414
25.629459381103516
25.566104888916016
25.070215225219727
24.479206085205078
25.629756927490234
25.27435874938965
24.577198028564453
24.92166519165039
24.189998626708984
24.606874465942383
25.284597396850586
25.221755981445312
25.773258209228516
25.023542404174805
24.478355407714844
24.960290908813477
24.429990768432617
25.030176162719727
25.23314666748047
25.374380111694336
24.554439544677734
25.326271057128906
25.375093460083008
24.84856605529785
25.962900161743164
25.29294776916504
24.76130485534668
26.167070388793945
25.792556762695312
25.38709259033203
26.305418014526367
25.28999137878418
25.332822799682617
25.774093627929688
25.50604820251465
26.21554946899414
26.405031204223633
26.467668533325195
25.901981353759766
25.800626754760742
26.332277297973633
26.362295150756836
27.019086837768555
26.497596740722656
27.440034866333008
26.90956687927246
26.91006088256836
27.243770599365234
26.691242218017578
26.902212142944336
27.566272735595703
27.897706985473633
27.37480354309082
27.620180130004883
28.37889862060547
28.813138961791992
28.157442092895508
26.73203468322754
28.116527557373047
27.887815475463867
27.679035186767578
27.41275978088379
27.84228515625
27.239931106567383
27.4112606048584
27.896137237548828
27.663299560546875
28.468700408935547
27.877822875976562
28.657974243164062
27.606033325195312
27.796586990356445
27.66750717163086
27.215715408325195
28.605005264282227
27.948719024658203
27.918834686279297
28.439741134643555
28.035852432250977
27.497949600219727
27.041061401367188
28.053131103515625
27.65435791015625
27.420944213867188
27.51009178161621
27.404592514038086
27.134294509887695
27.687509536743164
27.915260314941406
27.562957763671875
27.528684616088867
28.34327507019043
28.01494789123535
28.064002990722656
27.825206756591797
28.43843650817871
29.294261932373047
28.037311553955078
27.46615219116211
28.644855499267578
28.343116760253906
27.00533103942871
27.664602279663086
28.152944564819336
27.42969512939453
28.589630126953125
26.905303955078125
27.72240447998047
28.79275894165039
28.5603084564209
28.25247573852539
28.104955673217773
28.499637603759766
27.745779037475586
28.255111694335938
28.94554901123047
28.776329040527344
28.36093521118164
28.400720596313477
28.3599910736084
28.311859130859375
28.572431564331055
29.17083740234375
28.556081771850586
28.575153350830078
28.957155227661133
29.648746490478516
28.385746002197266
29.335302352905273
28.741573333740234
30.039627075195312
29.018068313598633
29.382537841796875
29.154346466064453
29.14240074157715
29.963951110839844
28.20889663696289
29.292856216430664
29.321720123291016
29.588579177856445
29.883085250854492
29.95684814453125
29.52585220336914
29.027111053466797
29.935199737548828
30.085908889770508
30.84490966796875
29.518478393554688
29.823650360107422
29.898235321044922
30.126359939575195
30.726402282714844
29.71843910217285
30.395875930786133
29.799118041992188
32.171199798583984
28.952543258666992
30.356693267822266
30.07754135131836
29.35951805114746
29.69219970703125
29.973087310791016
30.09014892578125
29.99323272705078
29.999197006225586
29.52761459350586
29.861034393310547
30.32668685913086
30.526235580444336
30.173309326171875
30.44870948791504
29.99467658996582
29.809276580810547
30.86849594116211
30.34419822692871
29.333824157714844
29.622400283813477
29.482494354248047
29.51784896850586
29.871414184570312
29.273744583129883
29.644027709960938
30.331695556640625
30.478923797607422
30.12932586669922
31.05847930908203
30.26781463623047
30.069067001342773
30.91238021850586
29.93516731262207
29.79006004333496
30.84665298461914
30.41361427307129
30.103687286376953
30.06456756591797
31.187644958496094
31.276323318481445
30.579425811767578
29.725828170776367
29.720500946044922
29.51435661315918
29.93547821044922
30.873220443725586
29.412105560302734
30.325054168701172
29.923051834106445
29.924448013305664
30.1607723236084
30.409883499145508
30.078548431396484
30.400243759155273
29.017507553100586
30.001235961914062
30.549072265625
29.7874813079834
30.144100189208984
30.38680648803711
29.812973022460938
29.58828353881836
29.530683517456055
30.20463752746582
30.549482345581055
29.77791404724121
29.766916275024414
30.49795913696289
30.804725646972656
28.922771453857422
30.493188858032227
29.80991554260254
30.200326919555664
30.114299774169922
31.154897689819336
31.1964111328125
30.105541229248047
30.32461929321289
30.59915542602539
29.982770919799805
30.254840850830078
30.207361221313477
29.865955352783203
29.960960388183594
30.759384155273438
30.19385528564453
29.845645904541016
30.298744201660156
30.018110275268555
30.549175262451172
30.104351043701172
30.589344024658203
29.613773345947266
30.340906143188477
30.41673469543457
30.669538497924805
30.047746658325195
30.497995376586914
31.055341720581055
28.999475479125977
30.629045486450195
30.680463790893555
29.91643714904785
30.30634117126465
30.790252685546875
30.124731063842773
29.6817684173584
30.59830093383789
30.515058517456055
30.714736938476562
30.938119888305664
29.95081329345703
30.766054153442383
30.58183479309082
30.738489151000977
30.74395179748535
30.13018798828125
30.555255889892578
30.294099807739258
30.192140579223633
31.150318145751953
31.091350555419922
30.32145881652832
31.25012969970703
31.336252212524414
30.67825698852539
31.15727996826172
30.941776275634766
30.390838623046875
30.791540145874023
30.3468017578125
31.0489559173584
30.928577423095703
31.156505584716797
31.106943130493164
30.756505966186523
30.868257522583008
30.89116096496582
30.75310516357422
31.492942810058594
31.306730270385742
30.641666412353516
30.950401306152344
30.67677116394043
30.709047317504883
29.738191604614258
31.325910568237305
31.548864364624023
29.708728790283203
30.542236328125
31.280960083007812
30.6693115234375
30.80741310119629
31.04690933227539
31.795894622802734
30.705883026123047
31.04283905029297
31.13801383972168
30.467342376708984
30.756139755249023
31.752042770385742
31.189992904663086
31.228416442871094
30.450014114379883
31.6805362701416
31.0365047454834
29.55081558227539
31.93865394592285
31.211265563964844
30.494613647460938
29.943023681640625
31.878787994384766
31.536266326904297
30.5747127532959
30.87419319152832
29.55355453491211
30.605091094970703
30.394775390625
30.776992797851562
30.785585403442383
30.63808822631836
30.785871505737305
31.89236831665039
31.045032501220703
30.706472396850586
31.25160026550293
30.005128860473633
30.991186141967773
30.80959129333496
30.835264205932617
31.31300163269043
30.766695022583008
30.77663230895996
31.199905395507812
31.97273063659668
29.656734466552734
30.348590850830078
30.909305572509766
30.323078155517578
30.93408203125
30.758760452270508
30.183168411254883
31.184646606445312
31.217615127563477
30.558279037475586
30.354055404663086
31.441112518310547
30.27265167236328
30.426055908203125
30.558347702026367
30.25531578063965
30.549623489379883
30.165937423706055
30.746049880981445
31.027299880981445
30.607885360717773
31.13994026184082
30.423227310180664
31.14777374267578
30.93568229675293
30.609310150146484
31.26490592956543
30.703187942504883
30.829498291015625
30.97130584716797
29.818689346313477
30.60451316833496
30.09475326538086
30.94500732421875
29.879146575927734
30.705810546875
30.9919490814209
31.120830535888672
30.807859420776367
29.656021118164062
31.3315372467041
30.587242126464844
31.39873504638672
30.31218910217285
30.993209838867188
29.925321578979492
30.634143829345703
30.23974609375
31.16567611694336
30.392690658569336
30.224288940429688
30.264795303344727
30.12018585205078
30.659137725830078
30.86650276184082
30.852684020996094
30.739383697509766
30.32977294921875
30.888870239257812
31.325407028198242
30.80918312072754
30.76869773864746
30.523345947265625
29.5334529876709
31.73613166809082
30.479129791259766
30.61806297302246
31.294178009033203
30.98967933654785
30.125385284423828
30.865352630615234
31.636728286743164
31.328880310058594
30.175447463989258
30.3378963470459
31.19802474975586
30.189847946166992
31.014150619506836
30.576093673706055
30.037782669067383
31.15809440612793
29.529552459716797
31.233522415161133
30.42367172241211
29.75696563720703
31.531200408935547
31.080211639404297
30.62539291381836
30.096609115600586
30.664594650268555
31.326560974121094
29.9381046295166
30.89908790588379
31.13697052001953
30.938007354736328
30.905704498291016
31.355510711669922
30.835865020751953
30.61031150817871
31.08455467224121
30.59823989868164
30.64824104309082
31.29885482788086
30.544889450073242
30.809255599975586
30.65755844116211
30.871828079223633
29.838146209716797
31.152231216430664
30.476543426513672
31.591373443603516
30.446691513061523
31.744735717773438
30.778928756713867
31.057571411132812
31.1501522064209
30.845111846923828
31.438396453857422
30.44194221496582
30.630754470825195
30.94532012939453
31.476072311401367
30.074119567871094
31.011404037475586
30.65216636657715
31.17121124267578
30.230810165405273
30.952064514160156
30.719091415405273
29.99679946899414
30.138328552246094
30.766197204589844
30.580429077148438
29.95074462890625
31.544509887695312
30.749004364013672
29.54083251953125
30.518352508544922
30.238527297973633
31.261924743652344
30.182937622070312
30.68511199951172
31.115097045898438
30.813819885253906
29.893291473388672
30.01971435546875
31.126449584960938
29.939714431762695
30.412424087524414
30.42056655883789
30.598041534423828
30.369159698486328
30.344074249267578
30.391592025756836
29.764135360717773
30.282222747802734
30.476552963256836
30.542497634887695
30.799650192260742
30.181867599487305
30.92477798461914
30.539474487304688
30.264394760131836
31.161102294921875
30.361135482788086
30.883607864379883
30.058349609375
30.490272521972656
30.225067138671875
30.32843589782715
30.552392959594727
30.69904136657715
30.487289428710938
30.664798736572266
31.377613067626953
30.43517303466797
31.15435791015625
30.187562942504883
30.777801513671875
30.910572052001953
30.860061645507812
30.95397186279297
29.649755477905273
31.82965660095215
30.656810760498047
31.040096282958984
31.06719970703125
30.30431365966797
30.56171417236328
31.035362243652344
30.967893600463867
29.577037811279297
30.484790802001953
30.803478240966797
30.631444931030273
30.366363525390625
30.55286979675293
31.739553451538086
30.804264068603516
30.73099136352539
30.907968521118164
30.76658821105957
31.034006118774414
29.76129150390625
30.959449768066406
29.685550689697266
31.167743682861328
30.56635856628418
30.59861183166504
29.376113891601562
31.297090530395508
29.687511444091797
30.360626220703125
30.3969669342041
30.528274536132812
30.651453018188477
30.005144119262695
31.04383087158203
29.352375030517578
30.87320899963379
30.255699157714844
30.4117431640625
31.75993537902832
30.031599044799805
31.084144592285156
31.24837303161621
30.53542137145996
29.59752082824707
29.992162704467773
30.32151222229004
30.768959045410156
30.5001277923584
30.564311981201172
30.63774299621582
31.266740798950195
30.58806610107422
31.35142707824707
30.995576858520508
30.947816848754883
31.383527755737305
31.165868759155273
29.897127151489258
30.685707092285156
30.71324348449707
30.878292083740234
29.750553131103516
30.412151336669922
29.050376892089844
29.76163673400879
30.908559799194336
30.615726470947266
30.83517074584961
29.678625106811523
31.27057456970215
29.655210494995117
30.689741134643555
30.168794631958008
30.31022071838379
30.318086624145508
31.116283416748047
30.79557991027832
30.616451263427734
31.005672454833984
30.434579849243164
31.365093231201172
30.405881881713867
30.206724166870117
30.53542137145996
29.80293083190918
29.1179256439209
30.58851432800293
30.973920822143555
30.326448440551758
30.694561004638672
30.64099884033203
30.239852905273438
31.5665340423584
31.235519409179688
30.893404006958008
30.870834350585938
29.407073974609375
31.029939651489258
29.89633560180664
30.58544158935547
31.069419860839844
30.3721981048584
30.91315269470215
31.059879302978516
30.048038482666016
30.715970993041992
30.74578094482422
30.576284408569336
29.624897003173828
30.07584571838379
30.186424255371094
30.30718421936035
30.467308044433594
30.375659942626953
31.45219612121582
30.625688552856445
30.23354148864746
30.84840202331543
30.324644088745117
30.49744987487793
30.41919708251953
30.561660766601562
30.45039176940918
29.77960205078125
30.549591064453125
30.937349319458008
29.88728904724121
31.282920837402344
29.47697639465332
31.07601547241211
30.849145889282227
30.516164779663086
30.678298950195312
30.58647346496582
31.206851959228516
30.886423110961914
30.5341796875
29.93318748474121
30.545686721801758
30.486846923828125
30.208520889282227
30.733640670776367
30.51401138305664
30.33114242553711
30.083580017089844
30.83759880065918
29.82140350341797
30.711450576782227
30.43285369873047
30.450458526611328
30.469907760620117
30.301681518554688
30.778493881225586
31.405437469482422
30.967426300048828
30.36464500427246
31.147174835205078
30.84542465209961
31.089893341064453
30.490121841430664
30.90982437133789
30.500913619995117
30.289661407470703
30.706371307373047
30.63277244567871
30.531509399414062
30.44206428527832
30.63907814025879
30.672889709472656
31.31287956237793
30.314104080200195
30.944868087768555
30.44780158996582
30.491010665893555
30.820690155029297
30.512943267822266
30.469303131103516
30.861547470092773
30.384967803955078
29.37711524963379
31.549110412597656
30.344064712524414
30.745046615600586
31.02876853942871
30.40641975402832
30.703754425048828
31.0638370513916
31.22452163696289
30.137386322021484
30.279499053955078
30.16568946838379
30.51567840576172
29.9811954498291
30.742019653320312
30.07143211364746
30.223127365112305
30.66802215576172
30.467084884643555
30.636507034301758
29.876739501953125
30.307373046875
30.772445678710938
30.622276306152344
30.18916893005371
28.701753616333008
30.687057495117188
31.125045776367188
30.918514251708984
30.101289749145508
30.375898361206055
30.833892822265625
30.29826545715332
30.81243133544922
31.1876220703125
31.305500030517578
31.163785934448242
30.253978729248047
29.089502334594727
31.06387710571289
31.61870765686035
31.074018478393555
29.87181282043457
30.885990142822266
30.261693954467773
30.684322357177734
30.73674201965332
30.744836807250977
30.220014572143555
30.43783187866211
29.02863311767578
30.669076919555664
30.794530868530273
29.86150360107422
30.3197078704834
30.510387420654297
29.402149200439453
30.899335861206055
32.34941482543945
