227.59072875976562
220.02011108398438
224.53448486328125
224.3782196044922
226.89515686035156
226.40695190429688
220.9666290283203
224.92044067382812
225.28048706054688
224.6570587158203
224.14645385742188
223.5676727294922
226.30108642578125
224.63694763183594
224.61227416992188
232.04075622558594
221.694580078125
225.48947143554688
224.8365936279297
226.38034057617188
228.57666015625
227.88369750976562
219.83908081054688
226.98843383789062
222.38546752929688
222.8053436279297
221.7733917236328
215.7799835205078
216.2981719970703
229.0338897705078
222.482421875
220.8618927001953
225.32272338867188
223.61521911621094
222.01112365722656
218.1609649658203
223.31871032714844
226.3439483642578
224.53781127929688
222.837890625
222.02099609375
220.83677673339844
219.05357360839844
219.8342742919922
224.41453552246094
223.96914672851562
223.4775848388672
226.1715087890625
219.6075897216797
220.6398162841797
222.32269287109375
221.1606903076172
222.363525390625
225.2466583251953
229.29933166503906
221.9225616455078
218.57400512695312
226.28407287597656
224.2115020751953
224.7325897216797
225.87167358398438
225.22531127929688
222.7894287109375
219.1692352294922
220.4136199951172
221.24380493164062
219.51968383789062
225.95257568359375
224.27981567382812
219.82054138183594
220.56263732910156
220.826416015625
217.8380584716797
227.81539916992188
221.5843963623047
223.99330139160156
221.44688415527344
215.92263793945312
219.27796936035156
226.37591552734375
220.28695678710938
224.37864685058594
223.31895446777344
218.049560546875
225.03944396972656
216.1416473388672
220.4326934814453
222.51841735839844
220.72621154785156
219.8872833251953
220.26727294921875
217.4713134765625
223.34605407714844
219.32969665527344
218.86746215820312
222.53912353515625
225.08543395996094
219.5004119873047
220.8703155517578
213.57992553710938
224.0370330810547
220.03744506835938
220.39259338378906
217.5392303466797
223.02297973632812
220.70440673828125
214.39251708984375
219.77008056640625
217.03599548339844
223.66262817382812
222.39730834960938
214.58868408203125
209.81275939941406
214.53639221191406
215.3306427001953
203.61514282226562
214.47885131835938
218.21148681640625
218.1678009033203
211.53274536132812
219.36199951171875
215.5113067626953
212.60877990722656
218.63905334472656
214.74603271484375
214.83380126953125
210.36180114746094
211.10452270507812
215.47303771972656
216.6973114013672
212.80821228027344
219.72227478027344
212.76754760742188
212.71482849121094
216.7130126953125
209.1796417236328
211.21778869628906
213.07586669921875
207.86338806152344
212.32064819335938
206.18914794921875
215.50634765625
216.482421875
215.72727966308594
209.13983154296875
207.20468139648438
208.7819061279297
214.01832580566406
211.06459045410156
202.43191528320312
207.70367431640625
213.0073699951172
210.41310119628906
212.65371704101562
208.14212036132812
211.05029296875
206.1638641357422
214.7157440185547
212.42913818359375
206.45904541015625
208.29693603515625
203.59971618652344
207.2333984375
210.34060668945312
207.14450073242188
210.76959228515625
210.00521850585938
210.6134033203125
205.1857452392578
208.04190063476562
214.908203125
205.0351104736328
209.41470336914062
202.89247131347656
212.18931579589844
214.74636840820312
205.0679168701172
212.5211181640625
210.71746826171875
204.1724395751953
212.04580688476562
206.9190216064453
206.68910217285156
208.88336181640625
209.9789581298828
203.21514892578125
207.43128967285156
199.501708984375
210.6085662841797
207.97976684570312
214.2762908935547
204.83702087402344
203.02574157714844
204.9275665283203
208.28831481933594
207.0190887451172
206.43853759765625
209.9871063232422
201.41041564941406
206.15597534179688
203.42723083496094
197.42440795898438
200.8047637939453
201.14080810546875
204.79177856445312
196.2668914794922
201.10296630859375
203.5576171875
204.14361572265625
202.471923828125
198.74484252929688
204.7290802001953
204.353515625
204.6382598876953
203.9075927734375
208.16510009765625
200.17877197265625
198.57322692871094
208.06155395507812
201.15969848632812
206.4161834716797
207.73985290527344
199.4268035888672
200.47198486328125
199.71458435058594
203.24224853515625
195.9882049560547
209.51992797851562
198.91436767578125
199.70852661132812
200.1615753173828
203.78549194335938
199.1105499267578
194.7660675048828
204.01480102539062
203.03302001953125
200.67872619628906
200.0777587890625
200.11546325683594
192.48458862304688
198.7429962158203
197.71249389648438
196.0014190673828
193.06101989746094
202.0002899169922
200.003662109375
197.1610870361328
198.91668701171875
202.04014587402344
201.0336151123047
199.1120147705078
193.8497772216797
200.0300750732422
199.4168701171875
191.36282348632812
196.47763061523438
197.41058349609375
189.2266845703125
198.3531951904297
187.50924682617188
195.7396240234375
196.964599609375
190.8780975341797
194.37388610839844
193.56463623046875
197.5929412841797
192.1560821533203
193.7844696044922
195.20962524414062
195.06260681152344
195.73155212402344
193.6885223388672
193.81101989746094
191.88739013671875
189.5103759765625
197.51145935058594
192.51898193359375
191.25770568847656
191.57424926757812
197.63710021972656
185.46820068359375
196.6590118408203
189.32156372070312
194.2850799560547
193.81089782714844
194.99159240722656
191.8919677734375
195.23141479492188
193.4925994873047
185.584716796875
190.7237548828125
192.7210235595703
193.80238342285156
192.92001342773438
194.4426727294922
189.98939514160156
189.4407958984375
196.327880859375
194.14674377441406
196.70236206054688
189.80093383789062
190.0262451171875
187.93478393554688
188.80844116210938
191.55372619628906
189.75440979003906
191.5367431640625
187.45223999023438
191.23593139648438
184.8028106689453
189.82791137695312
192.5770263671875
186.12998962402344
186.50772094726562
186.51248168945312
189.62969970703125
189.6236572265625
190.71990966796875
189.9571533203125
188.6215362548828
189.62677001953125
186.2401580810547
189.17259216308594
191.28759765625
186.275146484375
186.76522827148438
188.47605895996094
186.22698974609375
183.68478393554688
184.75677490234375
180.5524139404297
180.4499053955078
182.35177612304688
183.1520233154297
181.17129516601562
188.2521209716797
180.6429901123047
185.72874450683594
185.6942901611328
186.89431762695312
185.68052673339844
185.38455200195312
185.94100952148438
184.67327880859375
187.00367736816406
191.11880493164062
184.3300323486328
183.56863403320312
186.64259338378906
191.9333038330078
186.56494140625
182.87339782714844
181.40086364746094
182.05007934570312
185.79129028320312
187.5214385986328
182.03712463378906
181.91912841796875
181.54739379882812
180.71575927734375
183.69839477539062
183.79042053222656
185.68226623535156
184.4654541015625
170.74510192871094
182.221923828125
186.32774353027344
179.7943878173828
181.12977600097656
180.90316772460938
181.63314819335938
179.8500518798828
175.31475830078125
180.53367614746094
184.1592254638672
177.5255126953125
178.54830932617188
183.77603149414062
185.6431884765625
173.013916015625
182.20278930664062
178.75453186035156
180.32386779785156
182.6882781982422
189.94027709960938
180.0065155029297
182.319091796875
176.79916381835938
181.35641479492188
175.34158325195312
181.4102783203125
178.36585998535156
179.81072998046875
179.63096618652344
183.48728942871094
180.6374969482422
175.2181396484375
180.6258087158203
178.5170440673828
183.8719940185547
176.5045623779297
183.1881866455078
174.40594482421875
179.40744018554688
179.66787719726562
179.90505981445312
176.10789489746094
179.80361938476562
181.2621307373047
167.81594848632812
183.57078552246094
182.74118041992188
176.93728637695312
177.41342163085938
178.1048126220703
177.0819549560547
171.7410888671875
177.4889373779297
178.07106018066406
176.80934143066406
181.60336303710938
172.24838256835938
178.04647827148438
175.07264709472656
178.48880004882812
175.31077575683594
173.24183654785156
175.17982482910156
175.65469360351562
174.01170349121094
179.79898071289062
177.06797790527344
175.4499969482422
181.51565551757812
177.98483276367188
175.68270874023438
177.00433349609375
177.1611785888672
173.51405334472656
175.6710662841797
172.2925567626953
175.19796752929688
175.81399536132812
176.46719360351562
177.2386474609375
176.3634796142578
176.28297424316406
170.15951538085938
174.0113983154297
177.69607543945312
177.46095275878906
170.91375732421875
176.85464477539062
170.61306762695312
173.21327209472656
166.73080444335938
179.3173065185547
176.94825744628906
166.57168579101562
172.82745361328125
172.30499267578125
173.24176025390625
170.4523468017578
170.19793701171875
176.09011840820312
172.61697387695312
170.9953155517578
174.74952697753906
170.39305114746094
171.69842529296875
176.1744842529297
172.59381103515625
172.7303466796875
167.59193420410156
175.2177734375
171.9938201904297
164.211181640625
179.49998474121094
176.6237030029297
170.2686004638672
166.1124267578125
176.80419921875
176.78097534179688
169.72671508789062
171.44017028808594
163.34959411621094
169.54052734375
167.38235473632812
172.09095764160156
171.40074157714844
169.68531799316406
172.82701110839844
174.8104248046875
170.82493591308594
168.89739990234375
173.94825744628906
164.5828094482422
171.4286651611328
170.98654174804688
170.857666015625
169.622314453125
169.87271118164062
169.75404357910156
173.22569274902344
174.27899169921875
163.2357635498047
166.9014129638672
171.08970642089844
166.07052612304688
165.08253479003906
170.46856689453125
166.88970947265625
171.1031494140625
172.0312042236328
164.72364807128906
167.4943389892578
172.68081665039062
164.74005126953125
166.30014038085938
166.3806915283203
163.37396240234375
167.24583435058594
162.9174041748047
165.35191345214844
170.4363555908203
166.48524475097656
171.293212890625
166.8133087158203
168.44956970214844
164.07164001464844
163.11758422851562
167.26614379882812
167.14686584472656
163.472900390625
165.71536254882812
161.9575653076172
165.38787841796875
162.33233642578125
166.4026641845703
159.37747192382812
161.96278381347656
166.08335876464844
169.26625061035156
166.01046752929688
156.12774658203125
167.01193237304688
165.8571014404297
169.6107177734375
161.36363220214844
166.8041534423828
159.34141540527344
164.39126586914062
160.82313537597656
169.2335662841797
163.6797332763672
161.13552856445312
160.76979064941406
159.4530792236328
163.8673095703125
164.70301818847656
162.96482849121094
164.53622436523438
162.23977661132812
163.57049560546875
167.78257751464844
163.5662384033203
163.59051513671875
161.4317169189453
155.14239501953125
169.55003356933594
160.7561492919922
162.9355926513672
167.21597290039062
164.8060302734375
159.86453247070312
164.38890075683594
168.08132934570312
164.06056213378906
159.1613006591797
161.32252502441406
163.7069549560547
160.02786254882812
163.7804412841797
160.06243896484375
160.2534942626953
166.4561767578125
155.19984436035156
165.1090087890625
160.65264892578125
155.01202392578125
167.54078674316406
165.14324951171875
161.4198455810547
159.07839965820312
164.00279235839844
166.2070770263672
156.76565551757812
163.5708770751953
164.30972290039062
163.49105834960938
162.59359741210938
162.37713623046875
162.7132568359375
161.4590301513672
163.3395233154297
160.81993103027344
160.41018676757812
165.7944793701172
161.6948699951172
160.02931213378906
158.83567810058594
161.6688995361328
156.4007110595703
164.6455841064453
160.56961059570312
166.80345153808594
159.11618041992188
167.62838745117188
160.47415161132812
160.88267517089844
162.56439208984375
163.62411499023438
165.5393524169922
159.23300170898438
160.25588989257812
161.70603942871094
164.19129943847656
157.52369689941406
161.52914428710938
160.3011474609375
162.82606506347656
157.58358764648438
160.86257934570312
160.6660919189453
156.4757843017578
156.70932006835938
161.78433227539062
160.53196716308594
155.6851348876953
163.26856994628906
158.63710021972656
152.98403930664062
157.7324676513672
156.39495849609375
162.48245239257812
157.38104248046875
161.1632843017578
160.73779296875
160.38995361328125
156.757080078125
154.59823608398438
160.8419189453125
155.62969970703125
157.1178741455078
157.68589782714844
157.67474365234375
156.68338012695312
156.74505615234375
157.43923950195312
154.92666625976562
157.2851104736328
159.00213623046875
157.70877075195312
158.96083068847656
156.50563049316406
160.14305114746094
157.1309814453125
154.7613067626953
159.93731689453125
157.54368591308594
160.05055236816406
155.05972290039062
158.4149627685547
154.96115112304688
157.33958435058594
156.60987854003906
158.09364318847656
157.5310821533203
158.8162841796875
160.1342010498047
158.50450134277344
161.43211364746094
154.14869689941406
158.5888671875
159.3207550048828
159.9862518310547
159.22515869140625
152.28640747070312
166.28961181640625
157.12030029296875
161.45278930664062
160.7675323486328
156.28005981445312
156.80502319335938
159.75572204589844
159.54737854003906
150.51112365722656
157.19798278808594
158.3380584716797
157.38597106933594
157.05899047851562
156.70228576660156
161.73861694335938
158.1539306640625
158.49842834472656
159.25994873046875
157.9088134765625
157.3238067626953
153.25132751464844
158.36392211914062
152.28016662597656
160.65557861328125
156.77951049804688
158.39402770996094
149.53697204589844
159.40255737304688
150.23780822753906
153.57199096679688
154.6361541748047
155.8731231689453
156.1912078857422
152.3111114501953
158.97828674316406
148.59400939941406
157.8427734375
155.50039672851562
156.32308959960938
160.82838439941406
152.85247802734375
158.8335723876953
159.45425415039062
156.79783630371094
151.6035919189453
151.69444274902344
155.2417755126953
155.59422302246094
155.99464416503906
153.29527282714844
157.7408905029297
159.6595916748047
155.85276794433594
159.95849609375
157.5854034423828
157.80540466308594
158.5106964111328
158.8121795654297
152.1503143310547
156.92086791992188
155.99049377441406
157.16893005371094
151.19686889648438
154.4942169189453
146.7052764892578
150.81883239746094
158.43016052246094
155.81707763671875
158.31210327148438
150.1921844482422
159.6056671142578
149.8794708251953
154.7480010986328
154.397705078125
153.53382873535156
153.9666290283203
157.81399536132812
155.39756774902344
152.12339782714844
157.83383178710938
154.2184295654297
158.01646423339844
154.3907470703125
154.18882751464844
153.56900024414062
150.86053466796875
145.93702697753906
153.56105041503906
158.4722900390625
152.95773315429688
155.50686645507812
154.8247528076172
153.86952209472656
157.1335906982422
156.91822814941406
156.76092529296875
157.8209991455078
149.96644592285156
159.9609375
151.77658081054688
153.50437927246094
156.071044921875
154.12063598632812
157.0184326171875
158.0935821533203
151.9065704345703
155.1085968017578
156.48068237304688
154.18858337402344
150.1947021484375
151.82904052734375
152.12353515625
152.7726287841797
154.2356414794922
154.4564208984375
156.31690979003906
154.28823852539062
151.920166015625
156.4244384765625
153.0019989013672
153.4018096923828
152.5189666748047
154.70501708984375
155.75399780273438
148.74710083007812
154.3265838623047
156.12258911132812
150.8098602294922
157.73849487304688
150.70912170410156
154.54795837402344
157.41299438476562
153.08200073242188
152.26731872558594
154.63433837890625
158.35414123535156
155.26809692382812
153.46414184570312
152.37559509277344
154.3137969970703
154.79202270507812
153.33006286621094
155.44754028320312
156.07762145996094
151.6443328857422
152.16213989257812
155.00274658203125
149.16470336914062
154.89199829101562
152.17898559570312
153.86798095703125
151.74400329589844
151.75833129882812
155.73753356933594
158.01046752929688
156.97279357910156
149.24301147460938
156.95004272460938
153.92343139648438
158.61044311523438
152.70986938476562
155.52748107910156
154.69505310058594
153.42486572265625
154.05032348632812
154.04103088378906
153.76080322265625
151.14041137695312
154.96676635742188
154.52542114257812
155.82791137695312
149.78135681152344
153.826171875
153.18035888671875
154.28936767578125
155.74522399902344
154.76698303222656
153.3511199951172
154.19664001464844
150.20762634277344
148.22100830078125
156.71641540527344
151.5680389404297
155.04832458496094
154.7259063720703
152.87432861328125
154.24777221679688
155.87680053710938
156.4578857421875
149.60777282714844
152.63815307617188
149.2611083984375
152.0143280029297
149.87562561035156
153.46827697753906
151.26910400390625
151.6027374267578
153.73822021484375
152.0635223388672
150.95132446289062
149.00787353515625
151.6691436767578
155.2639923095703
154.85174560546875
149.8943634033203
143.73919677734375
152.53530883789062
155.73057556152344
154.34107971191406
151.33763122558594
150.04946899414062
152.1481170654297
151.6255645751953
153.23927307128906
156.9646759033203
157.58128356933594
155.37686157226562
150.23367309570312
142.2301788330078
153.55859375
156.4923095703125
154.55111694335938
148.73159790039062
153.56414794921875
151.334228515625
151.5701141357422
154.0545196533203
153.01393127441406
151.2310333251953
151.33802795410156
145.1074981689453
153.64340209960938
152.71807861328125
149.48208618164062
152.03057861328125
151.67166137695312
146.1335906982422
154.1559295654297
156.31988525390625
