234.1310577392578
219.23834228515625
227.54415893554688
227.02520751953125
230.241455078125
222.80206298828125
220.04441833496094
238.7499237060547
221.16514587402344
215.2646484375
219.09661865234375
225.93402099609375
214.9574432373047
229.4253692626953
210.944091796875
223.8251190185547
228.06729125976562
200.67486572265625
226.0173797607422
240.5261688232422
232.32394409179688
227.14939880371094
219.44528198242188
221.25241088867188
210.12184143066406
234.00311279296875
220.43675231933594
220.19033813476562
236.6576690673828
225.94168090820312
219.88177490234375
227.0412139892578
214.9739990234375
238.12124633789062
233.4841766357422
218.23696899414062
231.64175415039062
225.86192321777344
224.6254119873047
226.04519653320312
228.54600524902344
203.1533660888672
235.30380249023438
227.2572784423828
218.96763610839844
236.82127380371094
230.79652404785156
226.74838256835938
212.13623046875
236.41502380371094
216.28761291503906
209.86019897460938
227.65994262695312
226.9470977783203
210.21658325195312
224.56700134277344
221.53919982910156
219.19677734375
226.6737060546875
232.3654022216797
214.75706481933594
218.89862060546875
236.62411499023438
223.82000732421875
224.90882873535156
227.0163116455078
211.2816619873047
233.01487731933594
217.0940704345703
229.07972717285156
225.51055908203125
227.6332550048828
210.3987579345703
222.2829132080078
220.56936645507812
231.43722534179688
223.5694122314453
230.34104919433594
229.63934326171875
220.4172821044922
227.0946502685547
222.23338317871094
217.47520446777344
234.6608428955078
217.3504180908203
222.52960205078125
224.46218872070312
217.54635620117188
231.59384155273438
207.3538818359375
216.4586944580078
224.5937042236328
232.42124938964844
214.99887084960938
232.1488494873047
216.32089233398438
228.5233154296875
228.359619140625
228.78370666503906
229.69761657714844
212.9320068359375
222.7051544189453
221.81869506835938
222.5666961669922
225.83203125
222.6709442138672
221.05030822753906
221.7886962890625
231.11830139160156
211.09031677246094
229.167724609375
216.68844604492188
219.4673614501953
228.84310913085938
226.08316040039062
229.65895080566406
215.33351135253906
228.46681213378906
218.5514678955078
209.8292999267578
226.34121704101562
247.080810546875
225.5216827392578
225.1898956298828
223.36907958984375
236.96905517578125
218.12704467773438
230.70858764648438
206.43939208984375
221.5491943359375
209.43170166015625
225.96356201171875
206.74951171875
222.5599365234375
215.21534729003906
236.80650329589844
221.00311279296875
233.10238647460938
227.08119201660156
220.06430053710938
224.04147338867188
225.64425659179688
217.1931610107422
204.37022399902344
203.5469512939453
214.8184814453125
225.95693969726562
210.435791015625
226.7897491455078
233.8836669921875
211.4167022705078
232.55172729492188
211.36705017089844
221.20217895507812
241.23167419433594
212.09535217285156
217.8878631591797
215.68472290039062
218.7653350830078
229.94723510742188
217.164794921875
225.7284698486328
212.0771484375
213.62765502929688
216.99147033691406
229.20333862304688
235.51495361328125
231.5030975341797
212.92340087890625
219.150634765625
224.8907012939453
225.50277709960938
217.0249481201172
228.80494689941406
216.89614868164062
222.48013305664062
206.173095703125
205.2682647705078
211.44195556640625
217.60740661621094
217.44981384277344
211.69105529785156
213.79592895507812
215.3998565673828
211.08946228027344
225.03330993652344
221.21469116210938
218.50308227539062
231.6787567138672
208.9729461669922
211.83071899414062
223.06419372558594
220.3672332763672
231.8628387451172
224.00909423828125
218.2332305908203
193.60189819335938
207.1462860107422
205.11090087890625
208.91238403320312
221.28244018554688
206.93133544921875
196.8534698486328
215.98077392578125
227.6570281982422
210.6042022705078
214.06288146972656
212.40139770507812
211.328857421875
198.816162109375
228.4182586669922
203.68153381347656
223.1020050048828
215.1239776611328
226.0980224609375
186.99925231933594
216.82183837890625
193.162109375
206.73080444335938
218.85797119140625
223.16392517089844
210.7307586669922
168.8247528076172
206.46517944335938
219.35691833496094
217.7062225341797
172.40269470214844
203.75540161132812
198.37384033203125
214.5146942138672
205.16758728027344
211.2402801513672
208.1602020263672
223.7411346435547
228.9171600341797
209.49441528320312
213.5411376953125
212.39329528808594
212.09622192382812
227.3743133544922
218.00672912597656
216.7112274169922
210.55650329589844
229.7143096923828
187.9725799560547
189.40164184570312
219.7414093017578
210.29734802246094
216.324462890625
209.7761688232422
234.24261474609375
203.10693359375
213.84812927246094
214.0580291748047
205.67286682128906
167.29962158203125
201.19664001464844
216.2331085205078
202.8628692626953
207.62210083007812
221.33596801757812
211.8455810546875
224.14846801757812
205.12997436523438
208.26629638671875
216.1471405029297
199.5500030517578
203.5076446533203
214.92359924316406
208.02841186523438
209.80230712890625
211.6271209716797
196.75344848632812
223.7278594970703
195.01113891601562
219.4815673828125
222.586669921875
186.61920166015625
213.9912567138672
196.73980712890625
200.80398559570312
207.31439208984375
187.3306427001953
197.80197143554688
212.61886596679688
204.30291748046875
198.76153564453125
208.1080322265625
202.84896850585938
207.9849853515625
198.6117706298828
194.3008270263672
207.0568389892578
208.06591796875
217.5648651123047
214.2890167236328
216.4239959716797
211.11849975585938
218.2613525390625
192.22689819335938
214.7628936767578
203.22027587890625
208.5891571044922
202.70455932617188
185.8228759765625
211.2471923828125
207.58416748046875
207.83277893066406
200.4637451171875
209.32225036621094
208.80322265625
209.56272888183594
195.2344970703125
203.1731414794922
196.09158325195312
205.87440490722656
202.20797729492188
200.89877319335938
211.2058868408203
209.59002685546875
215.13951110839844
210.92611694335938
205.3431396484375
189.7436981201172
199.78384399414062
184.17575073242188
196.69940185546875
205.07916259765625
185.9399871826172
205.95933532714844
190.15956115722656
196.7724151611328
207.5075225830078
208.45851135253906
197.01377868652344
199.01495361328125
207.18348693847656
200.62344360351562
199.29833984375
190.512451171875
161.14122009277344
202.61761474609375
205.9748077392578
200.9004364013672
200.4781951904297
196.94859313964844
186.70706176757812
199.05262756347656
182.30508422851562
208.90419006347656
177.911865234375
217.13290405273438
192.5482635498047
212.28372192382812
195.65309143066406
198.51123046875
193.8128662109375
197.39971923828125
205.25814819335938
194.47802734375
200.11541748046875
198.28680419921875
202.45294189453125
190.44911193847656
202.3166961669922
200.51419067382812
193.1842041015625
187.47308349609375
196.41476440429688
190.43756103515625
205.97674560546875
194.25082397460938
197.431396484375
204.77639770507812
187.64517211914062
189.13702392578125
216.37994384765625
187.53805541992188
197.46018981933594
194.642578125
205.65867614746094
201.03311157226562
191.83717346191406
186.21080017089844
198.30630493164062
194.34043884277344
188.33633422851562
154.69091796875
197.3472900390625
189.68577575683594
192.3441619873047
203.75064086914062
200.01242065429688
180.8495330810547
182.7300567626953
187.16981506347656
195.71853637695312
201.93203735351562
194.1610565185547
178.8204803466797
197.7906494140625
177.55177307128906
193.6948699951172
194.685302734375
190.0263214111328
191.1194610595703
193.31861877441406
187.82156372070312
182.27261352539062
188.9042205810547
184.63487243652344
186.85250854492188
198.25125122070312
183.74658203125
190.14100646972656
194.41934204101562
188.41775512695312
194.45611572265625
150.4634552001953
188.8170166015625
203.3246612548828
190.2880859375
210.54434204101562
184.3222198486328
189.50341796875
189.73587036132812
191.66038513183594
184.0273895263672
191.26248168945312
187.70025634765625
196.26513671875
193.56320190429688
193.10377502441406
189.4215087890625
193.4754180908203
186.86294555664062
191.6218719482422
192.8728790283203
198.09072875976562
196.0900115966797
194.26881408691406
195.18238830566406
181.9951171875
182.57012939453125
171.20350646972656
186.76504516601562
186.74485778808594
183.15003967285156
178.10833740234375
182.4771728515625
188.8848876953125
183.72933959960938
184.71983337402344
173.7006072998047
174.8817596435547
181.5240478515625
180.79881286621094
179.66390991210938
193.06761169433594
187.91444396972656
184.6792755126953
193.14898681640625
187.41758728027344
185.73580932617188
162.13128662109375
179.66664123535156
176.65170288085938
182.94287109375
191.28814697265625
199.7003936767578
186.96017456054688
195.1883087158203
182.73342895507812
189.662841796875
179.2261199951172
181.67498779296875
169.45028686523438
185.09104919433594
193.22967529296875
189.5042724609375
199.88800048828125
185.53128051757812
177.84117126464844
180.87803649902344
187.1862030029297
181.87478637695312
185.73019409179688
168.32745361328125
193.9267578125
179.87733459472656
189.7077178955078
187.1314239501953
185.87969970703125
176.1510772705078
166.03248596191406
178.72727966308594
179.8336639404297
184.99362182617188
182.83538818359375
175.56442260742188
177.947509765625
158.031982421875
187.15594482421875
182.10546875
173.54336547851562
185.47259521484375
174.2303009033203
165.24549865722656
175.5390167236328
174.87628173828125
169.27081298828125
181.9011993408203
185.5308074951172
175.22865295410156
163.7115020751953
179.74038696289062
175.09591674804688
181.05514526367188
158.41871643066406
179.31414794921875
181.2919921875
179.95164489746094
171.16647338867188
176.9560089111328
183.8051300048828
168.31666564941406
167.61463928222656
165.5785369873047
159.10757446289062
184.9411163330078
185.65817260742188
179.57711791992188
166.81857299804688
178.85140991210938
153.73716735839844
167.19374084472656
174.99935913085938
183.45709228515625
168.8183135986328
187.92955017089844
167.643310546875
186.1963348388672
171.9210662841797
173.87527465820312
189.76402282714844
169.70411682128906
179.47645568847656
177.2216339111328
172.13583374023438
154.79014587402344
177.82130432128906
168.130126953125
171.0719757080078
185.628173828125
170.1609344482422
147.03173828125
183.34739685058594
160.36753845214844
176.52566528320312
160.621337890625
165.44691467285156
180.7228240966797
165.89500427246094
175.2326202392578
149.9690399169922
172.47413635253906
174.6786346435547
168.2790069580078
165.2229461669922
175.96559143066406
162.31222534179688
169.9205780029297
170.87472534179688
171.01080322265625
161.0066375732422
170.57284545898438
172.2584991455078
157.65695190429688
165.5804443359375
158.07672119140625
169.9054412841797
160.87127685546875
165.23114013671875
170.39141845703125
176.65447998046875
168.0394744873047
173.5210723876953
167.88023376464844
159.99205017089844
188.68753051757812
169.8011474609375
172.94894409179688
176.17852783203125
160.09197998046875
161.72775268554688
164.04652404785156
164.8981475830078
174.8846893310547
171.8118896484375
153.77146911621094
161.2007293701172
167.23770141601562
158.37026977539062
175.7758026123047
178.83514404296875
155.26608276367188
172.5997314453125
164.35931396484375
174.76502990722656
157.8375244140625
161.31723022460938
173.8636474609375
155.9060516357422
165.29722595214844
156.54742431640625
160.89337158203125
156.9892120361328
155.6932830810547
147.57080078125
165.22024536132812
165.79934692382812
158.1057586669922
156.55966186523438
158.99888610839844
162.8813018798828
158.9677276611328
161.83975219726562
151.94261169433594
153.7727508544922
161.16563415527344
159.0025177001953
167.0946044921875
165.80711364746094
168.47300720214844
162.1361083984375
169.00115966796875
163.62881469726562
153.8184814453125
162.05931091308594
173.082275390625
174.29298400878906
165.95034790039062
159.08456420898438
146.1548614501953
152.77769470214844
145.84205627441406
164.6816864013672
160.80992126464844
166.6641845703125
150.09719848632812
154.0960235595703
154.67001342773438
168.18125915527344
153.3439178466797
165.62896728515625
177.38369750976562
154.21034240722656
157.3084259033203
153.11154174804688
172.08395385742188
160.1722869873047
166.12570190429688
160.34507751464844
149.84622192382812
153.7328643798828
152.80210876464844
151.56527709960938
158.75645446777344
148.88421630859375
161.85092163085938
155.1365966796875
149.2940673828125
163.52565002441406
169.36907958984375
158.27249145507812
156.08700561523438
158.0205841064453
150.06234741210938
160.99656677246094
147.50933837890625
158.3383026123047
162.20147705078125
147.31674194335938
152.79556274414062
141.76742553710938
150.8290252685547
144.81192016601562
148.92005920410156
145.97927856445312
161.84532165527344
151.28265380859375
151.84344482421875
160.8314666748047
153.3201904296875
140.10272216796875
161.7224578857422
154.0520782470703
156.7775115966797
147.21258544921875
147.06260681152344
163.23684692382812
151.82919311523438
148.75582885742188
160.00856018066406
153.39981079101562
146.660400390625
147.8699188232422
148.2156524658203
143.521484375
149.2173614501953
159.4586639404297
164.0703887939453
153.3453826904297
144.49925231933594
149.5387725830078
144.47755432128906
148.82272338867188
153.74143981933594
144.07444763183594
161.97705078125
145.63638305664062
149.28274536132812
166.2487030029297
137.5511932373047
153.19175720214844
141.45326232910156
147.453369140625
151.3466339111328
141.2024688720703
146.34571838378906
130.98138427734375
155.9545135498047
147.02931213378906
148.32992553710938
143.83868408203125
154.76174926757812
140.3891143798828
152.09146118164062
155.231689453125
148.66836547851562
155.99169921875
149.42767333984375
150.3767547607422
147.922607421875
155.43069458007812
143.57550048828125
139.345947265625
151.60702514648438
149.41224670410156
145.8011474609375
145.3510284423828
142.6490020751953
135.8157196044922
156.4447784423828
146.16954040527344
145.61399841308594
139.93663024902344
145.69863891601562
140.29736328125
149.77305603027344
149.6592254638672
149.97434997558594
148.61752319335938
141.4673614501953
146.3365020751953
145.0865020751953
143.43882751464844
146.8894805908203
145.825927734375
147.735107421875
138.8506622314453
151.0630645751953
154.8588104248047
148.1659393310547
151.79214477539062
146.45028686523438
150.82911682128906
142.2123565673828
139.66525268554688
145.9459991455078
149.298095703125
145.2104949951172
134.21929931640625
136.823486328125
138.46011352539062
147.7543182373047
144.4701385498047
136.19595336914062
150.1265411376953
137.36660766601562
145.92250061035156
145.17520141601562
148.26742553710938
130.1650848388672
149.83517456054688
134.2169952392578
141.3211212158203
119.5909423828125
127.7190170288086
146.0006561279297
150.27125549316406
141.67449951171875
137.70944213867188
143.16162109375
146.72897338867188
142.73594665527344
144.7981414794922
142.338134765625
142.4146728515625
135.27252197265625
142.2526092529297
142.15928649902344
146.80067443847656
140.96017456054688
133.82130432128906
134.68861389160156
144.24681091308594
147.82569885253906
133.88400268554688
140.0605926513672
137.47216796875
135.39358520507812
137.41806030273438
137.4070281982422
129.82769775390625
137.96401977539062
133.7239990234375
148.07437133789062
128.7301025390625
148.38330078125
134.65093994140625
132.0177764892578
146.16102600097656
139.20498657226562
131.76614379882812
137.6892852783203
138.46543884277344
140.503662109375
133.2877960205078
147.70428466796875
132.53573608398438
131.1741180419922
136.0923614501953
132.50674438476562
135.0169219970703
148.81263732910156
140.0895538330078
136.95199584960938
131.47828674316406
115.7808609008789
137.8934783935547
130.62258911132812
148.9437713623047
135.92196655273438
120.1163101196289
133.72726440429688
138.95677185058594
134.6385040283203
137.65403747558594
139.7863311767578
131.8808135986328
129.53660583496094
133.184814453125
130.69326782226562
138.17855834960938
129.93841552734375
129.21861267089844
117.16340637207031
135.6464080810547
140.3157501220703
134.99305725097656
134.08860778808594
138.7657012939453
131.593017578125
140.03717041015625
136.88067626953125
132.48207092285156
137.9635009765625
126.65837860107422
140.96102905273438
131.8655548095703
138.0275421142578
134.93374633789062
141.33111572265625
130.52081298828125
127.74340057373047
132.37091064453125
135.4542694091797
130.96173095703125
124.01374816894531
127.40789031982422
132.6308135986328
131.69284057617188
130.86874389648438
122.4891128540039
127.11700439453125
130.6302490234375
116.62173461914062
126.80036163330078
125.71661376953125
139.91375732421875
129.9182586669922
123.71114349365234
102.30292510986328
121.88422393798828
130.84571838378906
132.4924774169922
121.69511413574219
122.80697631835938
123.84554290771484
136.6664581298828
121.17351531982422
121.82270812988281
137.43597412109375
131.996337890625
132.3846435546875
119.84752655029297
135.58255004882812
103.45301055908203
128.98016357421875
121.83230590820312
113.10134887695312
106.03057098388672
125.99263763427734
128.3058624267578
124.88400268554688
112.77975463867188
111.22612762451172
130.315673828125
123.52359771728516
123.56185150146484
129.3046112060547
132.180419921875
131.52745056152344
109.2287826538086
115.08137512207031
118.2438735961914
122.04540252685547
128.04518127441406
125.73011016845703
128.60174560546875
140.366943359375
123.61994934082031
124.08869934082031
119.29066467285156
129.45913696289062
124.01576232910156
125.9209976196289
127.42636108398438
126.2921142578125
127.63947296142578
121.48126220703125
121.1294174194336
124.12763977050781
112.88733673095703
123.26393127441406
122.28827667236328
119.20195770263672
117.87080383300781
122.91072082519531
124.17330932617188
123.4072265625
122.99166870117188
124.1366958618164
127.14691925048828
127.54621124267578
126.88636016845703
121.00497436523438
116.94450378417969
119.41258239746094
130.85922241210938
116.61941528320312
130.88941955566406
117.3558349609375
114.0422134399414
123.68630981445312
118.92554473876953
121.23564147949219
117.39842987060547
119.29055786132812
116.9335708618164
116.40337371826172
128.39138793945312
111.76018524169922
120.84040069580078
121.05931854248047
118.3125
122.9971923828125
114.16249084472656
122.99626159667969
124.50533294677734
129.29458618164062
122.3271713256836
127.08844757080078
133.00274658203125
117.6758041381836
119.23316955566406
115.51411437988281
114.5407485961914
104.19033813476562
115.33399963378906
121.84447479248047
126.38410186767578
115.36187744140625
116.54011535644531
116.00778198242188
120.976318359375
113.6619644165039
117.26630401611328
123.04072570800781
122.8353042602539
106.99085998535156
114.1928482055664
117.62415313720703
110.53108215332031
103.00824737548828
108.73249816894531
117.89912414550781
112.55038452148438
114.36146545410156
117.01575469970703
123.90247344970703
103.02975463867188
120.73584747314453
102.0977783203125
117.83010864257812
110.43212127685547
118.28260040283203
123.71833801269531
118.89733123779297
124.41102600097656
112.89431762695312
122.14269256591797
114.70553588867188
125.17022705078125
106.10210418701172
116.24797058105469
112.68404388427734
117.80005645751953
120.1289291381836
111.9945297241211
109.34660339355469
109.7457504272461
113.36770629882812
111.90360260009766
114.5483627319336
119.345947265625
115.67084503173828
115.5992660522461
119.33985900878906
117.82905578613281
114.7386703491211
119.77701568603516
115.62555694580078
113.78633117675781
117.00762939453125
114.21483612060547
120.34063720703125
108.94515228271484
115.95451354980469
112.32483673095703
96.28652954101562
117.49925231933594
110.5652084350586
114.84913635253906
108.82769012451172
109.34539031982422
117.03128051757812
115.33203125
112.05962371826172
105.09908294677734
109.96136474609375
116.39666748046875
108.86482238769531
116.76052856445312
108.56975555419922
111.49128723144531
115.68678283691406
113.68797302246094
112.13965606689453
113.1119384765625
97.62742614746094
115.70751190185547
102.93401336669922
112.37171936035156
93.9391860961914
112.01605224609375
116.3429946899414
109.06819915771484
101.02793884277344
110.26335906982422
105.45629119873047
104.45459747314453
111.71602630615234
112.39698028564453
112.15726470947266
109.11445617675781
108.14601135253906
108.36489868164062
110.8680419921875
111.0041275024414
107.23497009277344
109.8214111328125
105.88093566894531
105.1545639038086
113.44005584716797
104.8061294555664
112.90606689453125
99.8068618774414
95.84291076660156
109.02666473388672
102.62786865234375
110.879638671875
114.36447143554688
107.02957153320312
108.48707580566406
105.17642211914062
101.31591033935547
102.1331787109375
106.70403289794922
101.61614227294922
102.87782287597656
98.1017074584961
109.66983795166016
104.29222106933594
88.53592681884766
110.43858337402344
111.30994415283203
95.49520111083984
107.65070343017578
115.96685028076172
101.4488754272461
116.83394622802734
109.59268188476562
110.44579315185547
108.19752502441406
113.17697143554688
107.57257080078125
116.92894744873047
106.577392578125
106.81181335449219
101.81193542480469
114.73179626464844
96.08708190917969
109.5311050415039
104.84647369384766
109.4391098022461
109.7968978881836
110.70703887939453
102.66577911376953
97.53324890136719
110.22907257080078
110.47409057617188
105.77361297607422
94.95809173583984
103.72553253173828
96.1300277709961
107.22600555419922
98.64201354980469
101.1600570678711
99.71568298339844
100.62077331542969
105.91165161132812
98.77494812011719
93.76184844970703
104.10699462890625
106.57095336914062
96.97406768798828
110.7623062133789
101.88460540771484
105.00934600830078
103.08695983886719
98.87194061279297
99.39215087890625
104.21822357177734
85.5845947265625
94.53096771240234
109.24771881103516
103.9688949584961
101.44454193115234
93.20401000976562
102.14274597167969
107.30533599853516
112.34700012207031
100.52433776855469
95.40983581542969
101.96587371826172
89.68999481201172
102.23450469970703
106.52909851074219
105.03285217285156
107.67098999023438
104.54393005371094
98.32698822021484
87.97697448730469
83.23768615722656
98.79546356201172
89.59107208251953
108.16644287109375
96.61659240722656
95.89144897460938
98.77960968017578
96.1292495727539
101.45513916015625
96.6059341430664
98.13379669189453
105.96495819091797
92.74710845947266
100.81774139404297
101.043212890625
105.19161224365234
100.35747528076172
99.65784454345703
96.55231475830078
97.24695587158203
101.20072174072266
98.2666244506836
94.52796173095703
96.64644622802734
90.18539428710938
99.48562622070312
108.90111541748047
101.56837463378906
98.3812484741211
99.46051788330078
104.25067901611328
103.36018371582031
103.97428131103516
101.75508117675781
95.72354125976562
96.15118408203125
89.38465118408203
105.267822265625
99.47502136230469
98.0011215209961
92.41177368164062
92.99471282958984
88.80825805664062
100.40388488769531
92.59349822998047
94.4076919555664
90.84815216064453
99.16952514648438
95.48773956298828
99.77313995361328
100.7735824584961
101.8625717163086
97.1151351928711
101.12751770019531
86.38847351074219
79.387451171875
94.44438934326172
101.06883239746094
92.24201202392578
100.50737762451172
103.49369049072266
97.77960205078125
97.65729522705078
93.93399047851562
105.95894622802734
98.4280776977539
100.91138458251953
97.5403823852539
98.81151580810547
99.7732925415039
95.42000579833984
99.07275390625
94.9224853515625
103.27027893066406
89.92784881591797
96.48943328857422
90.43126678466797
97.66417694091797
93.70343017578125
87.60814666748047
93.81086730957031
90.67713165283203
97.84024047851562
88.97343444824219
89.79730987548828
89.91036987304688
100.04273223876953
97.46476745605469
91.7904052734375
93.63522338867188
90.4264144897461
88.40936279296875
93.58497619628906
88.96643829345703
89.7978286743164
83.87361145019531
83.30713653564453
95.97727966308594
94.7089614868164
94.59017181396484
95.39419555664062
102.11512756347656
89.54994201660156
95.71131134033203
83.4863052368164
99.2292709350586
91.3056411743164
78.94361114501953
95.93428039550781
94.31420135498047
88.85023498535156
89.53607177734375
93.84919738769531
88.43321228027344
99.30082702636719
96.23080444335938
93.52345275878906
95.32594299316406
88.41789245605469
94.72235107421875
96.03575134277344
87.43699645996094
91.6711654663086
100.47065734863281
77.41970825195312
92.29798126220703
92.9105453491211
95.64324951171875
90.89350128173828
90.12957763671875
93.91153717041016
88.54094696044922
94.04183197021484
93.28568267822266
87.40237426757812
85.80567932128906
96.01256561279297
94.21269226074219
89.73194885253906
90.39122772216797
94.5383529663086
87.17283630371094
89.42548370361328
89.02266693115234
84.576904296875
98.77970886230469
96.61221313476562
93.16350555419922
89.89311218261719
100.37030792236328
82.45935821533203
90.18456268310547
86.82616424560547
86.88951110839844
93.27201843261719
76.8265151977539
91.17617797851562
89.9703598022461
91.52547454833984
93.23948669433594
89.19754791259766
86.14886474609375
90.35140991210938
79.8380126953125
90.00196838378906
94.13304901123047
97.40560150146484
84.81710052490234
92.36560821533203
91.11209869384766
95.55834197998047
88.69658660888672
93.61392974853516
89.68292236328125
91.55741882324219
89.65027618408203
78.38805389404297
93.40715026855469
84.05106353759766
91.06766510009766
78.16493225097656
92.73330688476562
90.8879623413086
90.87434387207031
88.6945571899414
85.11915588378906
89.53669738769531
87.37161254882812
84.70945739746094
79.192138671875
76.31998443603516
98.1746597290039
83.34518432617188
82.43062591552734
86.39554595947266
85.35810852050781
90.6776123046875
83.93830108642578
92.16014099121094
86.08467864990234
92.22819519042969
89.99463653564453
89.88925170898438
85.4029769897461
93.67042541503906
84.85501861572266
94.24361419677734
89.34036254882812
87.32604217529297
86.50619506835938
92.36334228515625
95.5854721069336
89.11646270751953
86.07148742675781
77.59891510009766
81.17718505859375
77.27679443359375
96.69561767578125
82.08757019042969
93.86564636230469
87.39990997314453
88.52836608886719
78.40229034423828
87.40868377685547
91.03860473632812
87.58287811279297
93.64639282226562
84.03269958496094
96.1573715209961
81.13069915771484
92.1595458984375
87.60850524902344
88.07491302490234
83.43592071533203
91.42914581298828
84.86878967285156
86.986572265625
89.20211791992188
82.38155364990234
87.66163635253906
84.186279296875
80.72389221191406
84.24769592285156
78.29080200195312
83.01538848876953
86.16026306152344
85.02383422851562
88.48190307617188
91.98088836669922
86.15587615966797
87.03016662597656
86.93743133544922
81.70653533935547
93.88009643554688
89.85084533691406
88.76604461669922
73.2757339477539
84.77446746826172
78.15953826904297
80.4921646118164
86.98936462402344
83.68668365478516
85.21168518066406
86.64244842529297
84.49940490722656
85.66668701171875
86.85833740234375
83.81983947753906
73.36551666259766
80.96541595458984
88.78292846679688
88.15303039550781
81.7793960571289
86.49319458007812
83.52486419677734
79.2592544555664
87.37711334228516
86.01195526123047
88.9917984008789
89.65644836425781
83.27125549316406
84.6582260131836
89.11489868164062
80.85987854003906
74.26712036132812
81.63288116455078
77.65215301513672
76.49816131591797
75.18986511230469
82.6884994506836
92.39678192138672
84.4989242553711
76.9768295288086
80.0386962890625
79.1557388305664
90.1264419555664
83.3954086303711
81.8895263671875
84.2628173828125
81.58677673339844
82.22073364257812
84.31468963623047
81.7817611694336
71.73486328125
76.92638397216797
65.45153045654297
85.07581329345703
81.49571228027344
84.54437255859375
87.58586883544922
82.85879516601562
83.86585998535156
86.60140228271484
80.69926452636719
81.99911499023438
78.75130462646484
85.34728240966797
80.57533264160156
81.9473648071289
81.35301971435547
77.64208984375
80.89429473876953
84.73104095458984
85.39559936523438
81.55403137207031
83.37942504882812
89.58716583251953
83.51252746582031
79.05522155761719
82.81080627441406
87.71775817871094
84.18916320800781
85.1055679321289
78.38673400878906
83.43843078613281
84.7641372680664
72.36618041992188
82.32727813720703
80.57913970947266
81.65010070800781
74.43944549560547
69.7098388671875
82.41471099853516
75.82323455810547
80.54027557373047
79.7060546875
81.44630432128906
82.44795227050781
76.75093841552734
82.16910552978516
81.1724853515625
86.92825317382812
78.1716537475586
80.31808471679688
77.11962890625
80.43209075927734
69.95527648925781
86.0600814819336
84.22978973388672
79.84255981445312
78.3921127319336
76.68213653564453
81.98655700683594
80.16730499267578
78.34542083740234
82.83533477783203
80.31314849853516
86.73163604736328
79.305908203125
81.65467071533203
76.90065002441406
80.14094543457031
70.76790618896484
82.17081451416016
75.79560852050781
77.04976654052734
81.62376403808594
76.26403045654297
79.03864288330078
81.9849624633789
78.92666625976562
83.29302215576172
81.0533218383789
82.23313903808594
80.15458679199219
79.70340728759766
79.60237121582031
80.75817108154297
76.61842346191406
79.2123794555664
73.79608154296875
77.61978912353516
74.48370361328125
74.01368713378906
70.82918548583984
74.83997344970703
85.29042053222656
75.17982482910156
77.90310668945312
80.16996002197266
76.25008392333984
77.88273620605469
79.20989227294922
84.24463653564453
76.9974594116211
80.13926696777344
69.7384033203125
81.52359771728516
76.51780700683594
80.08228302001953
80.47601318359375
75.18377685546875
70.72489166259766
75.77588653564453
71.248291015625
68.994873046875
73.20635986328125
77.21329498291016
73.9024429321289
85.66334533691406
69.2679672241211
73.08992767333984
74.262451171875
70.65491485595703
72.45194244384766
78.58352661132812
77.76576232910156
78.2315902709961
80.69024658203125
77.64655303955078
70.02471923828125
70.11113739013672
73.78379821777344
78.7399673461914
75.96324157714844
78.50338745117188
78.07450866699219
75.8770751953125
77.04073333740234
81.14546203613281
68.73875427246094
75.25927734375
79.78289794921875
78.04707336425781
75.09955596923828
75.4668197631836
74.78356170654297
68.81929779052734
74.110595703125
77.75341796875
70.34508514404297
74.73869323730469
66.03678894042969
67.53988647460938
73.49812316894531
67.13074493408203
75.62376403808594
81.88269805908203
79.22966766357422
76.57829284667969
76.802001953125
77.1530990600586
69.20106506347656
74.67671966552734
74.60877990722656
76.55137634277344
77.66576385498047
75.80908203125
75.90328216552734
69.39329528808594
82.28732299804688
70.45056915283203
76.89994049072266
73.16996765136719
77.05322265625
77.77898406982422
77.65636444091797
68.34237670898438
78.92488861083984
75.71212768554688
76.12637329101562
74.78902435302734
68.27983093261719
81.17255401611328
75.10279083251953
68.75263977050781
75.07202911376953
66.45390319824219
78.53376770019531
72.71041870117188
76.16454315185547
73.38452911376953
72.23904418945312
78.71341705322266
73.24403381347656
75.02618408203125
80.84249877929688
73.30596923828125
72.83203125
74.43988800048828
72.49295806884766
72.55245208740234
74.63053894042969
74.74373626708984
73.65434265136719
74.42801666259766
75.52461242675781
73.31773376464844
76.16967010498047
78.07402038574219
68.62808227539062
73.21932220458984
79.85859680175781
75.06703186035156
78.73454284667969
74.77220916748047
70.23225402832031
73.7560043334961
73.87374877929688
74.8948745727539
73.70140075683594
75.52965545654297
68.85850524902344
79.9144058227539
71.8270263671875
72.94719696044922
76.0508041381836
79.86026000976562
75.2760009765625
74.96688079833984
72.29383850097656
76.11259460449219
77.8554458618164
74.8897476196289
70.81099700927734
71.91706848144531
69.54985809326172
74.4377670288086
70.36447143554688
68.69416046142578
80.37519073486328
65.27025604248047
71.60911560058594
76.21382904052734
73.94825744628906
69.12132263183594
72.49667358398438
70.37004089355469
74.13589477539062
71.90190124511719
74.78984832763672
73.22237396240234
71.38538360595703
82.12104034423828
78.91995239257812
74.97962951660156
72.98601531982422
67.01084899902344
68.91726684570312
73.4938735961914
74.52224731445312
77.31291961669922
70.59844970703125
72.43608856201172
73.02029418945312
72.40303802490234
72.44719696044922
69.32979583740234
76.28251647949219
74.44773864746094
76.58695220947266
74.5797119140625
78.24207305908203
79.40470886230469
70.91144561767578
69.01614379882812
77.12158966064453
73.60206604003906
72.48674011230469
74.33647155761719
77.16100311279297
72.89288330078125
70.59850311279297
68.93800354003906
68.29730987548828
72.82515716552734
75.36736297607422
72.55992126464844
65.13031005859375
69.10511016845703
72.86259460449219
67.47081756591797
70.67389678955078
75.64396667480469
71.13121795654297
73.94142150878906
70.86823272705078
64.77747344970703
70.4012680053711
75.20355987548828
68.08937072753906
73.18143463134766
72.38247680664062
71.32099151611328
69.82820129394531
74.21946716308594
73.36932373046875
70.92488861083984
73.0294189453125
72.53714752197266
69.79815673828125
73.92562866210938
70.86017608642578
70.84334564208984
67.70170593261719
64.30379486083984
69.48281860351562
76.33155059814453
71.72461700439453
67.14608764648438
70.4243392944336
71.61187744140625
77.77281951904297
73.04961395263672
75.60638427734375
75.8647232055664
68.89429473876953
75.14197540283203
75.37887573242188
76.54666900634766
70.57112884521484
67.29337310791016
58.41782760620117
72.86773681640625
73.57775115966797
73.14260864257812
71.2086410522461
69.55233764648438
74.56265258789062
72.22010040283203
68.79802703857422
67.58731842041016
63.3499641418457
74.45635986328125
69.50658416748047
64.92640686035156
68.70189666748047
69.05023193359375
73.1424560546875
68.71240234375
72.30084991455078
73.11326599121094
70.0273208618164
76.78036499023438
67.14476776123047
71.93323516845703
68.26887512207031
71.54827117919922
74.27156066894531
75.4406967163086
68.4065933227539
74.15863037109375
65.24664306640625
66.44892883300781
71.75749206542969
69.73543548583984
70.67129516601562
68.41358184814453
72.19469451904297
68.20699310302734
66.52913665771484
66.20537567138672
72.73198699951172
63.75440216064453
67.98921966552734
71.16969299316406
68.00544738769531
74.12946319580078
70.37149810791016
68.60919189453125
76.35526275634766
70.89839172363281
72.31877899169922
68.8946304321289
70.12464141845703
72.75886535644531
69.48977661132812
74.8432388305664
68.87468719482422
68.65623474121094
72.1428451538086
69.12983703613281
73.68181610107422
71.28748321533203
70.61863708496094
71.96731567382812
66.29364013671875
69.60059356689453
69.52992248535156
67.84998321533203
71.50703430175781
71.05950164794922
70.23259735107422
71.59552764892578
71.14260864257812
72.4384765625
64.81974029541016
67.3967056274414
69.52703094482422
65.31777954101562
71.08720397949219
70.95527648925781
70.20011901855469
71.44881439208984
66.09691619873047
70.96656799316406
69.25308227539062
67.68761444091797
69.65633392333984
71.6946029663086
50.89856719970703
72.1645736694336
63.88404846191406
71.8829345703125
67.7641372680664
70.0886001586914
67.27308654785156
73.4271011352539
69.44700622558594
60.74677276611328
67.30813598632812
71.87906646728516
69.91040802001953
59.31209182739258
66.0830078125
66.09064483642578
70.97200012207031
69.35247039794922
72.45098876953125
70.13825225830078
69.40518188476562
58.12297439575195
67.37960815429688
68.04289245605469
70.12577056884766
68.91669464111328
69.46012115478516
69.01937103271484
70.50279998779297
67.9202880859375
73.59111022949219
62.934139251708984
68.97815704345703
60.47547149658203
62.068946838378906
68.30032348632812
68.00861358642578
72.47034454345703
69.13350677490234
72.90147399902344
68.5842056274414
71.22298431396484
63.94525146484375
73.60633087158203
65.86679077148438
69.61861419677734
67.69440460205078
63.372806549072266
66.83602905273438
67.29104614257812
78.2772216796875
68.81157684326172
66.4575424194336
71.17102813720703
63.00025177001953
70.52840423583984
65.66911315917969
67.19713592529297
66.46693420410156
68.1734390258789
68.14008331298828
71.85214233398438
69.73613739013672
69.94366455078125
67.36064147949219
66.98270416259766
70.23699951171875
72.39694213867188
56.32927703857422
70.94269561767578
64.14961242675781
75.75215148925781
66.7370834350586
70.01583099365234
64.9776840209961
69.2469482421875
71.93704223632812
64.92168426513672
66.25523376464844
74.48837280273438
67.29949951171875
70.08280944824219
62.979488372802734
70.25808715820312
70.89221954345703
67.7120590209961
67.95442962646484
70.30581665039062
70.65221405029297
68.41615295410156
64.73009490966797
72.35433197021484
62.94789123535156
66.5361557006836
70.10578918457031
67.9888916015625
65.91139221191406
72.66913604736328
64.00630187988281
56.924957275390625
67.28964233398438
67.71145629882812
67.41575622558594
62.84601593017578
71.42184448242188
70.89118957519531
69.76634979248047
69.69652557373047
66.61437225341797
68.10102844238281
71.4006118774414
65.8201904296875
68.9944839477539
68.42280578613281
66.38001251220703
70.95014953613281
64.47307586669922
60.646278381347656
66.56409454345703
65.99565124511719
60.77164840698242
69.94772338867188
65.27790832519531
67.97982025146484
65.95462799072266
64.42491149902344
67.89305877685547
67.70723724365234
67.00922393798828
69.83576202392578
67.48685455322266
64.4118881225586
65.43527221679688
68.3019027709961
59.42765426635742
70.1769790649414
68.55644989013672
66.59077453613281
61.61186218261719
71.29033660888672
71.03718566894531
65.57428741455078
66.984375
57.981380462646484
51.24616622924805
65.52933502197266
66.98072052001953
73.59874725341797
65.78365325927734
71.54556274414062
70.22456359863281
68.06806182861328
67.49652099609375
66.14427185058594
69.97119140625
56.770957946777344
69.18160247802734
58.212730407714844
62.456298828125
61.996891021728516
66.54220581054688
65.04630279541016
63.892860412597656
63.610660552978516
62.442745208740234
71.07970428466797
68.0990982055664
60.11937713623047
68.21793365478516
65.65303039550781
69.35401916503906
58.801597595214844
66.45095825195312
64.98334503173828
65.90093231201172
68.96990203857422
66.64274597167969
65.56514739990234
64.59109497070312
67.48699951171875
68.22946166992188
62.32788848876953
64.80819702148438
62.77702713012695
55.50521469116211
67.3897476196289
65.25051879882812
66.09227752685547
65.87994384765625
63.9820442199707
63.935543060302734
66.10252380371094
66.34124755859375
67.75032043457031
60.8956413269043
66.04872131347656
67.3384017944336
58.04942321777344
61.66020202636719
69.1648178100586
68.44876861572266
69.07770538330078
65.40937805175781
66.52973937988281
65.53279876708984
71.93753814697266
68.6278305053711
61.112335205078125
68.50326538085938
64.87875366210938
69.53608703613281
67.24920654296875
61.740196228027344
66.2286605834961
71.68714141845703
62.494327545166016
66.64734649658203
65.06041717529297
64.71166229248047
59.13471603393555
60.68056869506836
60.61890411376953
68.37142944335938
65.76114654541016
66.2071533203125
66.66818237304688
61.86517333984375
67.76788330078125
62.84968185424805
66.62788391113281
61.02485656738281
65.95905303955078
69.15421295166016
65.40233612060547
60.06570816040039
69.08222198486328
67.66802978515625
62.24498748779297
61.34640884399414
64.4671401977539
67.92361450195312
64.88434600830078
68.13967895507812
66.7276840209961
65.4068374633789
65.8970718383789
65.74378967285156
66.97512817382812
65.45085144042969
61.669410705566406
68.04489135742188
67.67140197753906
65.0943374633789
63.731021881103516
67.13773345947266
64.39488220214844
63.550846099853516
64.82351684570312
67.35255432128906
60.74763107299805
66.4113998413086
59.06418991088867
63.31793212890625
63.52431869506836
68.68498992919922
64.24484252929688
69.20264434814453
68.80496978759766
60.4659538269043
66.07101440429688
66.43362426757812
61.90162658691406
60.66703414916992
66.60261535644531
66.66596984863281
68.75180053710938
57.12579345703125
63.177276611328125
59.15827178955078
68.4491195678711
62.711570739746094
68.44955444335938
54.967411041259766
58.92948532104492
70.47653198242188
64.6908950805664
64.67630004882812
66.06852722167969
66.12969970703125
66.07499694824219
66.4801254272461
66.42774200439453
68.31541442871094
60.5637092590332
69.07847595214844
66.82154083251953
62.642391204833984
62.179222106933594
64.56771850585938
62.925270080566406
65.43451690673828
62.44578552246094
54.911582946777344
70.3905029296875
72.91360473632812
64.33213806152344
63.801631927490234
58.53609085083008
68.0317153930664
64.04595947265625
63.51482009887695
62.709068298339844
63.0463752746582
59.96937561035156
68.95429229736328
61.69044494628906
66.04763793945312
70.05423736572266
63.13833236694336
65.1741943359375
64.69377899169922
66.47952270507812
65.43914031982422
65.89968872070312
65.30809783935547
62.08702850341797
64.44596099853516
64.47059631347656
56.47472381591797
55.92266082763672
64.15985107421875
60.516048431396484
64.33721160888672
61.888668060302734
61.912471771240234
64.98531341552734
62.09512710571289
69.70823669433594
66.34510040283203
69.47179412841797
67.51665496826172
63.80552673339844
58.79161071777344
63.51696014404297
57.582096099853516
66.71047973632812
64.1396255493164
65.01807403564453
64.24449920654297
66.80438995361328
62.49211120605469
68.2403335571289
68.35505676269531
68.1965560913086
63.565460205078125
57.91238784790039
62.714481353759766
62.472068786621094
64.84748840332031
69.4971694946289
60.70827102661133
63.75747299194336
63.00014114379883
62.243499755859375
67.48322296142578
63.1971549987793
64.51297760009766
68.42799377441406
65.1306381225586
69.26951599121094
66.6660385131836
65.968505859375
57.761959075927734
66.6668472290039
68.0167236328125
52.99505615234375
63.06420135498047
59.997501373291016
67.7069320678711
68.51142120361328
65.20968627929688
64.9011001586914
64.75872039794922
63.15240478515625
65.59451293945312
67.03340148925781
64.69844818115234
64.42427825927734
66.63401794433594
63.915374755859375
73.5964584350586
69.2940444946289
63.20936965942383
64.80943298339844
67.81797790527344
61.117862701416016
55.805572509765625
53.315345764160156
64.50479125976562
58.1265983581543
65.42986297607422
64.66078186035156
61.958255767822266
62.950889587402344
66.15242767333984
62.917572021484375
62.108917236328125
60.66144561767578
65.57003021240234
66.4530029296875
63.049869537353516
61.57570266723633
64.36634063720703
61.46680450439453
67.36915588378906
63.04881286621094
61.70330810546875
64.13170623779297
63.99165344238281
64.1634750366211
65.96295928955078
61.35275650024414
67.71135711669922
68.66204071044922
65.75863647460938
68.80088806152344
64.49984741210938
61.02763366699219
61.20330810546875
66.13390350341797
61.87456130981445
63.92536163330078
65.79077911376953
62.57915496826172
63.38877868652344
63.38137435913086
66.8486099243164
63.38918685913086
67.33086395263672
61.79163360595703
63.20882034301758
64.86491394042969
64.37759399414062
65.13473510742188
66.72836303710938
61.13191223144531
63.61748504638672
63.633201599121094
63.98638916015625
66.16798400878906
62.422637939453125
64.43424224853516
61.037071228027344
64.28768920898438
58.7180290222168
64.01760864257812
62.45712661743164
66.04959869384766
63.475276947021484
60.0898323059082
65.33235168457031
59.05495071411133
66.47772216796875
65.2872085571289
70.67646026611328
63.200984954833984
69.38677978515625
65.76964569091797
65.25458526611328
64.17784881591797
66.54936218261719
60.050819396972656
62.38943862915039
63.82950210571289
65.25409698486328
67.97171020507812
64.33019256591797
67.06370544433594
65.48936462402344
63.58601379394531
64.56466674804688
63.439876556396484
64.60416412353516
62.53143310546875
70.81376647949219
60.357933044433594
61.27405548095703
64.58966827392578
64.19922637939453
63.55287551879883
60.188140869140625
68.34501647949219
61.677005767822266
64.57356262207031
63.93302917480469
62.28951644897461
64.24517059326172
62.02283477783203
60.77231979370117
63.578556060791016
63.28377914428711
59.77955627441406
60.32136917114258
63.93234634399414
64.27393341064453
59.62347412109375
65.32272338867188
64.27083587646484
61.1781120300293
60.494529724121094
64.06597137451172
56.067771911621094
63.69294357299805
65.64443969726562
59.60272216796875
65.61932373046875
63.994625091552734
61.33262634277344
62.43487548828125
60.86484909057617
58.66659927368164
66.22953033447266
63.48870849609375
67.52893829345703
64.78987884521484
68.34722137451172
62.582340240478516
63.96491622924805
60.508182525634766
66.95352935791016
58.025875091552734
64.93708801269531
59.78907012939453
63.673763275146484
61.55263137817383
61.1341552734375
65.65852355957031
64.1248779296875
64.42018127441406
62.15809631347656
63.92533493041992
66.26502227783203
61.950443267822266
61.307334899902344
60.647647857666016
61.966217041015625
60.7130012512207
64.62831115722656
58.6201057434082
64.02283477783203
61.85200881958008
61.58641815185547
64.49669647216797
