125.67156219482422
116.18722534179688
121.18283081054688
129.496826171875
138.79051208496094
131.93963623046875
132.3567657470703
133.30471801757812
123.97645568847656
140.16127014160156
123.24813079833984
139.40077209472656
115.36497497558594
103.41773986816406
131.94056701660156
109.31102752685547
131.89292907714844
124.61420440673828
133.11903381347656
136.205322265625
118.00897216796875
115.18563079833984
133.17601013183594
127.23382568359375
129.92855834960938
136.96859741210938
73.06524658203125
124.37154388427734
114.34581756591797
128.86521911621094
129.50143432617188
135.00933837890625
111.98052978515625
127.00624084472656
125.92327880859375
103.85331726074219
120.58136749267578
99.2376937866211
92.67472076416016
123.33329010009766
106.41592407226562
125.45613098144531
124.78079986572266
115.55474853515625
110.28300476074219
124.07415008544922
124.09185028076172
118.51922607421875
120.50941467285156
119.38640594482422
125.51883697509766
123.20828247070312
115.63766479492188
95.3678207397461
117.48499298095703
108.33158874511719
101.72626495361328
107.13037872314453
120.4111328125
118.5214614868164
116.25877380371094
98.58901977539062
109.30583190917969
87.2326431274414
117.64112854003906
94.40813446044922
118.75476837158203
117.5483627319336
113.16539001464844
118.04296875
94.56517791748047
95.72559356689453
99.26317596435547
98.45011138916016
108.21253967285156
96.34917449951172
97.39471435546875
101.06961822509766
94.84915924072266
90.57858276367188
95.68728637695312
93.12897491455078
101.53976440429688
83.92683410644531
92.11174011230469
100.46112823486328
90.82997131347656
85.95899200439453
83.03583526611328
92.04473876953125
79.31401824951172
93.86897277832031
92.90654754638672
89.88458251953125
79.53632354736328
73.16767120361328
80.65798950195312
87.09931182861328
84.34449768066406
82.33052825927734
69.81195831298828
65.74339294433594
69.78002166748047
71.45896911621094
70.94163513183594
69.7065658569336
83.08328247070312
67.94656372070312
61.84017562866211
71.2353286743164
65.05362701416016
63.73832702636719
57.33876419067383
53.06010437011719
71.990234375
71.51964569091797
57.232765197753906
62.75904083251953
65.07677459716797
54.72088623046875
59.90035629272461
59.73066711425781
57.86689376831055
57.02778244018555
35.58200454711914
56.39806365966797
56.97909164428711
50.875064849853516
50.22005844116211
40.460819244384766
36.346195220947266
33.336299896240234
39.82631301879883
41.91084671020508
44.65520095825195
39.86123275756836
38.27185821533203
40.85098648071289
38.67833709716797
28.075529098510742
33.220123291015625
30.57358169555664
31.003427505493164
28.818410873413086
25.997802734375
26.899246215820312
27.35191535949707
24.965234756469727
29.266016006469727
17.012962341308594
19.8245849609375
22.133113861083984
23.004642486572266
18.55953598022461
15.236478805541992
15.129606246948242
18.254209518432617
18.832704544067383
16.75574493408203
16.690458297729492
13.465470314025879
12.133004188537598
13.293354034423828
11.84147834777832
11.362846374511719
11.99493408203125
8.695938110351562
9.100237846374512
9.258193969726562
8.71915054321289
7.631165981292725
7.904855728149414
6.328513145446777
5.764074802398682
5.519131183624268
6.446285247802734
5.5189924240112305
5.677340507507324
4.94560432434082
4.698244094848633
5.039988040924072
4.702656269073486
4.720031261444092
4.29019832611084
4.697663307189941
3.8092479705810547
3.7151668071746826
3.7059926986694336
4.10367488861084
3.7949752807617188
4.1489176750183105
3.501490592956543
3.216102123260498
3.5293350219726562
4.127602577209473
3.5032081604003906
3.442103624343872
3.5672101974487305
3.101813554763794
3.2957763671875
3.6603376865386963
3.1928629875183105
3.5085201263427734
3.649587631225586
3.636751174926758
3.5471532344818115
3.5453908443450928
3.5083413124084473
3.5871644020080566
3.6473805904388428
3.2854223251342773
2.9462265968322754
3.093324899673462
3.4365131855010986
3.5411832332611084
3.20977520942688
3.3548264503479004
3.2507452964782715
3.0501935482025146
3.4165749549865723
3.270158052444458
3.377162456512451
3.3172826766967773
2.8532774448394775
2.916144847869873
3.307361602783203
3.4103028774261475
3.2477712631225586
2.843496084213257
2.833406925201416
2.916494607925415
2.880934715270996
3.1948459148406982
3.1831798553466797
3.133774995803833
3.061958074569702
2.996798515319824
2.8133976459503174
3.0769779682159424
3.1153643131256104
2.972252607345581
2.959686756134033
3.121002674102783
3.189439535140991
2.964993715286255
2.778782606124878
3.027437210083008
2.9686102867126465
2.708285093307495
2.5678300857543945
2.788722515106201
2.5853796005249023
2.298255205154419
2.534067153930664
2.538802146911621
2.9626386165618896
2.714794635772705
2.90809965133667
2.6051242351531982
2.840686559677124
2.613372564315796
2.8201744556427
2.740684747695923
2.5181362628936768
2.8261563777923584
2.596144199371338
2.618922472000122
2.3758790493011475
2.5406646728515625
2.7138373851776123
2.478863000869751
2.601590633392334
2.3278253078460693
2.235935926437378
2.494050979614258
2.6034276485443115
2.499570369720459
2.429957628250122
2.376659870147705
2.3442046642303467
2.445668935775757
2.1975340843200684
2.41961669921875
2.3592042922973633
2.0609207153320312
2.3730757236480713
2.51198148727417
2.4636075496673584
2.288451671600342
2.2753360271453857
2.2603201866149902
2.283125638961792
2.4357821941375732
2.3597447872161865
2.4010627269744873
2.117691993713379
2.2735259532928467
2.243318557739258
2.2168452739715576
2.0980582237243652
2.202793836593628
2.207481622695923
2.1547188758850098
2.3579537868499756
1.9635770320892334
2.042541980743408
2.2791714668273926
2.055626153945923
2.0903284549713135
1.923725962638855
2.3634278774261475
2.0467019081115723
2.1079933643341064
2.1467833518981934
1.9304800033569336
1.7225863933563232
1.9465837478637695
2.0712954998016357
2.173354148864746
2.2049829959869385
1.7203152179718018
2.143537998199463
1.9664359092712402
1.9275833368301392
2.0173909664154053
1.9727048873901367
1.9689006805419922
1.9189364910125732
2.1200084686279297
2.02062726020813
1.875770092010498
2.140397310256958
1.9545893669128418
1.8689666986465454
2.074282169342041
1.9226429462432861
1.9114881753921509
2.0292623043060303
1.9959251880645752
2.0749049186706543
1.9918521642684937
1.6688621044158936
2.118222713470459
1.9398274421691895
2.109802007675171
1.9920417070388794
2.0677411556243896
1.830716609954834
1.9064875841140747
1.9510635137557983
1.7531013488769531
1.8724058866500854
1.7568446397781372
1.9631116390228271
1.7700059413909912
1.9675827026367188
1.979396939277649
1.7312605381011963
1.8406705856323242
1.9706779718399048
1.9382529258728027
1.6193174123764038
2.0320074558258057
1.94870126247406
1.8875426054000854
1.9688838720321655
1.5802398920059204
1.9315263032913208
1.5789873600006104
2.2393383979797363
1.8947135210037231
1.8605518341064453
1.7693172693252563
1.9787532091140747
1.7749006748199463
1.8161953687667847
1.921018123626709
1.8255771398544312
1.603432297706604
1.5537264347076416
1.8383090496063232
1.740485429763794
1.879616141319275
1.6209688186645508
1.9107985496520996
1.8718644380569458
1.6212300062179565
1.9008997678756714
1.840898036956787
1.7544403076171875
2.075549602508545
1.874683141708374
1.854462742805481
1.9335322380065918
1.763258695602417
1.5552833080291748
1.8883099555969238
2.1062324047088623
1.9393411874771118
1.7847174406051636
1.9357038736343384
1.8328150510787964
1.8053464889526367
1.8749114274978638
1.552314043045044
1.9155596494674683
1.700560212135315
1.7761750221252441
1.6639416217803955
1.8553663492202759
1.8844224214553833
1.8011727333068848
1.9393668174743652
1.9262419939041138
1.3442996740341187
1.8472806215286255
1.6445434093475342
1.6722707748413086
1.741520643234253
1.6998622417449951
1.826390027999878
1.6369895935058594
1.6622942686080933
1.6853563785552979
1.8260449171066284
1.9307539463043213
1.7262961864471436
2.120485305786133
1.6899324655532837
1.8118010759353638
1.6565872430801392
1.5970336198806763
1.9505592584609985
1.4528733491897583
1.7650991678237915
1.7982358932495117
1.621378779411316
1.8461138010025024
1.909577488899231
1.8261033296585083
1.7575727701187134
1.7490531206130981
1.8353016376495361
1.6960948705673218
1.798878788948059
1.748698115348816
1.6824252605438232
1.7878639698028564
1.7432056665420532
1.7613177299499512
1.7517144680023193
1.8957613706588745
1.8599759340286255
1.798179030418396
1.2819539308547974
1.79753839969635
1.8143314123153687
1.7354075908660889
1.6553735733032227
1.5936925411224365
1.5360393524169922
1.6971609592437744
1.8198412656784058
1.8915982246398926
1.7792904376983643
1.6255227327346802
1.8165932893753052
1.867755651473999
1.8206937313079834
1.766871452331543
1.8134738206863403
1.8039542436599731
1.887757658958435
1.9536370038986206
1.6296101808547974
1.7231734991073608
1.8162810802459717
1.6938799619674683
1.9025208950042725
1.8841626644134521
1.7955528497695923
1.6004067659378052
2.1732544898986816
1.8197637796401978
1.8033274412155151
1.7095283269882202
1.6460341215133667
1.626025915145874
1.6624631881713867
1.755183458328247
1.8341763019561768
1.4440371990203857
1.5829576253890991
1.7829875946044922
1.8074871301651
1.6913572549819946
1.774990200996399
1.619508147239685
1.7797459363937378
1.7232567071914673
1.9230704307556152
1.7581619024276733
1.7293906211853027
1.6437127590179443
1.6553045511245728
1.80516517162323
1.5468380451202393
1.574100375175476
1.5899343490600586
1.6202540397644043
1.6488511562347412
1.546675682067871
1.727906346321106
1.824723720550537
1.680253028869629
1.8886359930038452
1.641806960105896
1.562347173690796
1.7799925804138184
1.5351758003234863
1.5801810026168823
1.7471425533294678
1.844946265220642
1.756401538848877
1.6384873390197754
1.8008283376693726
1.7387359142303467
1.5783624649047852
1.8370072841644287
1.7563897371292114
1.5860145092010498
1.638068675994873
1.5591565370559692
1.5339126586914062
1.9700562953948975
1.4626010656356812
1.5094327926635742
1.697514295578003
1.523476004600525
1.5925325155258179
1.5690159797668457
1.618850588798523
1.6194822788238525
1.5409799814224243
1.495383620262146
1.6381245851516724
1.598654866218567
1.5847694873809814
1.661287546157837
1.6538196802139282
2.3743021488189697
1.6290931701660156
1.5113688707351685
1.6776401996612549
1.725804328918457
1.7309143543243408
1.7241350412368774
1.6737627983093262
1.652677297592163
1.5404419898986816
1.8010029792785645
1.7100975513458252
1.5552115440368652
1.5098798274993896
1.618628740310669
1.7521799802780151
1.6235381364822388
1.6956130266189575
1.5269745588302612
1.570004940032959
1.6805647611618042
1.4044878482818604
1.5701946020126343
1.571094274520874
1.6372106075286865
1.4452844858169556
1.6790874004364014
1.7361866235733032
1.6529128551483154
1.6538069248199463
1.5683718919754028
1.400391697883606
1.7106170654296875
1.5853114128112793
1.5019899606704712
1.3633455038070679
1.5726189613342285
1.6987522840499878
1.4527158737182617
1.5107189416885376
1.5913726091384888
1.3878059387207031
1.649307131767273
1.496063232421875
1.6002142429351807
1.509878396987915
1.5971919298171997
1.4634817838668823
1.7172319889068604
1.5754964351654053
1.611894965171814
1.445420742034912
1.4462610483169556
1.6436448097229004
1.6190725564956665
1.5790164470672607
1.443162202835083
1.648620367050171
1.5302566289901733
1.7674628496170044
1.692674160003662
1.506325125694275
1.5214906930923462
1.4061719179153442
1.7538235187530518
1.6387590169906616
1.4977391958236694
1.609475016593933
1.63470458984375
1.6518630981445312
1.5668963193893433
1.6554911136627197
1.464497685432434
1.5794588327407837
1.6446954011917114
1.6828584671020508
1.7472084760665894
1.4825646877288818
1.648425817489624
1.4356799125671387
1.6444482803344727
1.5088022947311401
1.734152913093567
1.6055961847305298
1.6563150882720947
1.4370999336242676
1.4933667182922363
1.5599256753921509
1.5413881540298462
1.7195663452148438
1.6024365425109863
1.8105055093765259
1.582788348197937
1.5476428270339966
1.4899331331253052
1.6837949752807617
1.551987648010254
1.6145856380462646
1.4686731100082397
1.6058642864227295
1.6027147769927979
1.4497535228729248
1.5732439756393433
1.85569429397583
1.5623838901519775
1.3345911502838135
1.4918980598449707
1.628541111946106
1.561559796333313
1.6854467391967773
1.4139666557312012
1.629252552986145
1.6540470123291016
1.693992018699646
1.4812933206558228
1.4253088235855103
1.467820405960083
1.6866124868392944
1.3460789918899536
1.3009088039398193
1.6289600133895874
1.7378963232040405
1.5611215829849243
1.4518020153045654
1.5936230421066284
1.7535821199417114
1.6299493312835693
1.7464662790298462
1.4277452230453491
1.7569220066070557
1.7314224243164062
1.6549216508865356
1.7023489475250244
1.567683219909668
1.6630845069885254
1.6862573623657227
1.618799090385437
1.2701143026351929
1.4384748935699463
1.6359999179840088
1.6321038007736206
1.4916385412216187
1.4805020093917847
1.4061397314071655
1.454797625541687
1.2961677312850952
1.4336141347885132
1.5255948305130005
1.5877686738967896
1.5527154207229614
1.601923942565918
1.2526943683624268
1.5368016958236694
1.6411778926849365
1.4793518781661987
1.6983305215835571
1.6785820722579956
1.472135066986084
1.4526094198226929
1.5318061113357544
1.6086522340774536
1.415467381477356
1.4898263216018677
1.47140634059906
1.52680504322052
1.5244842767715454
1.7469162940979004
1.4757983684539795
1.3296945095062256
1.4016082286834717
1.452574372291565
1.6405633687973022
1.4516221284866333
1.5216270685195923
1.6003214120864868
1.3609669208526611
1.4513230323791504
1.2541621923446655
1.5617409944534302
1.5953553915023804
1.5928794145584106
1.677301049232483
1.61017906665802
1.5008450746536255
1.3675589561462402
1.618543028831482
1.5249512195587158
1.4895612001419067
1.5781970024108887
1.3876423835754395
1.3901867866516113
1.507930874824524
1.545246958732605
1.4916094541549683
1.4614194631576538
1.1847906112670898
1.503861665725708
1.6019915342330933
1.5322967767715454
1.32095468044281
1.3569731712341309
1.5113457441329956
1.3674094676971436
1.5530177354812622
1.6480962038040161
1.5672842264175415
1.480515480041504
1.170527458190918
1.5423716306686401
1.5357820987701416
1.4549795389175415
1.356788158416748
1.4990639686584473
1.4988311529159546
1.6285130977630615
1.6332240104675293
1.7743289470672607
1.607508659362793
1.4920326471328735
1.486964225769043
1.4529263973236084
1.3653889894485474
1.497717022895813
1.482561469078064
1.5394058227539062
1.5234770774841309
1.556192398071289
1.3846884965896606
1.4329355955123901
1.3608760833740234
1.243250846862793
1.4992039203643799
1.3658552169799805
1.56999933719635
1.5108325481414795
1.4782947301864624
1.5093410015106201
1.6466237306594849
1.458463430404663
1.4462307691574097
1.5693858861923218
1.5301021337509155
1.5269500017166138
1.3633571863174438
1.5417793989181519
1.4419496059417725
1.2042697668075562
1.2226485013961792
1.2619223594665527
1.516709566116333
1.2191072702407837
1.3610196113586426
1.4660067558288574
1.4109023809432983
1.511133074760437
1.4434154033660889
1.3275387287139893
1.3483320474624634
1.4874271154403687
1.3523846864700317
1.5033377408981323
1.424808382987976
1.3298985958099365
1.524414300918579
1.46821928024292
1.5067977905273438
1.6275217533111572
1.2942674160003662
1.4831645488739014
1.488515019416809
1.4154746532440186
1.3704819679260254
1.3797602653503418
1.5308529138565063
1.4646797180175781
1.4696799516677856
1.353312373161316
1.6130468845367432
1.311012625694275
1.4086614847183228
1.4161427021026611
1.4391802549362183
1.5048038959503174
1.4328582286834717
1.333001732826233
1.2124367952346802
1.3907241821289062
1.2477173805236816
1.4372583627700806
1.547675609588623
1.5273728370666504
1.4777556657791138
1.5087116956710815
1.3958239555358887
1.3636102676391602
1.5593394041061401
1.4838138818740845
1.4821079969406128
1.5337117910385132
1.4223926067352295
1.2865077257156372
1.4841985702514648
1.4114636182785034
1.4289641380310059
1.4648932218551636
1.5526505708694458
1.367270827293396
1.4752508401870728
1.2540409564971924
1.3535431623458862
1.5321323871612549
1.1733001470565796
1.313154935836792
1.3107781410217285
1.4608396291732788
1.335131049156189
1.506395697593689
1.470157265663147
1.4267871379852295
1.501843810081482
1.4643663167953491
1.4614808559417725
1.4113572835922241
1.5086508989334106
1.352662444114685
1.3256412744522095
1.4351297616958618
1.4346634149551392
1.4262144565582275
1.3996639251708984
1.4391428232192993
1.4647139310836792
1.4635268449783325
1.2682856321334839
1.528626561164856
1.412814736366272
1.1378557682037354
1.499000072479248
1.515259027481079
1.1903553009033203
1.4552117586135864
1.4758495092391968
1.03993821144104
1.2922768592834473
1.4520633220672607
1.2020145654678345
1.3118772506713867
1.2464722394943237
1.3105440139770508
1.410535216331482
1.7090928554534912
1.2927991151809692
1.2152920961380005
1.2120479345321655
1.4729620218276978
1.5264383554458618
1.472391963005066
1.2439082860946655
1.4253143072128296
1.4616836309432983
1.2357467412948608
1.404152750968933
1.3006523847579956
1.3939751386642456
1.4312715530395508
1.4842664003372192
1.056277871131897
1.1832579374313354
1.2412227392196655
1.4321022033691406
1.4984232187271118
1.4012130498886108
1.4537173509597778
1.4302575588226318
1.3937768936157227
1.418229103088379
1.3815813064575195
1.303248643875122
1.4725157022476196
1.2308601140975952
1.2801940441131592
1.3320022821426392
1.303897500038147
1.2414309978485107
1.4459172487258911
1.4162918329238892
1.3840042352676392
1.4577170610427856
1.4393538236618042
1.474103569984436
1.3858128786087036
1.2823606729507446
1.3770235776901245
1.3883647918701172
1.48146390914917
1.3072898387908936
1.3300172090530396
1.2995944023132324
1.3891253471374512
1.6542733907699585
1.3816611766815186
1.0600178241729736
1.170164942741394
1.3705124855041504
1.419206142425537
1.4320216178894043
1.2471137046813965
1.4491806030273438
1.139554738998413
1.456203818321228
1.3091702461242676
1.3417248725891113
1.4106087684631348
1.2581642866134644
0.9991617798805237
1.2549936771392822
1.4044075012207031
1.2995418310165405
1.297824501991272
1.6136817932128906
1.4230730533599854
1.252893328666687
1.330938458442688
1.08820378780365
1.2825437784194946
1.5045450925827026
1.4157578945159912
1.3798660039901733
1.5505036115646362
1.4242992401123047
1.4116461277008057
1.2423683404922485
1.4365891218185425
1.4303698539733887
1.3845000267028809
1.437386393547058
1.446099877357483
1.371573567390442
1.3348554372787476
1.0758594274520874
1.3660222291946411
1.3385883569717407
1.3027949333190918
1.2428193092346191
1.4365065097808838
1.267924189567566
1.293437123298645
1.4433784484863281
1.3924769163131714
1.434693455696106
1.397630214691162
1.3296617269515991
1.4224933385849
1.1720399856567383
1.4358069896697998
1.1874678134918213
1.243596076965332
1.2929728031158447
1.3154542446136475
1.4300576448440552
1.3440265655517578
1.4435282945632935
1.4350101947784424
1.3527590036392212
1.3516367673873901
1.3917744159698486
1.459276556968689
1.3523707389831543
1.3879350423812866
1.3407907485961914
1.385568380355835
1.398902416229248
1.4203490018844604
