18.8499698638916
18.188596725463867
18.99831199645996
18.992246627807617
19.682445526123047
17.244037628173828
18.723403930664062
16.909252166748047
18.810916900634766
18.910552978515625
17.476600646972656
18.8024845123291
16.938823699951172
19.04987907409668
19.287023544311523
18.601295471191406
19.029415130615234
16.571369171142578
18.425275802612305
18.706132888793945
18.220888137817383
18.540180206298828
18.98876190185547
18.883695602416992
18.272720336914062
18.99933433532715
18.74420738220215
18.5022029876709
18.260568618774414
18.36387062072754
17.95421600341797
18.360261917114258
18.65803337097168
18.815021514892578
18.30620002746582
18.338640213012695
18.16855239868164
18.16057014465332
18.442834854125977
17.979475021362305
18.385540008544922
17.554941177368164
17.66621971130371
17.371278762817383
17.823392868041992
17.704368591308594
16.109481811523438
17.853975296020508
18.18934440612793
17.7385311126709
17.251754760742188
15.683826446533203
16.820762634277344
17.310213088989258
17.209104537963867
17.138227462768555
16.955068588256836
15.517704963684082
16.71318244934082
17.016080856323242
16.86171531677246
16.772785186767578
15.05546760559082
16.37152862548828
16.250213623046875
16.271480560302734
16.387500762939453
16.146509170532227
15.535843849182129
15.879286766052246
15.520028114318848
15.387147903442383
15.096359252929688
13.94875717163086
15.122879028320312
15.228364944458008
15.41569995880127
14.718430519104004
13.102960586547852
14.090453147888184
13.065777778625488
14.49981689453125
14.663439750671387
14.589422225952148
13.674646377563477
13.805131912231445
13.844114303588867
13.701904296875
12.285904884338379
13.472208023071289
13.427408218383789
12.814657211303711
12.883865356445312
12.901962280273438
12.835519790649414
12.829639434814453
12.384807586669922
12.437223434448242
12.232128143310547
12.160801887512207
11.743208885192871
12.224206924438477
11.348871231079102
11.719462394714355
11.564434051513672
11.229591369628906
10.8233642578125
9.529058456420898
10.37781047821045
9.869705200195312
10.206791877746582
10.184000015258789
9.637155532836914
9.566903114318848
9.921887397766113
9.393648147583008
9.615970611572266
9.15842056274414
9.001707077026367
9.014900207519531
7.718725681304932
8.451234817504883
8.197491645812988
7.809189319610596
8.255516052246094
7.606546878814697
7.5679168701171875
7.490748405456543
6.86362361907959
7.100177764892578
6.227689266204834
6.687036037445068
6.555004119873047
6.703979015350342
6.387772083282471
6.024878025054932
6.178615093231201
5.61152458190918
5.60501766204834
5.788510799407959
5.4341721534729
5.404886722564697
4.807163238525391
4.701048851013184
4.8332953453063965
5.138338565826416
4.579685688018799
4.571264743804932
4.427709102630615
4.432263374328613
4.421389102935791
4.371828556060791
4.31455135345459
4.035476207733154
4.213257789611816
4.0700883865356445
3.8696954250335693
3.8018033504486084
3.830881118774414
3.626487970352173
3.5573105812072754
3.5148391723632812
3.496063470840454
3.4341094493865967
3.377727508544922
3.3478457927703857
3.2593376636505127
3.176166534423828
3.2609293460845947
3.2140204906463623
3.1444334983825684
3.1208417415618896
3.1955668926239014
2.9640157222747803
3.032639741897583
2.9004077911376953
3.018913984298706
2.654860734939575
2.8347020149230957
2.836571216583252
2.812636613845825
2.732856035232544
2.8293423652648926
2.724574565887451
2.647926092147827
2.6517691612243652
2.5581414699554443
2.647059917449951
2.4930288791656494
2.4531044960021973
2.5448083877563477
2.5172364711761475
2.380866050720215
2.5240683555603027
2.454730987548828
2.3662219047546387
2.3117759227752686
2.3800601959228516
2.4050567150115967
2.185323476791382
2.158590078353882
2.207724094390869
2.1184983253479004
2.052992582321167
2.1265599727630615
2.021682024002075
1.9372063875198364
2.206000804901123
2.077868700027466
2.061877489089966
2.1157169342041016
2.0344672203063965
2.0551822185516357
2.0586142539978027
1.9274355173110962
1.9614472389221191
1.9758626222610474
1.8851194381713867
1.8987929821014404
1.996992588043213
1.9397279024124146
1.7669053077697754
1.881985068321228
1.8195182085037231
1.7539135217666626
2.038914918899536
1.806041955947876
1.774039626121521
1.8233600854873657
1.705812931060791
1.7920759916305542
1.7444254159927368
1.7594506740570068
1.6455687284469604
1.6464264392852783
1.7562161684036255
1.581221580505371
1.664768934249878
1.6128764152526855
1.5945062637329102
1.5224047899246216
1.5612406730651855
1.636454701423645
1.5564296245574951
1.514785885810852
1.5278702974319458
1.5291029214859009
1.4352734088897705
1.4612300395965576
1.5193513631820679
1.463640809059143
1.5641169548034668
1.4962575435638428
1.485018014907837
1.4759982824325562
1.5603976249694824
1.4306532144546509
1.411922812461853
1.4692597389221191
1.4109469652175903
1.4782596826553345
1.249757170677185
1.2952299118041992
1.415507435798645
1.2537559270858765
1.3304592370986938
1.348900556564331
1.3017544746398926
1.3478196859359741
1.3284245729446411
1.3350107669830322
1.3294093608856201
1.3650665283203125
1.3193058967590332
1.2796964645385742
1.349089503288269
1.2550116777420044
1.2649893760681152
1.3438043594360352
1.3105618953704834
1.3094526529312134
1.3844537734985352
1.2439548969268799
1.2891250848770142
1.2607442140579224
1.2508326768875122
1.3061658143997192
1.2451088428497314
1.2627602815628052
1.2191987037658691
1.2014625072479248
1.2460583448410034
1.2272957563400269
1.182965636253357
1.230327844619751
1.257006049156189
1.2228448390960693
1.1982389688491821
1.1679877042770386
1.0841217041015625
1.2292633056640625
1.2716701030731201
1.2001465559005737
1.1770799160003662
1.2010937929153442
1.135437250137329
1.1168124675750732
1.1795759201049805
1.1566303968429565
1.166479229927063
1.1073455810546875
1.0533108711242676
1.1359689235687256
1.1809475421905518
1.0343629121780396
1.1241825819015503
1.1843527555465698
1.1693835258483887
1.173225998878479
1.1663224697113037
1.1067973375320435
1.1719428300857544
1.1343026161193848
1.1273109912872314
1.1000875234603882
1.1095452308654785
1.0504518747329712
1.0152403116226196
1.1264256238937378
1.1103055477142334
1.0587100982666016
1.1449238061904907
1.0812323093414307
1.106941819190979
1.1251333951950073
1.0956488847732544
1.0561707019805908
1.0479835271835327
1.1270825862884521
1.0607237815856934
1.0090500116348267
1.0713223218917847
1.0856324434280396
1.0762776136398315
0.9668577313423157
1.086647868156433
1.0868273973464966
1.0184564590454102
1.0584015846252441
1.0799047946929932
1.0492303371429443
1.0802210569381714
1.081528663635254
1.0831681489944458
0.9952102899551392
1.015944480895996
1.078843116760254
1.0562916994094849
1.0532249212265015
1.0677173137664795
1.0899221897125244
1.057224988937378
1.0426524877548218
1.0465421676635742
0.9303085803985596
1.0625605583190918
0.9870582818984985
1.069005012512207
0.9773627519607544
1.011857032775879
1.0109472274780273
1.0146657228469849
0.9941943287849426
1.0136579275131226
0.9546026587486267
1.0122655630111694
1.0051497220993042
0.997185468673706
0.975864589214325
1.075437068939209
0.9144935011863708
0.9410533905029297
1.0341325998306274
0.9556161165237427
1.0064527988433838
0.9653494954109192
0.8974929451942444
0.9607542157173157
0.969597339630127
0.961656928062439
0.8812824487686157
0.9484766721725464
1.0799579620361328
0.9584102630615234
0.945762038230896
0.9511496424674988
0.8995015025138855
0.9333708882331848
0.8914641737937927
0.9638012051582336
0.9507505297660828
0.9500100016593933
0.9920441508293152
0.9761359691619873
0.9412894248962402
0.9733030796051025
0.9651148915290833
0.99563068151474
0.9370459914207458
0.9752122759819031
0.9172890782356262
0.8736321330070496
0.9534507393836975
0.9320685863494873
0.9542463421821594
0.9432122707366943
0.9227965474128723
0.8976386189460754
0.9834610819816589
0.9667655229568481
0.9949669241905212
0.9353809952735901
0.9588371515274048
0.9268887042999268
0.8624548316001892
0.9313256144523621
0.8542336821556091
0.9774395823478699
0.9068750143051147
0.899850070476532
0.8481320738792419
0.9175233244895935
0.9747775793075562
0.8827492594718933
0.8906057476997375
0.8365992903709412
0.920070230960846
0.9631848931312561
0.9138753414154053
0.9020100831985474
0.7690774202346802
0.9306104779243469
0.8942970633506775
0.9222626090049744
0.8917122483253479
0.8306829929351807
0.8718872666358948
0.8637435436248779
0.9310486316680908
0.9512200355529785
0.8816670179367065
0.8976544141769409
0.8948644995689392
0.9021674394607544
0.878610372543335
0.8630333542823792
0.8294494152069092
0.8694443702697754
0.8206043839454651
0.9071118235588074
0.8626823425292969
0.9125410318374634
0.9174304604530334
0.9159259796142578
0.8688628077507019
0.8592211604118347
0.8876216411590576
0.8280251622200012
0.9280868172645569
0.8650147914886475
0.8219762444496155
0.9122146368026733
0.9086400270462036
0.8841150999069214
0.8862224221229553
0.9276509284973145
0.8798903226852417
0.8662757277488708
0.814246416091919
0.9065194129943848
0.8448486328125
0.8568951487541199
0.9278609156608582
0.8481452465057373
0.8395942449569702
0.8324184417724609
0.8487092852592468
0.8950233459472656
0.8683370351791382
0.9538367986679077
0.8650667667388916
0.8554125428199768
0.8598625063896179
0.8979232311248779
0.8684539198875427
0.9094793796539307
0.8940114974975586
0.8774599432945251
0.7952584028244019
0.7696845531463623
0.8112276792526245
0.9001834988594055
0.8499847054481506
0.8643579483032227
0.8253595232963562
0.8252236843109131
0.8522263765335083
0.8997711539268494
0.8838503956794739
0.8514618277549744
0.7992050647735596
0.8241806626319885
0.8234508633613586
0.7879700064659119
0.8579879999160767
0.8558512330055237
0.8266280293464661
0.8192834854125977
0.7975767254829407
0.8754431009292603
0.7850738763809204
0.8515483140945435
0.8798986077308655
0.880605936050415
0.8247702717781067
0.8478647470474243
0.8121586441993713
0.7659024596214294
0.778393566608429
0.7450783848762512
0.8630595207214355
0.7573747038841248
0.8269659876823425
0.8199694752693176
0.8012282252311707
0.7675592303276062
0.8511062860488892
0.8610594272613525
0.8784281611442566
0.8342819213867188
0.8128021955490112
0.8281318545341492
0.8076990246772766
0.8503678441047668
0.8090165853500366
0.7748459577560425
0.8764598369598389
0.7966932654380798
0.7944936156272888
0.8560776114463806
0.8229700326919556
0.7763091325759888
0.84025639295578
0.8051808476448059
0.8098598122596741
0.782376766204834
0.8739125728607178
0.7797811627388
0.8005419969558716
0.8120244741439819
0.8007615804672241
0.8198387622833252
0.7994107604026794
0.8389577269554138
0.821370005607605
0.7948014140129089
0.8161667585372925
0.7964469194412231
0.7993910908699036
0.8110240697860718
0.8399254679679871
0.8088507056236267
0.8333030343055725
0.8125035166740417
0.7860734462738037
0.7902736067771912
0.812577486038208
0.7928223609924316
0.8115003705024719
0.8203254342079163
0.7644609212875366
0.7784799337387085
0.8495055437088013
0.7815515398979187
0.8181868195533752
0.84688800573349
0.8190680146217346
0.7650887966156006
0.8219375014305115
0.8037500381469727
0.819724977016449
0.7903468012809753
0.7587958574295044
0.7207916975021362
0.7477700114250183
0.812907874584198
0.7784488201141357
0.757713258266449
0.8244922161102295
0.8232669234275818
0.8893941640853882
0.6611126661300659
0.739459753036499
0.7768688201904297
0.7956347465515137
0.8249615430831909
0.8001646995544434
0.7829069495201111
0.7957432270050049
0.8124157786369324
0.7434791922569275
0.7179833650588989
0.7807968258857727
0.7369188666343689
0.8028445839881897
0.8000120520591736
0.8120811581611633
0.788904070854187
0.7476441264152527
0.6691291332244873
0.7559449672698975
0.7142905592918396
0.8404025435447693
0.8103717565536499
0.7546169757843018
0.7659900188446045
0.7516171932220459
0.8025080561637878
0.7593318223953247
0.7509635090827942
0.7471329569816589
0.7692673206329346
0.7366751432418823
0.754758358001709
0.7467378973960876
0.787611186504364
0.8142372965812683
0.7883555889129639
0.7495888471603394
0.791367769241333
0.754481852054596
0.7411732077598572
0.7675598859786987
0.7518957853317261
0.7554053068161011
0.7994567155838013
0.6997194886207581
0.775236964225769
0.7701448798179626
0.7753252387046814
0.7514528036117554
0.7839110493659973
0.7751245498657227
0.7589452266693115
0.7886152863502502
0.7680244445800781
0.749997615814209
0.7513892650604248
0.774861752986908
0.7677029967308044
0.8260700702667236
0.7893155217170715
0.7588321566581726
0.7203315496444702
0.7595953941345215
0.7788898348808289
0.7082542181015015
0.77213454246521
0.6769239902496338
0.6892508864402771
0.7984055280685425
0.7449750900268555
0.8202057480812073
0.7439718246459961
0.6996608972549438
0.7729085087776184
0.7593225240707397
0.7191513180732727
0.750554084777832
0.7913615703582764
0.7067906260490417
0.7788724899291992
0.7062655687332153
0.7322980761528015
0.7886899709701538
0.7680237293243408
0.7490434646606445
0.7909330129623413
0.7764996290206909
0.769526481628418
0.7641841173171997
0.8139055967330933
0.7557058334350586
0.7626365423202515
0.7095690369606018
0.7804072499275208
0.7466492652893066
0.7582073211669922
0.7666750550270081
0.7902693152427673
0.7456483244895935
0.7257834076881409
0.7130314111709595
0.8006563782691956
0.8056236505508423
0.7342406511306763
0.7172853350639343
0.7368120551109314
0.7902716398239136
0.7594498991966248
0.6870906949043274
0.725711464881897
0.6588839292526245
0.8290103673934937
0.7704439163208008
0.7145891785621643
0.7545806765556335
0.7369570732116699
0.7147365212440491
0.7209410667419434
0.7451765537261963
0.7428550124168396
0.7009023427963257
0.7914615869522095
0.7641535401344299
0.7884815335273743
0.6424030661582947
0.7591918110847473
0.6963136792182922
0.78522127866745
0.7528585195541382
0.7514379620552063
0.749254584312439
0.7543127536773682
0.6996537446975708
0.7321128845214844
0.7778929471969604
0.7274681925773621
0.7089487910270691
0.7645716071128845
0.7125096917152405
0.7219575643539429
0.7163700461387634
0.7070218324661255
0.7407060861587524
0.7190808653831482
0.7618276476860046
0.7715657353401184
0.7174744606018066
0.7780880331993103
0.692187488079071
0.7499152421951294
0.7461041212081909
0.7401885986328125
0.7187705636024475
0.7797021865844727
0.7532446384429932
0.7379372715950012
0.7248061299324036
0.7228745818138123
0.7632949948310852
0.7437996864318848
0.7432113885879517
0.6693239808082581
0.7269357442855835
0.7748753428459167
0.7553742527961731
0.7002639770507812
0.7282976508140564
0.7131327986717224
0.760063111782074
0.7533538341522217
0.8023165464401245
0.7286102175712585
0.6451716423034668
0.7420107126235962
0.7258526682853699
0.7145469784736633
0.7528852224349976
0.6979549527168274
0.6948843002319336
0.7749240398406982
0.7240496277809143
0.7439841628074646
0.7046844363212585
0.7570745944976807
0.7945680022239685
0.7574921250343323
0.70960932970047
0.697798490524292
0.7380406856536865
0.6272974610328674
0.6769512891769409
0.6643072366714478
0.7297948598861694
0.7315627336502075
0.708918035030365
0.7064676880836487
0.7068921327590942
0.7155159115791321
0.7155959010124207
0.6766788959503174
0.7063515186309814
0.7549837231636047
0.751568615436554
0.7228624224662781
0.6879931688308716
0.7010526061058044
0.733747661113739
0.6877193450927734
0.7441043257713318
0.7172045707702637
0.6830453872680664
0.6854730844497681
0.7385734915733337
0.7133212089538574
0.7354820966720581
0.712705135345459
0.7111287713050842
0.6981596350669861
0.6743777990341187
0.7148474454879761
0.7432849407196045
0.7324923872947693
0.7168334126472473
0.7246538400650024
0.751932680606842
0.7372992038726807
0.7162775993347168
0.7540779113769531
0.7072583436965942
0.730375349521637
0.6904990673065186
0.7367256283760071
0.718509316444397
0.7136470079421997
0.7141522169113159
0.7063493132591248
0.6925712823867798
0.7334946393966675
0.7239897847175598
0.7525606751441956
0.7136980891227722
0.7584996223449707
0.7038116455078125
0.7121812701225281
0.7090412378311157
0.7217934131622314
0.7261793613433838
0.6561760306358337
0.7268876433372498
0.7251037359237671
0.7418476939201355
0.714133083820343
0.6568048596382141
0.6802493333816528
0.5789391994476318
0.7507156729698181
0.7088691592216492
0.7255175709724426
0.7168141603469849
0.6917453408241272
0.7684608101844788
0.7319106459617615
0.6937295198440552
0.7161654233932495
0.7287323474884033
0.7243345379829407
0.718144416809082
0.7199453711509705
0.734817385673523
0.6878632307052612
0.7399967908859253
0.6846664547920227
0.7352060675621033
0.6222319006919861
0.705976665019989
0.7555287480354309
0.7458072900772095
0.7342951893806458
0.7090567350387573
0.7175582647323608
0.7596700191497803
0.7149702310562134
0.7385435104370117
0.68992018699646
0.6941917538642883
0.7280319929122925
0.6514704823493958
0.7428825497627258
0.7312196493148804
0.7270846366882324
0.6834351420402527
0.7354018092155457
0.7540348172187805
0.7585176825523376
0.6742519736289978
0.6887707114219666
0.7554993629455566
0.7898669838905334
0.6889058947563171
0.7020243406295776
0.7035782337188721
0.6756278276443481
0.750710666179657
0.6251003742218018
0.6978342533111572
0.7794960141181946
0.6829093098640442
0.7474925518035889
0.7028030753135681
0.7278347611427307
0.714819073677063
0.6265016198158264
0.695827066898346
0.6834926009178162
0.699407696723938
0.7402381896972656
0.6561513543128967
0.5688750147819519
0.7397393584251404
0.724141001701355
0.7535531520843506
0.7516302466392517
0.7316901087760925
0.7429589629173279
0.6989306807518005
0.6783046722412109
0.7110452651977539
0.7051054835319519
0.7500320076942444
0.6956799626350403
0.6786835193634033
0.7392956018447876
0.6992705464363098
0.7207695245742798
0.734255850315094
0.6762381196022034
0.7096399664878845
0.6739640831947327
0.6649317741394043
0.6917225122451782
0.7144594788551331
0.73548424243927
0.6906977295875549
0.6826316714286804
0.7024805545806885
0.7066302299499512
0.6734687685966492
0.6652204990386963
0.7136110663414001
0.6958150267601013
0.6528574824333191
0.6925760507583618
0.753341794013977
0.7258983850479126
0.7112631797790527
0.5840351581573486
0.7035684585571289
0.6942910552024841
0.7164343595504761
0.6973583698272705
0.6875336170196533
0.7169175148010254
0.6764287352561951
0.7193910479545593
0.7224528789520264
0.6581352353096008
0.7465215921401978
0.6953286528587341
0.7203378081321716
0.7000861167907715
0.8154232501983643
0.7390543222427368
0.7442683577537537
0.7174948453903198
0.7259379029273987
0.684519350528717
0.6591257452964783
0.738128125667572
0.6993362307548523
0.7303869128227234
0.7087979912757874
0.723366916179657
0.7503271698951721
0.7190309166908264
0.7049712538719177
0.6615576148033142
0.7354366183280945
0.6926323175430298
0.6867362856864929
0.7148428559303284
0.6747349500656128
0.688258707523346
0.7410191297531128
0.633317768573761
0.6340196132659912
0.6999456286430359
0.6990662217140198
0.6730709671974182
0.7618058323860168
0.6295011043548584
0.6290897727012634
0.7477130889892578
0.6663803458213806
0.719549298286438
0.7048409581184387
0.6755329966545105
0.7434471845626831
0.6480022668838501
0.7343679070472717
0.6962605118751526
0.7211957573890686
0.6607143878936768
0.6237143874168396
0.7207931280136108
0.6880490183830261
0.7073165774345398
0.6939027905464172
0.7011591196060181
0.754310131072998
0.6893705129623413
0.7150982022285461
0.6670023202896118
0.7114164233207703
0.6981160044670105
0.691719114780426
0.6993037462234497
0.713670551776886
0.7243602275848389
0.6929384469985962
0.7076683640480042
0.6955069303512573
0.6220460534095764
0.7341136336326599
0.7207432389259338
0.7393614649772644
0.6521404385566711
0.6833566427230835
0.690078616142273
0.6207773089408875
0.7378754615783691
0.704918384552002
0.6576822996139526
0.6563475131988525
0.7239636778831482
0.7089247703552246
0.6941573023796082
0.7165822982788086
0.7033953070640564
0.7154397368431091
0.690060555934906
0.7376610040664673
0.7102420926094055
0.6691226363182068
0.7022354006767273
