17.022674560546875
19.214326858520508
18.785207748413086
18.505767822265625
18.608009338378906
19.052724838256836
18.502649307250977
18.77161979675293
19.022546768188477
19.135513305664062
18.767887115478516
18.645063400268555
19.21981430053711
18.89612579345703
16.711706161499023
19.02476692199707
18.606464385986328
18.778934478759766
18.655864715576172
18.743263244628906
19.311416625976562
18.760709762573242
17.467409133911133
18.79926300048828
18.62006950378418
18.910873413085938
18.803081512451172
18.895580291748047
18.92691421508789
18.66006088256836
18.569002151489258
19.102964401245117
18.439342498779297
19.25238609313965
18.590839385986328
19.025348663330078
18.480836868286133
18.851591110229492
19.168869018554688
18.605854034423828
18.7418212890625
16.990652084350586
18.441410064697266
18.530197143554688
19.16434097290039
16.66302490234375
17.459556579589844
19.344139099121094
16.789669036865234
16.79314422607422
18.874094009399414
18.088865280151367
18.426851272583008
17.07235336303711
16.79010009765625
19.05411720275879
18.361867904663086
17.812721252441406
18.428388595581055
18.534666061401367
18.614774703979492
18.501752853393555
16.363956451416016
18.730243682861328
16.440431594848633
18.603120803833008
18.846206665039062
16.460538864135742
18.84345817565918
18.394493103027344
18.62188148498535
18.396528244018555
18.591276168823242
17.82233428955078
17.98386573791504
18.365535736083984
17.896224975585938
18.28403091430664
18.0222110748291
18.54817008972168
17.882488250732422
18.061206817626953
18.290876388549805
17.327850341796875
16.182886123657227
17.784805297851562
17.591861724853516
15.968472480773926
16.14313507080078
18.605281829833984
18.005298614501953
18.59084129333496
17.802797317504883
18.06458282470703
18.259258270263672
13.797863006591797
17.68730926513672
18.02250099182129
18.18794059753418
17.81666374206543
18.175304412841797
15.854328155517578
17.61679458618164
17.21110725402832
17.763364791870117
15.68170166015625
17.348196029663086
17.48617935180664
17.558115005493164
17.65177345275879
17.725799560546875
17.326642990112305
13.726840019226074
17.33968162536621
17.40703582763672
17.01256561279297
17.252275466918945
17.4228458404541
15.664764404296875
16.76849937438965
16.502042770385742
15.203309059143066
17.12478256225586
16.91299057006836
16.78738784790039
17.157548904418945
17.17228126525879
16.73759651184082
16.7885684967041
16.88077735900879
17.207277297973633
17.05607032775879
17.32195281982422
16.75667381286621
16.576385498046875
15.497979164123535
15.774161338806152
16.202783584594727
16.63326072692871
16.747228622436523
16.25470733642578
16.733810424804688
16.203018188476562
16.702781677246094
16.026939392089844
16.51858139038086
16.423269271850586
16.689512252807617
16.558774948120117
16.43905258178711
16.756431579589844
16.512840270996094
16.404563903808594
16.146074295043945
15.919424057006836
15.910365104675293
15.925182342529297
16.054622650146484
16.071632385253906
14.431163787841797
16.371097564697266
15.99438762664795
15.930925369262695
15.702367782592773
16.29352378845215
15.930728912353516
16.022289276123047
15.536465644836426
15.720125198364258
16.078163146972656
15.653014183044434
15.593011856079102
15.799549102783203
16.291704177856445
15.679835319519043
13.68618106842041
15.916658401489258
15.223663330078125
15.306635856628418
15.843263626098633
14.909906387329102
15.676899909973145
16.029796600341797
15.701239585876465
15.841187477111816
15.701071739196777
15.163351058959961
15.145602226257324
15.185940742492676
15.851670265197754
15.670109748840332
15.639399528503418
13.8634614944458
15.317300796508789
15.85698413848877
15.795875549316406
15.14162540435791
15.231168746948242
15.218481063842773
13.379600524902344
15.313058853149414
15.176996231079102
13.93777084350586
15.054429054260254
15.324893951416016
15.246705055236816
14.879265785217285
15.344045639038086
15.296591758728027
15.706465721130371
13.58780574798584
15.592291831970215
14.603841781616211
14.885990142822266
15.306675910949707
15.269163131713867
15.454571723937988
14.987292289733887
13.836504936218262
15.10840129852295
14.84149169921875
15.278666496276855
13.276890754699707
15.138134002685547
14.66244125366211
14.722831726074219
15.297052383422852
15.025165557861328
12.954233169555664
15.031275749206543
15.054887771606445
14.885517120361328
14.769651412963867
14.433938026428223
14.57557487487793
14.787602424621582
14.633034706115723
14.927054405212402
15.063672065734863
15.056944847106934
14.260087013244629
14.513446807861328
14.785983085632324
15.146512031555176
14.625799179077148
14.623833656311035
14.974054336547852
12.768158912658691
14.982243537902832
14.449185371398926
14.257094383239746
14.607186317443848
14.362262725830078
14.597368240356445
14.606613159179688
13.935189247131348
13.696134567260742
14.05384349822998
14.71087646484375
13.161497116088867
14.198731422424316
14.549269676208496
13.856832504272461
14.256706237792969
14.151516914367676
14.188630104064941
14.27757740020752
14.3413724899292
13.97883415222168
13.42371654510498
13.958630561828613
12.960445404052734
13.014534950256348
14.464096069335938
14.284872055053711
14.050345420837402
14.101859092712402
14.048758506774902
13.999755859375
14.294870376586914
13.6255521774292
12.565628051757812
13.731145858764648
14.106812477111816
13.821686744689941
14.09926700592041
14.070164680480957
13.73794937133789
13.955571174621582
12.44404411315918
14.013806343078613
13.12108039855957
13.79248332977295
12.261554718017578
14.105679512023926
13.430031776428223
13.683491706848145
13.904988288879395
12.771941184997559
13.714864730834961
13.67341136932373
13.882109642028809
14.220008850097656
13.520426750183105
12.597981452941895
12.499442100524902
13.874153137207031
12.512710571289062
13.229397773742676
13.901538848876953
13.885278701782227
13.583621978759766
13.53751277923584
13.631325721740723
13.483736038208008
13.747908592224121
13.646172523498535
13.452984809875488
13.524720191955566
13.84316349029541
13.539308547973633
13.744011878967285
13.638375282287598
13.534725189208984
13.538970947265625
12.2718505859375
13.43281364440918
13.56661319732666
13.1534423828125
13.626046180725098
13.517887115478516
13.756593704223633
13.174115180969238
12.490900039672852
13.566539764404297
13.408590316772461
13.432458877563477
12.624373435974121
13.29947566986084
13.644232749938965
13.236017227172852
13.49256706237793
13.635894775390625
13.380423545837402
13.25244140625
13.383729934692383
13.394560813903809
13.249073028564453
13.333120346069336
12.015393257141113
13.391151428222656
13.795639038085938
13.618440628051758
13.008940696716309
11.919014930725098
13.154031753540039
13.118494033813477
13.28255844116211
12.857213020324707
13.40837574005127
13.096827507019043
13.227245330810547
13.384056091308594
12.16877269744873
13.518411636352539
12.163165092468262
13.209468841552734
13.325706481933594
13.179431915283203
13.253274917602539
13.169468879699707
12.8954439163208
12.967381477355957
12.137097358703613
13.247573852539062
13.468137741088867
12.810518264770508
10.827019691467285
13.056249618530273
12.07542896270752
12.833740234375
12.671609878540039
12.888731956481934
13.383477210998535
11.861918449401855
12.801340103149414
12.833515167236328
12.986726760864258
12.790482521057129
13.01877212524414
12.753026962280273
13.360260963439941
13.190927505493164
11.872872352600098
12.845193862915039
12.56042766571045
12.969581604003906
12.840269088745117
12.968777656555176
12.683623313903809
13.034455299377441
11.748714447021484
13.134520530700684
12.975400924682617
12.74880599975586
13.244573593139648
12.972293853759766
12.896225929260254
11.957427978515625
13.121623039245605
12.980964660644531
12.738992691040039
12.911553382873535
12.657411575317383
12.818435668945312
12.636415481567383
11.641227722167969
13.01042652130127
13.163835525512695
12.656950950622559
13.07433032989502
12.855423927307129
12.754867553710938
12.923962593078613
12.850151062011719
12.512076377868652
12.880709648132324
13.165496826171875
12.630228042602539
11.587977409362793
12.624151229858398
12.830388069152832
12.721744537353516
12.627026557922363
12.668047904968262
11.865944862365723
13.125402450561523
12.792146682739258
13.125500679016113
12.736838340759277
12.821711540222168
12.617785453796387
12.380659103393555
12.861002922058105
12.217629432678223
12.732824325561523
12.891830444335938
12.567000389099121
12.688570022583008
12.486967086791992
12.554597854614258
12.972800254821777
12.840576171875
12.77022933959961
12.478492736816406
12.298181533813477
12.561044692993164
12.998239517211914
12.764684677124023
12.795711517333984
12.379057884216309
12.316313743591309
12.710474967956543
12.67015552520752
12.744902610778809
12.53217601776123
12.448468208312988
12.422526359558105
12.49765682220459
12.555146217346191
11.86938190460205
12.762957572937012
12.443647384643555
11.625579833984375
12.69477653503418
12.633935928344727
12.881843566894531
12.970236778259277
12.843506813049316
12.771489143371582
12.017845153808594
12.54384708404541
11.64828109741211
12.44779109954834
12.185504913330078
12.080111503601074
12.528124809265137
12.373915672302246
12.671085357666016
12.475539207458496
12.524367332458496
12.423337936401367
12.359797477722168
12.442265510559082
12.79059886932373
12.66589641571045
12.571527481079102
12.383597373962402
11.655792236328125
12.488386154174805
12.682236671447754
12.439934730529785
12.225420951843262
12.66802978515625
12.579919815063477
12.183708190917969
12.477226257324219
12.389805793762207
12.307157516479492
12.166147232055664
12.458457946777344
12.225617408752441
12.360209465026855
12.366787910461426
12.311192512512207
11.478241920471191
12.509737014770508
12.282447814941406
12.562873840332031
12.261919975280762
12.623689651489258
12.490647315979004
12.493667602539062
11.563243865966797
10.935530662536621
12.183457374572754
12.339532852172852
12.359393119812012
12.188636779785156
12.051965713500977
12.589561462402344
12.449533462524414
12.291219711303711
12.326278686523438
12.51994514465332
12.219752311706543
12.50228500366211
12.55001449584961
11.921468734741211
12.68825912475586
12.060541152954102
12.235555648803711
12.175175666809082
11.799623489379883
12.08197021484375
12.566993713378906
12.329144477844238
12.40712833404541
12.364215850830078
12.55080509185791
12.509087562561035
12.919524192810059
12.39901351928711
12.681842803955078
11.536835670471191
9.552064895629883
12.414101600646973
12.444724082946777
12.499906539916992
12.353649139404297
12.383293151855469
10.925700187683105
12.379995346069336
10.979988098144531
12.587639808654785
12.35400676727295
12.307331085205078
12.811767578125
12.521103858947754
12.81861400604248
12.466147422790527
12.426382064819336
12.056856155395508
12.554749488830566
12.300487518310547
12.31955623626709
12.039457321166992
12.180488586425781
12.037806510925293
12.944418907165527
11.905571937561035
12.357599258422852
12.50390911102295
12.704742431640625
12.43191146850586
12.487407684326172
12.37018871307373
12.542093276977539
12.275814056396484
12.516704559326172
12.187251091003418
11.91684341430664
12.619504928588867
12.124703407287598
12.111024856567383
12.358792304992676
12.21706771850586
12.186787605285645
11.712596893310547
12.012066841125488
12.340343475341797
12.237523078918457
12.393739700317383
12.441330909729004
12.36529541015625
12.528152465820312
12.799530029296875
12.013659477233887
12.66535472869873
12.31834888458252
12.560147285461426
12.886950492858887
12.292065620422363
12.109565734863281
12.424162864685059
12.597943305969238
12.35500717163086
12.412309646606445
11.887165069580078
12.372145652770996
12.400741577148438
11.331893920898438
12.595661163330078
12.025110244750977
12.085326194763184
12.328130722045898
12.287364959716797
12.368775367736816
12.55169677734375
11.87767505645752
12.744093894958496
12.487405776977539
12.008498191833496
11.010287284851074
12.141011238098145
12.403443336486816
11.85462474822998
11.456275939941406
12.34305477142334
11.282358169555664
12.46066951751709
12.568888664245605
12.490612983703613
11.426074981689453
11.801569938659668
12.52435302734375
12.13672924041748
12.381772994995117
12.10197639465332
11.436503410339355
12.504688262939453
11.744938850402832
12.117546081542969
12.613761901855469
12.065723419189453
12.774750709533691
12.318480491638184
10.594560623168945
11.943323135375977
12.346538543701172
12.624526977539062
11.585799217224121
10.812408447265625
12.585460662841797
11.618634223937988
12.165468215942383
12.140336036682129
12.038701057434082
12.450472831726074
12.048600196838379
12.7081298828125
11.924860954284668
12.338226318359375
12.31402587890625
11.526568412780762
12.654420852661133
12.70598030090332
12.179965019226074
12.587667465209961
12.019367218017578
12.434538841247559
12.368183135986328
12.610105514526367
12.245380401611328
11.969462394714355
12.46420955657959
11.523506164550781
10.540306091308594
11.654982566833496
12.150156021118164
12.365988731384277
11.965791702270508
12.278427124023438
12.680638313293457
12.328871726989746
12.177030563354492
11.025994300842285
11.937335014343262
12.935039520263672
12.621959686279297
12.765029907226562
12.41946029663086
11.944363594055176
12.361409187316895
12.228219032287598
12.051308631896973
12.099071502685547
12.28569221496582
12.44461727142334
12.17941665649414
12.235705375671387
12.111042022705078
11.744296073913574
12.087240219116211
11.839208602905273
12.146451950073242
11.986205101013184
12.589509963989258
10.748676300048828
11.58257007598877
12.192882537841797
12.21630573272705
11.485335350036621
12.582317352294922
11.326191902160645
12.113982200622559
12.265955924987793
12.077192306518555
11.055902481079102
12.31116008758545
12.290267944335938
12.521965026855469
12.131559371948242
12.306203842163086
12.17255973815918
11.91794490814209
12.46115779876709
12.46123218536377
12.219680786132812
12.632711410522461
12.31210994720459
12.081817626953125
12.202982902526855
12.272417068481445
12.577919006347656
12.672513961791992
12.623104095458984
12.059527397155762
12.544201850891113
12.49570369720459
11.994175910949707
12.133151054382324
12.185537338256836
11.924818992614746
11.931650161743164
12.050524711608887
12.176261901855469
11.940923690795898
12.367728233337402
12.294541358947754
12.433582305908203
11.976446151733398
12.463738441467285
12.227799415588379
12.218262672424316
11.983837127685547
12.300201416015625
12.397525787353516
12.457890510559082
12.022777557373047
10.191096305847168
11.026994705200195
11.616819381713867
12.725780487060547
12.24245834350586
12.24473762512207
12.184514999389648
12.244359016418457
12.291297912597656
12.222564697265625
12.252310752868652
12.152159690856934
11.024625778198242
12.464746475219727
12.148724555969238
11.239983558654785
12.110928535461426
12.035548210144043
12.188678741455078
12.18565845489502
12.20811653137207
12.288108825683594
12.307229042053223
12.103960990905762
12.386383056640625
12.001042366027832
12.162686347961426
11.474316596984863
12.465349197387695
11.9032621383667
12.593002319335938
12.3875732421875
12.415366172790527
12.002201080322266
11.784333229064941
11.700200080871582
12.247034072875977
12.087512969970703
11.607736587524414
12.552779197692871
12.53411865234375
12.211394309997559
12.215919494628906
11.721110343933105
11.244874954223633
12.415609359741211
12.123835563659668
12.29214859008789
12.352544784545898
12.731319427490234
12.153780937194824
12.15757942199707
12.2932767868042
12.144052505493164
11.91978645324707
12.200864791870117
12.513092041015625
12.265266418457031
12.290969848632812
12.44569206237793
12.337023735046387
12.229205131530762
11.952527046203613
11.133275985717773
12.070244789123535
12.172829627990723
12.073171615600586
12.269503593444824
12.14521598815918
11.994513511657715
11.110603332519531
11.951838493347168
12.290873527526855
12.120257377624512
12.56906795501709
12.348487854003906
12.343683242797852
12.200413703918457
11.848687171936035
12.503485679626465
11.969056129455566
12.39795207977295
12.056357383728027
12.419817924499512
12.172669410705566
12.276735305786133
11.899938583374023
11.984702110290527
11.767333984375
12.403114318847656
12.48369026184082
12.010885238647461
11.5802583694458
12.150794982910156
12.179758071899414
11.8341064453125
11.7764892578125
11.92058277130127
12.370697021484375
10.937336921691895
12.364662170410156
11.922045707702637
11.85822582244873
12.080132484436035
12.097732543945312
11.918207168579102
12.068442344665527
12.442138671875
12.41177749633789
12.194823265075684
11.732221603393555
11.844857215881348
11.63846206665039
12.599739074707031
11.710771560668945
11.886185646057129
12.363213539123535
12.00672435760498
11.991400718688965
12.158770561218262
11.992378234863281
11.697951316833496
11.683968544006348
12.71949291229248
11.830982208251953
12.334676742553711
12.257814407348633
12.468514442443848
12.59407901763916
11.976622581481934
11.954919815063477
12.006043434143066
12.264286041259766
12.373291969299316
12.632431983947754
12.404476165771484
12.411625862121582
12.192925453186035
12.48184585571289
12.374128341674805
12.445344924926758
11.951767921447754
10.457500457763672
12.463723182678223
11.770475387573242
12.166703224182129
11.904623031616211
12.065719604492188
11.216373443603516
12.19952392578125
12.372929573059082
11.659832000732422
11.299166679382324
12.239236831665039
11.521279335021973
12.326081275939941
12.08288860321045
10.035462379455566
12.17405891418457
11.74539852142334
11.056567192077637
12.797938346862793
12.058418273925781
12.095011711120605
12.341605186462402
12.189266204833984
12.149985313415527
11.923511505126953
12.05810546875
12.375922203063965
12.292864799499512
11.99765682220459
12.069770812988281
11.260161399841309
12.180196762084961
12.203985214233398
12.331311225891113
12.411468505859375
12.099910736083984
11.939136505126953
12.59804630279541
12.660651206970215
11.84563159942627
11.218640327453613
12.456302642822266
11.850855827331543
12.46562385559082
12.288156509399414
11.515460968017578
11.9143648147583
11.88913345336914
10.90800666809082
11.346451759338379
12.735066413879395
11.696855545043945
12.464250564575195
11.514533996582031
12.105737686157227
11.861601829528809
12.301502227783203
11.825033187866211
12.033452987670898
11.300446510314941
11.433526992797852
12.366844177246094
12.22269058227539
11.944734573364258
12.346688270568848
12.115789413452148
12.414106369018555
11.833406448364258
12.004793167114258
12.281095504760742
11.638428688049316
12.397138595581055
11.799785614013672
12.385117530822754
12.268600463867188
12.523431777954102
11.954465866088867
12.190702438354492
11.222124099731445
12.762641906738281
11.536965370178223
12.395907402038574
12.43702507019043
12.447937965393066
12.319009780883789
12.206523895263672
11.924814224243164
12.2803955078125
11.94288158416748
11.461301803588867
11.813265800476074
12.337671279907227
11.726034164428711
10.886691093444824
12.073504447937012
12.389419555664062
11.37838077545166
10.961272239685059
12.14531135559082
11.996698379516602
11.879585266113281
12.732701301574707
11.9764404296875
12.332984924316406
12.016193389892578
11.563859939575195
12.134774208068848
11.950976371765137
12.229413986206055
11.905665397644043
11.233118057250977
12.57551097869873
12.136504173278809
11.863272666931152
12.050546646118164
11.72513484954834
11.931666374206543
11.980929374694824
12.102883338928223
12.070745468139648
12.166975021362305
12.128332138061523
11.820574760437012
12.08171558380127
11.365236282348633
12.550285339355469
11.637937545776367
12.288129806518555
12.258813858032227
12.182293891906738
12.13570785522461
12.475825309753418
11.942852973937988
11.620729446411133
12.534759521484375
12.400497436523438
12.043498039245605
12.188234329223633
12.265486717224121
12.436845779418945
11.30134391784668
12.081164360046387
12.413999557495117
