24.40766143798828
21.625478744506836
22.7248477935791
23.033634185791016
24.461191177368164
23.433849334716797
23.45510482788086
23.055606842041016
23.006967544555664
24.002620697021484
21.765268325805664
23.5931339263916
20.23650550842285
19.2344970703125
21.905418395996094
19.776037216186523
21.514278411865234
20.269784927368164
20.766918182373047
21.0424747467041
19.05339241027832
18.375045776367188
20.114181518554688
19.65222930908203
19.7706356048584
20.35146141052246
12.19742202758789
19.55776023864746
18.294891357421875
20.38335418701172
20.636510848999023
21.805950164794922
20.140539169311523
21.640501022338867
21.567750930786133
19.077072143554688
20.772497177124023
18.278099060058594
17.314342498779297
22.574819564819336
20.163867950439453
22.83978271484375
23.20252227783203
21.652868270874023
21.47259521484375
23.636367797851562
23.844202041625977
23.697696685791016
24.204038619995117
24.369768142700195
25.457019805908203
25.3873348236084
25.39613151550293
20.753684997558594
26.12203598022461
25.763530731201172
25.344003677368164
25.584697723388672
28.795459747314453
29.321483612060547
29.50503158569336
26.097562789916992
28.98456573486328
24.769283294677734
32.025943756103516
28.121416091918945
33.9380989074707
34.594398498535156
34.50571060180664
36.1646614074707
32.459495544433594
32.07051467895508
33.99184036254883
35.63823699951172
38.511314392089844
36.602256774902344
37.197113037109375
38.970455169677734
37.931209564208984
37.69636917114258
40.67238998413086
39.37025451660156
43.47586441040039
37.43330764770508
42.87773895263672
46.325862884521484
44.30058288574219
41.0262336730957
43.66139602661133
47.1357421875
40.88356399536133
48.83900451660156
49.3057746887207
49.15511703491211
44.27547836303711
41.183265686035156
48.501956939697266
51.827178955078125
51.91161346435547
52.17872619628906
47.61333465576172
45.47132873535156
48.11943054199219
50.00772476196289
47.970252990722656
51.1424560546875
58.980560302734375
47.52363204956055
46.1788330078125
54.3809928894043
48.64734649658203
54.14356994628906
50.585426330566406
44.57316207885742
60.90654373168945
61.606197357177734
47.12556076049805
58.88394546508789
60.778114318847656
54.25785446166992
59.07083511352539
60.358760833740234
59.82807922363281
59.94157028198242
39.648704528808594
61.766693115234375
62.86261749267578
59.983497619628906
59.871429443359375
54.18339157104492
46.7098503112793
44.08629608154297
50.9686393737793
56.37374496459961
59.39699172973633
55.40328598022461
52.29120635986328
58.526710510253906
56.61567687988281
42.45350646972656
51.766998291015625
42.88998031616211
51.257877349853516
46.45758819580078
46.73418045043945
46.272735595703125
46.99231719970703
47.10859680175781
52.25540542602539
42.92853927612305
38.75654983520508
44.80495071411133
46.12937927246094
36.68508529663086
33.5587158203125
33.57881164550781
40.97871398925781
42.89990234375
38.9071044921875
38.9516716003418
30.849872589111328
28.590272903442383
39.157249450683594
29.95329475402832
29.374841690063477
31.756813049316406
27.02156639099121
40.9210090637207
34.09053039550781
25.194602966308594
32.64670944213867
23.225770950317383
16.94345474243164
11.298815727233887
32.714439392089844
26.6695556640625
21.41761016845703
21.334684371948242
13.952938079833984
29.40230941772461
46.31438064575195
21.226430892944336
44.877437591552734
20.90393829345703
55.132720947265625
39.257442474365234
37.192562103271484
10.265851020812988
54.71294403076172
67.10970306396484
50.398868560791016
10.563468933105469
27.746252059936523
50.59001159667969
55.441558837890625
33.7584228515625
13.623871803283691
38.710269927978516
27.78560447692871
10.245948791503906
38.512367248535156
51.35002136230469
65.48603057861328
17.459564208984375
55.571563720703125
74.4759750366211
61.476661682128906
18.399375915527344
36.26290512084961
68.49496459960938
54.90174102783203
23.804962158203125
18.662723541259766
41.09765625
30.173192977905273
15.429970741271973
40.94206619262695
59.33171463012695
51.32346725463867
22.501771926879883
17.30857276916504
31.45067024230957
17.826065063476562
15.595659255981445
18.33928108215332
5.644398212432861
19.654647827148438
6.2659502029418945
9.094465255737305
4.863390922546387
10.271976470947266
5.513968467712402
21.953706741333008
29.80765724182129
19.488418579101562
31.037437438964844
41.7589225769043
24.674070358276367
11.419426918029785
8.556609153747559
26.266815185546875
16.387189865112305
29.38456916809082
48.99539566040039
29.324668884277344
29.22844123840332
39.72431182861328
38.938941955566406
14.860982894897461
6.93616247177124
8.110339164733887
3.780611753463745
7.727284908294678
28.806758880615234
22.724746704101562
12.467827796936035
39.045860290527344
66.42639923095703
37.8633918762207
7.640885829925537
30.368806838989258
36.82672119140625
16.759624481201172
23.080881118774414
38.23554611206055
23.27903938293457
12.96568775177002
10.401212692260742
8.85716724395752
40.0914421081543
36.61147689819336
23.1444149017334
11.983712196350098
21.979307174682617
3.4781150817871094
19.5067195892334
12.403732299804688
6.246326923370361
26.79385757446289
16.71590232849121
18.225080490112305
23.92325210571289
7.070781707763672
32.08832931518555
36.96928405761719
28.053348541259766
34.27530288696289
50.017757415771484
20.463457107543945
12.280023574829102
28.58277130126953
56.83446502685547
36.47672653198242
15.400797843933105
27.95625877380371
14.643386840820312
20.151208877563477
27.947580337524414
17.91807746887207
22.943490982055664
39.404396057128906
29.92683982849121
7.32661771774292
14.773643493652344
8.557562828063965
22.72480010986328
29.234941482543945
7.884116172790527
15.745284080505371
11.252561569213867
12.48609733581543
7.284377098083496
5.281511306762695
20.671049118041992
5.974410533905029
7.760675430297852
7.332651615142822
31.11690330505371
19.370471954345703
13.599373817443848
8.067052841186523
7.739556789398193
6.03624153137207
15.807649612426758
9.71658706665039
4.624750137329102
12.678812980651855
5.906060218811035
46.710018157958984
43.81096649169922
28.0134220123291
24.85105323791504
36.3330192565918
13.371058464050293
16.668508529663086
22.22760581970215
4.240015029907227
19.867416381835938
8.171441078186035
24.17664337158203
18.721675872802734
5.771088123321533
34.96983337402344
4.448751449584961
34.483646392822266
7.226627349853516
19.042831420898438
20.92122459411621
5.257502555847168
22.962778091430664
6.045531749725342
14.727906227111816
4.157218933105469
10.43044376373291
7.4973931312561035
28.266746520996094
17.951017379760742
7.335813522338867
17.42608642578125
9.942570686340332
18.32767105102539
19.007774353027344
23.857309341430664
12.568819046020508
4.591715335845947
19.41937255859375
7.806397914886475
17.564064025878906
16.73173713684082
30.506563186645508
27.475929260253906
14.738497734069824
32.39936828613281
36.401649475097656
9.517004013061523
34.08987808227539
49.27532196044922
38.29667282104492
13.581819534301758
16.0305118560791
14.57607364654541
25.538286209106445
47.23603820800781
22.168607711791992
22.71999740600586
31.787076950073242
18.552751541137695
26.65918731689453
37.17605209350586
15.304235458374023
25.017457962036133
43.68207931518555
13.173046112060547
22.466182708740234
40.782779693603516
13.4791259765625
24.401823043823242
27.200042724609375
23.9894962310791
25.54595375061035
43.89982604980469
20.714143753051758
30.986373901367188
48.203731536865234
18.08841323852539
26.886621475219727
35.52670669555664
18.644304275512695
20.684568405151367
42.247833251953125
15.786323547363281
27.23923110961914
35.76683807373047
22.58504867553711
27.04662322998047
35.267826080322266
10.306184768676758
19.006196975708008
32.96113967895508
20.10806655883789
26.6856632232666
31.034894943237305
24.65411949157715
12.792418479919434
21.0422306060791
5.9707489013671875
5.446621894836426
14.162566184997559
8.015644073486328
28.56616973876953
18.219093322753906
7.165689945220947
3.03132700920105
7.059291839599609
10.823161125183105
10.273477554321289
6.658371925354004
5.890859603881836
15.081656455993652
8.95608901977539
22.061485290527344
6.292813777923584
19.228042602539062
16.211286544799805
16.233959197998047
25.506519317626953
2.5098612308502197
7.32884407043457
20.948986053466797
26.41597557067871
19.0015869140625
35.769622802734375
3.7826974391937256
11.505300521850586
6.87547492980957
7.392514705657959
18.366052627563477
5.3312249183654785
24.411937713623047
23.849201202392578
13.308055877685547
14.711400985717773
8.193626403808594
44.89122772216797
44.16135787963867
20.970317840576172
29.281166076660156
22.89495849609375
4.667895793914795
29.42298126220703
32.73988723754883
7.244903564453125
45.766319274902344
68.72173309326172
43.20098876953125
10.755507469177246
40.889373779296875
56.254302978515625
68.37889862060547
33.54957962036133
28.476978302001953
33.821380615234375
24.430076599121094
18.168272018432617
25.810585021972656
9.321553230285645
27.896297454833984
40.77471160888672
14.937520027160645
34.31898880004883
52.730587005615234
22.62603759765625
2.6636035442352295
32.14701843261719
37.652706146240234
16.33372688293457
28.0357723236084
23.93242073059082
5.292409896850586
25.4945068359375
12.789989471435547
17.246692657470703
13.101753234863281
13.944948196411133
5.457512378692627
7.266353607177734
4.59559440612793
10.708782196044922
6.62972354888916
3.2236509323120117
5.609803676605225
18.321149826049805
5.397712707519531
12.215022087097168
15.973855972290039
21.598188400268555
21.830018997192383
7.353183746337891
8.363089561462402
4.353641986846924
9.4756498336792
13.248196601867676
34.52455139160156
24.671844482421875
6.987950801849365
34.81290054321289
35.48552322387695
19.194425582885742
32.49677276611328
37.64608383178711
13.694361686706543
24.247220993041992
34.29229736328125
19.553586959838867
8.157919883728027
17.69960594177246
6.899679183959961
16.104450225830078
13.97314167022705
8.833672523498535
11.436479568481445
17.699932098388672
7.680912017822266
10.817806243896484
10.826678276062012
10.994393348693848
18.393489837646484
5.373661518096924
22.813339233398438
13.257538795471191
12.213042259216309
18.111894607543945
5.505113124847412
18.794218063354492
23.94484519958496
5.856685638427734
31.15032386779785
13.535717010498047
19.326047897338867
30.527629852294922
28.955686569213867
14.899664878845215
12.508431434631348
10.383868217468262
5.670614719390869
4.785643577575684
23.56043815612793
26.83193588256836
6.243363857269287
15.862606048583984
31.91229820251465
8.261289596557617
29.77570152282715
42.15414810180664
36.17161560058594
3.5521388053894043
12.864120483398438
10.870903968811035
21.168624877929688
14.377320289611816
3.9040849208831787
16.135147094726562
23.368865966796875
7.370043754577637
7.445676803588867
7.818506240844727
10.574994087219238
22.799951553344727
8.403446197509766
8.340691566467285
5.845745086669922
4.217585563659668
5.039253234863281
6.362565040588379
5.092658996582031
11.70933723449707
5.991311550140381
6.818120956420898
4.191037178039551
3.327540636062622
3.7190334796905518
17.362804412841797
11.920909881591797
28.196298599243164
23.745153427124023
18.31920051574707
28.37752914428711
27.100467681884766
17.59834861755371
12.044439315795898
16.816089630126953
4.445383071899414
7.228713035583496
5.733221530914307
9.79808235168457
2.4102137088775635
2.3835244178771973
10.338750839233398
12.676761627197266
8.62801456451416
14.330708503723145
12.92052173614502
15.77670669555664
30.848360061645508
22.136507034301758
20.752864837646484
28.052377700805664
10.169044494628906
25.116125106811523
26.848831176757812
22.17223358154297
16.08261489868164
29.523332595825195
11.284361839294434
21.160356521606445
19.88846778869629
10.63744831085205
17.469635009765625
23.4173526763916
8.275324821472168
22.44394874572754
31.682636260986328
10.794723510742188
16.211620330810547
24.29812240600586
17.588346481323242
8.014213562011719
15.613767623901367
4.65631103515625
28.76859474182129
26.446727752685547
9.1359281539917
18.521114349365234
38.16694641113281
22.507966995239258
25.01498031616211
25.350770950317383
6.335116386413574
11.796894073486328
28.798078536987305
8.554183959960938
8.063644409179688
27.453134536743164
10.855672836303711
9.211009979248047
11.979074478149414
7.817734241485596
3.9307641983032227
3.8755722045898438
14.008124351501465
4.593693733215332
27.00969123840332
31.13252830505371
11.373224258422852
25.42611312866211
51.597389221191406
27.785009384155273
5.386409759521484
37.40364074707031
63.912017822265625
61.485931396484375
47.26173782348633
9.762678146362305
34.68218231201172
56.36954116821289
59.07377243041992
38.66404724121094
8.002273559570312
29.540388107299805
33.75400924682617
38.096195220947266
13.10289478302002
16.236955642700195
25.428733825683594
15.983997344970703
2.6467347145080566
17.443586349487305
24.521345138549805
11.244068145751953
16.64116096496582
12.661948204040527
2.963411808013916
15.116256713867188
4.670338153839111
11.129500389099121
4.197631359100342
21.740177154541016
26.21500015258789
10.8248872756958
15.492539405822754
22.921550750732422
16.699121475219727
5.686992168426514
8.940110206604004
5.6707892417907715
10.536669731140137
11.461763381958008
14.502525329589844
5.8072285652160645
14.503774642944336
6.500679969787598
10.773842811584473
13.103605270385742
5.8208327293396
6.91732931137085
8.209547996520996
7.527560710906982
7.352962017059326
15.532071113586426
3.169621229171753
11.960124969482422
5.834060192108154
9.12852954864502
5.289116859436035
3.3480849266052246
11.595049858093262
16.376239776611328
6.171603679656982
9.299296379089355
7.27204704284668
12.492218971252441
16.02027702331543
9.371688842773438
5.849157333374023
11.225214004516602
1.7539926767349243
10.966612815856934
14.807564735412598
7.545473098754883
4.918426990509033
2.4448862075805664
7.724409103393555
14.001998901367188
13.279751777648926
3.370650053024292
8.445913314819336
9.147732734680176
7.8782172203063965
27.621891021728516
24.700307846069336
6.086216449737549
10.613465309143066
8.880247116088867
4.283736705780029
31.477710723876953
39.19164276123047
47.5800666809082
26.789140701293945
10.38656997680664
26.2285213470459
38.735389709472656
27.96997833251953
5.211428165435791
21.320404052734375
31.737764358520508
26.582664489746094
20.306232452392578
8.156909942626953
18.898475646972656
8.972735404968262
3.178860902786255
9.007113456726074
6.553637504577637
11.03752613067627
9.004658699035645
15.110485076904297
6.783964157104492
7.464447021484375
4.0427985191345215
2.555527448654175
10.915793418884277
6.3358659744262695
12.405811309814453
10.476988792419434
14.190187454223633
7.172321319580078
13.125566482543945
7.186331748962402
6.643734455108643
11.007573127746582
8.451870918273926
4.402442455291748
3.5235161781311035
7.477771759033203
12.559141159057617
6.954897403717041
9.300952911376953
5.859920024871826
13.741494178771973
3.073833465576172
2.2979884147644043
6.9659857749938965
6.929933071136475
7.8806986808776855
10.45967960357666
6.791665077209473
15.774231910705566
5.119147300720215
3.5962073802948
2.5372350215911865
25.967815399169922
21.032392501831055
12.336849212646484
6.949887275695801
19.08804702758789
19.722267150878906
6.680683612823486
14.667701721191406
23.89666175842285
23.935346603393555
5.662259578704834
20.42806053161621
11.989219665527344
14.644762992858887
5.227467060089111
3.4039785861968994
3.8023431301116943
13.817755699157715
18.541913986206055
15.931966781616211
5.8224921226501465
12.996968269348145
17.614456176757812
6.565523624420166
10.616124153137207
34.7436637878418
22.210594177246094
7.90640926361084
21.494874954223633
18.791885375976562
10.781418800354004
10.310527801513672
15.642620086669922
20.694747924804688
14.534403800964355
5.655481815338135
6.346888542175293
16.79003143310547
3.152569055557251
2.4040939807891846
6.482016563415527
3.152722120285034
6.178704261779785
13.117786407470703
3.3437564373016357
5.719202041625977
12.008610725402832
4.914124488830566
16.57006072998047
19.552715301513672
12.30825138092041
6.923990726470947
14.007702827453613
24.53187370300293
23.281492233276367
12.561834335327148
5.5564165115356445
10.371377944946289
3.091184139251709
2.9672868251800537
7.266712665557861
11.491884231567383
6.666923999786377
3.3755338191986084
14.152467727661133
9.667827606201172
3.4579553604125977
1.939978003501892
9.720697402954102
2.0086708068847656
4.150363445281982
4.956603050231934
11.044602394104004
7.350562572479248
2.4517338275909424
5.238156795501709
4.601123332977295
2.85225510597229
2.6553709506988525
7.399043083190918
6.069021224975586
4.033339023590088
6.978122711181641
4.955386638641357
3.2798612117767334
5.539996147155762
6.9263505935668945
14.10999584197998
13.559921264648438
2.9705164432525635
2.80360746383667
9.84814739227295
3.4058029651641846
4.653896808624268
8.642648696899414
5.2460103034973145
3.811950445175171
4.452005386352539
5.426826477050781
11.601030349731445
4.519324779510498
13.002053260803223
14.09506893157959
9.148850440979004
2.634019136428833
13.917197227478027
23.97158432006836
18.941030502319336
13.02987289428711
7.197159290313721
9.465596199035645
21.557004928588867
8.08630084991455
3.665085554122925
7.985458850860596
29.728330612182617
10.703322410583496
5.813549518585205
15.097599029541016
20.98501205444336
10.964272499084473
4.1401848793029785
13.893582344055176
22.094127655029297
26.218082427978516
9.13603401184082
8.416518211364746
19.88968849182129
17.27981185913086
30.541536331176758
13.972759246826172
8.152546882629395
6.035521984100342
5.174537181854248
19.59429359436035
18.15057945251465
9.619504928588867
7.178204536437988
6.510279655456543
19.15650177001953
15.68570327758789
7.817129135131836
1.396273136138916
9.657445907592773
3.145848274230957
2.27518367767334
4.193080425262451
3.2749369144439697
4.435551166534424
6.413288116455078
13.312780380249023
8.82276439666748
5.554051876068115
1.6903512477874756
9.831271171569824
23.057584762573242
6.200776100158691
2.7052645683288574
3.811107873916626
2.238199472427368
9.354357719421387
7.485820293426514
9.34238052368164
15.400137901306152
17.24446678161621
23.232755661010742
12.468759536743164
12.740360260009766
4.758949279785156
3.954326868057251
4.130971431732178
2.7518532276153564
11.520267486572266
5.529941558837891
14.582149505615234
3.929074764251709
7.287319660186768
12.084810256958008
4.191965103149414
16.202007293701172
23.374156951904297
12.08633041381836
6.624388217926025
5.918612003326416
9.154120445251465
2.9558026790618896
9.790068626403809
3.2375833988189697
8.38923168182373
2.679412841796875
2.179415225982666
14.58452320098877
13.681251525878906
4.1307549476623535
4.5958757400512695
5.110925674438477
2.9931445121765137
4.017580509185791
3.139246940612793
3.4838991165161133
12.080114364624023
7.382853031158447
7.076061248779297
