3.678232192993164
4.212718486785889
3.617927074432373
3.768453598022461
4.271578311920166
3.6628026962280273
3.7324376106262207
3.907999038696289
3.9279043674468994
4.073497772216797
3.9575514793395996
3.80307936668396
4.010257720947266
3.908977508544922
3.525974988937378
3.989886522293091
4.1435651779174805
3.684936761856079
3.9913296699523926
3.891941547393799
3.8903958797454834
4.063217639923096
3.5339019298553467
3.866014003753662
3.6079792976379395
3.6063714027404785
3.8631627559661865
3.4850339889526367
3.704672336578369
3.591642141342163
3.560553550720215
3.63503098487854
3.4807350635528564
3.764251232147217
3.635880947113037
3.6749017238616943
3.289292812347412
3.7966480255126953
3.6037373542785645
3.6818645000457764
3.4099555015563965
3.3591487407684326
3.538775682449341
3.3423190116882324
3.611572504043579
3.151982307434082
3.428093910217285
3.71248459815979
3.290034055709839
3.203935384750366
3.6048810482025146
3.373077869415283
3.3624727725982666
3.3146462440490723
3.3102383613586426
3.665609121322632
3.466975450515747
3.4063720703125
3.7334911823272705
3.634046792984009
3.6853511333465576
3.601534366607666
3.3158512115478516
3.627882480621338
3.3059349060058594
3.9460713863372803
3.703425884246826
3.455817699432373
3.8216707706451416
3.5490593910217285
3.465254545211792
3.7160003185272217
3.904841184616089
3.355510711669922
3.5354156494140625
3.672305107116699
3.370966911315918
3.6315853595733643
3.5021674633026123
3.4715161323547363
3.504180431365967
3.47700834274292
3.59958815574646
3.269895553588867
2.9640047550201416
3.4505321979522705
3.4168879985809326
3.0279669761657715
3.1291747093200684
3.489529848098755
3.3747098445892334
3.6447694301605225
3.279890298843384
3.530137538909912
3.4321389198303223
2.4377753734588623
3.340315341949463
3.4345662593841553
3.472520589828491
3.361846923828125
3.3735647201538086
2.8541972637176514
3.2269093990325928
3.098442792892456
3.4201064109802246
2.8254668712615967
3.042275905609131
3.3940634727478027
3.1720056533813477
3.3191275596618652
3.244978189468384
3.1022632122039795
2.4430978298187256
3.3596487045288086
3.2500836849212646
2.9309799671173096
3.2121822834014893
2.972676992416382
2.9145116806030273
2.8051679134368896
2.7640178203582764
2.41385817527771
2.8917062282562256
2.9326469898223877
2.8784244060516357
3.130284309387207
3.1794936656951904
2.985836982727051
3.1085205078125
3.0270214080810547
2.955775737762451
2.952514410018921
3.126169443130493
2.6436824798583984
2.7716476917266846
2.5416207313537598
2.242715835571289
2.6877288818359375
2.47027850151062
2.8679511547088623
2.6989614963531494
2.6900076866149902
2.7000484466552734
2.711703062057495
2.4121968746185303
2.560169219970703
2.7901692390441895
2.7929463386535645
2.6343531608581543
2.4874892234802246
2.683915376663208
2.3288424015045166
2.717390775680542
2.2339389324188232
2.256232500076294
2.1424055099487305
2.3998520374298096
2.2226481437683105
2.100543975830078
1.962334394454956
2.5781173706054688
2.295365810394287
2.2740166187286377
2.005178451538086
2.18733286857605
2.0869040489196777
1.9919134378433228
2.1711535453796387
1.8490265607833862
2.0370097160339355
1.855035424232483
1.7481341361999512
1.8257859945297241
2.3612961769104004
2.0396711826324463
1.3336095809936523
2.024636745452881
1.5585377216339111
1.4102427959442139
1.79335618019104
1.280558705329895
1.6660462617874146
2.044339179992676
1.7325795888900757
1.9535536766052246
1.6399554014205933
1.4727919101715088
1.4444687366485596
1.4057255983352661
1.5884987115859985
1.5913608074188232
1.67868173122406
1.0741541385650635
1.346292495727539
1.4394817352294922
1.8503172397613525
1.6458688974380493
1.5572456121444702
1.326738953590393
0.9856998920440674
1.5614418983459473
1.357192873954773
1.1089109182357788
1.3036932945251465
1.2365814447402954
1.5945971012115479
1.3268548250198364
1.270945429801941
1.1542335748672485
1.6402835845947266
0.729800820350647
1.1693625450134277
1.122620940208435
0.9425938129425049
1.4613035917282104
1.1075941324234009
1.4404486417770386
1.1861612796783447
1.257969856262207
1.0089080333709717
1.1202430725097656
1.2897520065307617
1.026041030883789
1.1184312105178833
0.8215725421905518
1.5049710273742676
2.3794636726379395
1.0532439947128296
0.9684541821479797
1.4350310564041138
0.9940847158432007
2.4568002223968506
0.8274186849594116
0.9539036154747009
1.193489909172058
0.9286661744117737
1.001010537147522
1.03876793384552
1.2097113132476807
1.2877482175827026
1.05718195438385
0.5885255932807922
0.9370885491371155
1.8082716464996338
0.7665514349937439
0.789606511592865
1.134216547012329
1.7616045475006104
0.7417524456977844
0.9287376403808594
0.8613640666007996
1.1963920593261719
0.7904011011123657
0.9516853094100952
2.054342746734619
0.7392371892929077
2.1733450889587402
0.7102908492088318
0.9335160851478577
0.9279752373695374
0.9413958787918091
0.6882220506668091
1.5041451454162598
0.696069598197937
0.6323962807655334
1.176128625869751
0.5788559913635254
1.8943650722503662
0.8656306266784668
2.401329755783081
1.1670435667037964
0.8847150206565857
0.9849720597267151
1.2093416452407837
1.2833572626113892
1.0462429523468018
0.8702095150947571
0.7148508429527283
1.762890100479126
1.2960455417633057
0.7495469450950623
2.7867228984832764
1.056158423423767
0.782798171043396
0.5059694647789001
1.0200177431106567
0.7253071069717407
1.4694358110427856
0.529508113861084
4.182917594909668
0.6799288392066956
1.015934944152832
2.481680154800415
3.141533374786377
2.572420358657837
2.613302707672119
2.0000548362731934
1.1354330778121948
0.7281798720359802
1.6850180625915527
1.2454023361206055
0.7290107607841492
0.759266197681427
1.0138128995895386
1.327125906944275
1.7282274961471558
1.394173264503479
3.6368298530578613
2.3087501525878906
3.1813695430755615
0.8190406560897827
0.8342098593711853
1.017824649810791
0.7742435932159424
2.2304015159606934
3.0132737159729004
1.1194854974746704
2.6306073665618896
3.1666855812072754
1.0970978736877441
2.4137802124023438
2.827299118041992
1.0229758024215698
1.103075385093689
2.2011399269104004
4.000545501708984
1.6663960218429565
1.2403484582901
0.6589715480804443
1.1108568906784058
0.8127402663230896
2.0131804943084717
1.5535931587219238
4.379838466644287
1.9716728925704956
1.2841427326202393
1.5351320505142212
1.5323535203933716
1.5724670886993408
2.042466878890991
0.8139912486076355
2.3396852016448975
0.8797032833099365
0.746023416519165
2.6207199096679688
1.3295105695724487
0.8370414972305298
0.726363480091095
1.5059537887573242
3.501005172729492
0.8832859396934509
1.2004187107086182
1.7124199867248535
0.9116398692131042
2.8169760704040527
1.849273443222046
3.987401008605957
3.5779190063476562
4.960671424865723
3.485229015350342
2.2902424335479736
3.469655752182007
1.019455909729004
1.0345594882965088
0.9021258354187012
1.996152639389038
0.5014437437057495
2.8138766288757324
0.7031638026237488
1.1163798570632935
0.8650760054588318
0.8850064277648926
1.502015233039856
5.194456100463867
0.9548822045326233
2.3329169750213623
1.9502198696136475
6.841588497161865
2.214721918106079
2.370086193084717
1.8722190856933594
1.0885779857635498
4.708390712738037
3.634934902191162
1.2074546813964844
4.689197063446045
0.8274867534637451
1.5459108352661133
1.0687953233718872
1.7874414920806885
0.6571968197822571
0.5487009882926941
0.9453575611114502
5.708373069763184
1.8580297231674194
0.827302098274231
0.6980023384094238
1.9300711154937744
1.6810007095336914
1.8319941759109497
0.6228647828102112
3.987255811691284
3.2608988285064697
0.5206729769706726
3.5103540420532227
0.8158194422721863
0.8345271944999695
1.8085623979568481
3.250627279281616
1.1546388864517212
2.10649037361145
2.247410535812378
1.7813996076583862
0.5794965028762817
2.1927521228790283
1.2356584072113037
4.287378311157227
0.4554171562194824
4.534586429595947
2.348227024078369
0.8897326588630676
0.9902548789978027
1.1834561824798584
1.9111205339431763
0.9190038442611694
1.4567958116531372
1.811774492263794
1.9729105234146118
3.397385597229004
1.6561200618743896
2.55353045463562
4.512899875640869
0.6467613577842712
0.6537911891937256
2.1316843032836914
3.2741005420684814
0.8821440935134888
0.9416933059692383
1.1571224927902222
2.8967278003692627
4.097624778747559
1.0198159217834473
1.836909532546997
2.3072054386138916
3.5737524032592773
1.7390211820602417
0.8183228373527527
1.0249924659729004
0.8217806220054626
2.8592069149017334
2.103572368621826
1.925500512123108
0.9342589974403381
2.305004596710205
2.5781784057617188
1.267879843711853
3.0372729301452637
2.7320666313171387
1.477784276008606
1.4319581985473633
1.5391497611999512
0.8531667590141296
1.0642318725585938
0.7711185812950134
3.442741632461548
2.4242849349975586
1.77496337890625
1.5087085962295532
1.9719387292861938
1.2401032447814941
4.655995845794678
1.107643485069275
0.9700433611869812
2.5333662033081055
2.1058223247528076
1.846699833869934
5.262307643890381
1.6931281089782715
3.167653799057007
0.8088301420211792
1.2654664516448975
0.8786659836769104
3.7648000717163086
2.16640043258667
0.749694287776947
4.990660190582275
2.313002586364746
3.1347849369049072
0.482067346572876
1.3670296669006348
2.0021703243255615
1.703116774559021
5.3167266845703125
2.7012224197387695
0.617042064666748
2.5533182621002197
0.5859623551368713
1.744031310081482
5.20863151550293
1.6511896848678589
1.8002145290374756
1.6505250930786133
6.970041275024414
2.5544631481170654
0.514606773853302
0.6850063800811768
3.715747356414795
0.7236282825469971
1.2298409938812256
0.5942520499229431
3.4351210594177246
1.9218608140945435
1.7711323499679565
1.598433494567871
1.1851195096969604
3.4899070262908936
1.6860462427139282
1.1814610958099365
1.2378166913986206
1.3764477968215942
0.7884219288825989
0.5860379934310913
2.575279951095581
4.075215816497803
4.808351039886475
1.0618741512298584
3.541826009750366
2.2935476303100586
0.745684027671814
0.7614713907241821
1.6223119497299194
1.8642500638961792
3.5420420169830322
3.865784168243408
1.901971697807312
2.536860466003418
1.9772169589996338
2.0625579357147217
4.06844425201416
2.535863161087036
0.5616852045059204
0.6481441259384155
2.1430532932281494
5.082204818725586
2.254577875137329
0.8528454303741455
0.6375718712806702
4.6206512451171875
1.3674216270446777
0.8981845378875732
1.0846728086471558
1.787295937538147
0.5982748866081238
3.040661334991455
4.127893447875977
10.72558307647705
2.597179412841797
1.3318334817886353
0.8151489496231079
3.077075242996216
1.5089689493179321
9.686692237854004
1.6362786293029785
1.2539610862731934
3.7548985481262207
3.785445213317871
4.4042792320251465
4.190835475921631
1.6667286157608032
3.2712838649749756
1.8254919052124023
0.5288807153701782
1.0743428468704224
0.9279237389564514
2.7782018184661865
1.7753407955169678
2.445249319076538
1.2939088344573975
0.7335253953933716
3.922137975692749
1.7715415954589844
2.82570743560791
3.157365083694458
2.2782726287841797
0.6861668825149536
3.3369038105010986
0.808761477470398
0.9744896292686462
2.287393093109131
2.5231971740722656
4.0762457847595215
1.722266435623169
0.6439911723136902
2.513939619064331
0.8185712099075317
0.8481675982475281
0.817865252494812
1.1282867193222046
7.87146520614624
1.0016580820083618
1.5600398778915405
2.6135990619659424
1.131568431854248
2.6319146156311035
2.5413050651550293
1.974775791168213
1.1890933513641357
2.3921637535095215
1.2748370170593262
4.63020658493042
3.2275688648223877
1.8172481060028076
0.7519534230232239
0.918746829032898
0.8508880734443665
0.7690085172653198
0.7572507262229919
2.0002198219299316
0.5704348087310791
1.6131763458251953
1.4739795923233032
3.984160900115967
1.7908254861831665
1.3663045167922974
1.2452369928359985
1.733793020248413
1.9311319589614868
1.3305100202560425
1.7935580015182495
3.9549083709716797
1.7803133726119995
1.9350168704986572
0.5251067876815796
1.8216956853866577
2.281892776489258
2.254591703414917
1.2168346643447876
3.36887526512146
1.3270586729049683
1.92951238155365
1.083732008934021
0.4739731550216675
1.3394041061401367
4.911835670471191
3.2840981483459473
1.026532530784607
0.6819561719894409
1.4850468635559082
1.2296853065490723
3.986835241317749
1.0965889692306519
3.144833564758301
2.149401903152466
1.8927706480026245
1.8608336448669434
0.49090778827667236
2.2783355712890625
5.036386013031006
0.9955585598945618
0.9215882420539856
0.667984127998352
4.004521369934082
5.76983118057251
1.3105950355529785
2.3615822792053223
3.9447033405303955
4.363821506500244
2.9912495613098145
2.6148555278778076
4.144571781158447
0.7818446159362793
3.8258442878723145
1.5229299068450928
1.7878433465957642
2.554201364517212
1.1400312185287476
0.8237849473953247
1.8430321216583252
3.536787986755371
1.8062524795532227
1.4349827766418457
1.3882399797439575
1.179328441619873
0.7469411492347717
3.7772672176361084
2.9124293327331543
7.3022871017456055
7.544140815734863
8.182058334350586
4.968404293060303
3.371811628341675
2.8875997066497803
3.701735496520996
1.8792273998260498
0.7695996165275574
0.718065619468689
1.5174890756607056
0.9076789617538452
3.234300136566162
3.328606128692627
4.148268699645996
2.882307529449463
1.4619121551513672
2.31911039352417
1.227699637413025
4.487716197967529
1.3518067598342896
0.6091416478157043
4.203455448150635
0.5825150012969971
0.5641558766365051
2.5750300884246826
3.4981391429901123
1.4366625547409058
1.7732353210449219
1.6003925800323486
1.0918498039245605
3.0184028148651123
7.759759902954102
5.1404008865356445
0.789433479309082
3.542909622192383
4.849280834197998
2.542271375656128
2.3530027866363525
1.7514606714248657
2.863283157348633
1.9938706159591675
0.9122380614280701
3.0287201404571533
2.3389782905578613
2.0412182807922363
0.46546104550361633
0.8484733700752258
1.0444612503051758
0.8382577300071716
1.602823257446289
4.391212463378906
0.8026868104934692
0.5383214354515076
0.8780852556228638
0.8930936455726624
0.6983622908592224
0.7498383522033691
0.5841550827026367
1.3764861822128296
0.5100236535072327
0.845406711101532
1.7674182653427124
2.4957306385040283
5.269716262817383
1.5639801025390625
1.2195335626602173
0.5126535296440125
0.4204881489276886
3.7422897815704346
5.220805644989014
5.9425530433654785
0.9437418580055237
1.886399269104004
0.5718528628349304
2.3803553581237793
0.45630335807800293
0.5673767924308777
1.2898396253585815
3.2765769958496094
0.641666829586029
0.62123042345047
1.661736249923706
0.4890032708644867
9.852044105529785
6.455938339233398
7.03213357925415
3.5363733768463135
1.9727543592453003
1.1945470571517944
1.240858554840088
0.6473261713981628
2.105811357498169
0.9381672143936157
0.9898070693016052
1.5272892713546753
3.0035810470581055
1.5858590602874756
2.1717352867126465
1.3611705303192139
1.1282209157943726
1.9757084846496582
1.7464408874511719
2.0698909759521484
0.880604088306427
0.708159863948822
1.882303237915039
0.46245744824409485
1.851846694946289
2.3092494010925293
3.3226394653320312
5.399137020111084
1.840864896774292
0.5863859057426453
4.425197601318359
1.1792763471603394
3.5340442657470703
0.7494635581970215
2.000380277633667
2.2364070415496826
0.7315275073051453
1.3561171293258667
6.617099285125732
1.0513702630996704
2.111233949661255
1.0144392251968384
2.972151517868042
4.859001159667969
2.1185507774353027
0.8946072459220886
1.4962137937545776
0.5411462187767029
1.492954969406128
2.458587169647217
0.6241581439971924
1.7197929620742798
1.7361623048782349
1.0343741178512573
1.615883469581604
0.7169574499130249
2.753870964050293
0.5687870383262634
1.9621901512145996
0.8212661147117615
2.808695077896118
2.661936044692993
3.4533395767211914
3.684105634689331
0.521812379360199
2.0839104652404785
1.155219316482544
2.509141206741333
0.7447903156280518
1.4494417905807495
2.677433490753174
2.0296244621276855
2.7342171669006348
1.5204603672027588
3.032144546508789
1.52183997631073
0.7511954307556152
0.8443863391876221
4.198276519775391
2.0832152366638184
0.7404545545578003
2.2882604598999023
1.2619202136993408
0.8326808214187622
1.3751335144042969
1.5986382961273193
2.631701946258545
2.250490665435791
1.6304244995117188
0.900057852268219
2.143202304840088
0.6051732897758484
3.1923906803131104
1.2072510719299316
1.9831805229187012
0.7821599841117859
1.7685532569885254
0.6247764825820923
1.379202127456665
9.393442153930664
1.5086596012115479
3.5650460720062256
5.87698221206665
0.6463927626609802
2.2521867752075195
1.0006582736968994
0.8293825387954712
4.162110805511475
2.595547914505005
1.4711285829544067
0.8609329462051392
0.6544268131256104
2.733124256134033
2.1932666301727295
2.181992769241333
3.6054182052612305
1.1952680349349976
1.809630274772644
1.1159188747406006
2.4897117614746094
1.5690453052520752
4.641366958618164
4.194400310516357
1.3108354806900024
2.8228256702423096
1.2311314344406128
2.1707122325897217
2.184598445892334
0.5872043967247009
0.9263771176338196
0.5291237235069275
1.4253315925598145
1.4760115146636963
4.527308464050293
1.6308791637420654
1.4487985372543335
2.4434456825256348
1.951047420501709
0.8275717496871948
2.5946412086486816
2.1777491569519043
2.1915781497955322
4.75587797164917
1.816211223602295
2.446552276611328
2.087437868118286
2.018202304840088
3.0110151767730713
2.324674606323242
2.4897758960723877
1.2607251405715942
3.8823063373565674
3.7221834659576416
0.7991426587104797
5.346311569213867
1.4801220893859863
2.3543457984924316
8.573798179626465
0.939789891242981
1.3465150594711304
1.9948139190673828
2.606685161590576
4.248987674713135
1.1730226278305054
1.6267964839935303
0.8421524167060852
1.8173524141311646
0.6677134037017822
3.643266201019287
0.8698866367340088
1.2641090154647827
2.222194194793701
0.7625587582588196
1.2035372257232666
2.3214187622070312
0.34957194328308105
0.8923399448394775
1.1434134244918823
1.158926010131836
1.5649194717407227
1.9853390455245972
0.8199881911277771
5.235637664794922
1.6741366386413574
3.504807710647583
2.867253303527832
0.8100683689117432
1.009569525718689
3.8009421825408936
0.8145135641098022
1.3518203496932983
1.7742918729782104
4.227384567260742
3.4895029067993164
2.597954750061035
1.8267507553100586
3.0119197368621826
8.28921890258789
4.438144207000732
2.8503425121307373
3.4942760467529297
4.298397541046143
1.1336643695831299
4.005309104919434
1.3544502258300781
0.627878725528717
3.7208657264709473
0.8957718014717102
0.7462053298950195
1.364132285118103
3.562145709991455
0.8739228248596191
1.8739736080169678
4.7795491218566895
0.9199907183647156
0.7357826828956604
1.0604360103607178
1.8294999599456787
1.5986239910125732
1.0325911045074463
2.4307985305786133
2.2973830699920654
1.2369276285171509
4.667079448699951
2.6312057971954346
1.4597899913787842
0.7528318166732788
0.5631163120269775
0.6210620403289795
0.7124539017677307
0.9444866180419922
0.5071433186531067
3.8424694538116455
5.318399429321289
0.622377872467041
5.973029613494873
1.714992642402649
1.2319201231002808
0.9641565680503845
3.513768196105957
1.7205675840377808
0.4163011312484741
0.6538124680519104
1.5392566919326782
2.5854945182800293
1.1019105911254883
2.1222548484802246
3.420673370361328
4.932372570037842
1.0943665504455566
2.8079957962036133
2.1608760356903076
0.836117148399353
0.9572069644927979
2.514218330383301
1.053593397140503
1.064239740371704
0.7314902544021606
3.799853563308716
0.8409112095832825
1.105791449546814
0.5250813961029053
0.6993772983551025
2.49652099609375
0.8599814176559448
1.6088515520095825
0.8305624127388
3.73595929145813
2.477508783340454
0.952436625957489
4.2168169021606445
1.1576557159423828
0.7229164838790894
1.1618101596832275
2.039400815963745
0.9031111001968384
6.448202610015869
2.325141429901123
1.3938552141189575
1.1396492719650269
1.112746000289917
0.8527069687843323
3.318725109100342
5.368437767028809
0.622776985168457
2.127478837966919
