3.678232192993164
4.25023078918457
3.644221305847168
3.8214669227600098
4.319343566894531
3.712702751159668
3.787752866744995
3.998063325881958
3.9623425006866455
4.122577667236328
4.029606342315674
3.87078595161438
4.093097686767578
4.000126838684082
3.5675320625305176
4.075645446777344
4.27374792098999
3.802236318588257
4.051292419433594
4.053161144256592
3.973071813583374
4.210553169250488
3.6576473712921143
4.024209499359131
3.8369295597076416
3.653545618057251
4.012834548950195
3.659083843231201
3.948028564453125
3.7912001609802246
3.76952862739563
3.957416296005249
3.667459487915039
4.105465888977051
3.9889907836914062
4.043432712554932
3.5111045837402344
4.343198776245117
3.8246958255767822
4.043465614318848
3.697472333908081
3.7923150062561035
3.91733717918396
3.5617189407348633
3.9652624130249023
3.41567063331604
3.827155351638794
3.9036850929260254
3.493009567260742
3.466958999633789
3.9892473220825195
3.4936087131500244
3.6245779991149902
3.5687458515167236
3.4398255348205566
3.556082010269165
3.5909264087677
3.372276544570923
3.469677686691284
3.5551199913024902
3.4738271236419678
3.5211174488067627
3.1665921211242676
3.5147488117218018
3.2031774520874023
3.8535819053649902
3.6070773601531982
3.4062647819519043
3.677396297454834
3.5011327266693115
3.4176580905914307
3.7128617763519287
3.8864126205444336
3.4034929275512695
3.5184590816497803
3.5239813327789307
3.379822015762329
3.597395420074463
3.508267641067505
3.600637912750244
3.483778476715088
3.5909745693206787
3.654017686843872
3.376498222351074
3.217329502105713
3.6590349674224854
3.505056142807007
3.3037192821502686
3.397463083267212
3.7454376220703125
3.6404225826263428
3.835968494415283
3.6317591667175293
3.770028591156006
3.672149181365967
2.7255971431732178
3.6863667964935303
3.83591628074646
3.691542863845825
3.526533603668213
3.4853179454803467
3.227428674697876
3.479318618774414
3.513061285018921
3.7425496578216553
3.15575909614563
3.437887668609619
3.763385772705078
3.4400765895843506
3.6936981678009033
3.63212513923645
3.398756504058838
2.8742048740386963
3.6759817600250244
3.7017314434051514
3.3343236446380615
3.669445037841797
3.449364423751831
3.186941623687744
3.350205421447754
3.274125099182129
2.9412295818328857
3.4473283290863037
3.162576198577881
3.484809398651123
3.6052188873291016
3.698704957962036
3.5416929721832275
3.546133041381836
3.342111825942993
3.488698720932007
3.3304736614227295
3.667361259460449
3.339548349380493
3.330294370651245
3.169715404510498
3.022874355316162
3.2774112224578857
3.106093168258667
3.456275701522827
3.3754360675811768
3.4106240272521973
3.3959670066833496
3.358092784881592
3.1761434078216553
3.3159496784210205
3.426506519317627
3.56058406829834
3.398932933807373
3.301534414291382
3.4384219646453857
3.147550106048584
3.5269923210144043
3.1266283988952637
3.146219253540039
3.0983214378356934
3.351614236831665
3.21372127532959
3.083314895629883
2.9910924434661865
3.5181028842926025
3.3601157665252686
3.267210006713867
3.1068103313446045
3.2474324703216553
3.238811492919922
3.18768048286438
3.2715678215026855
3.0957276821136475
3.3098440170288086
3.0833747386932373
3.0164451599121094
3.130220651626587
3.556422233581543
3.290668487548828
2.707355499267578
3.3896167278289795
2.986494541168213
2.8242976665496826
3.1675150394439697
2.8058371543884277
3.162057399749756
3.3058125972747803
3.1940789222717285
3.3088982105255127
3.135394334793091
3.000385046005249
2.988151788711548
2.9820117950439453
3.1871659755706787
3.1742706298828125
3.1863224506378174
2.715049982070923
2.9962496757507324
3.0508527755737305
3.2755672931671143
3.1878933906555176
3.1121654510498047
2.9647328853607178
2.6332414150238037
3.1817073822021484
2.974724054336548
2.737835168838501
3.066364288330078
3.0083250999450684
3.1028647422790527
2.88224720954895
2.959507703781128
2.9008615016937256
3.2567362785339355
2.492680788040161
2.9618120193481445
2.9362995624542236
2.7759411334991455
3.037464141845703
2.8574929237365723
3.1994380950927734
2.880063533782959
2.6474335193634033
2.783707618713379
3.2508552074432373
3.065469264984131
2.434887409210205
2.990227699279785
2.734649181365967
3.021181583404541
3.4014194011688232
2.9260568618774414
2.5300660133361816
3.1420552730560303
2.9748761653900146
3.346461057662964
2.6041574478149414
2.816115379333496
2.870582342147827
2.6628050804138184
2.784006118774414
3.0124778747558594
3.218909978866577
2.99436616897583
2.7315709590911865
2.5689656734466553
2.933155059814453
3.0710806846618652
2.4370901584625244
2.811297655105591
2.8236725330352783
2.1150460243225098
2.789064645767212
2.7884440422058105
2.7116312980651855
2.7144358158111572
2.6783194541931152
2.7027010917663574
2.8758277893066406
2.642026662826538
2.3494932651519775
2.5544424057006836
2.833756923675537
2.479729652404785
2.3594601154327393
2.7422995567321777
2.0751874446868896
2.4955599308013916
2.6022329330444336
2.449349880218506
2.3806490898132324
2.6504478454589844
2.642082452774048
2.02946138381958
2.5374183654785156
2.2790281772613525
2.058438539505005
2.7816519737243652
2.6291048526763916
2.527470350265503
2.734637975692749
2.355501651763916
2.4113447666168213
2.695641040802002
2.6312522888183594
1.8725318908691406
2.404754638671875
2.624464988708496
2.46408748626709
2.3965439796447754
2.4352476596832275
2.3342089653015137
2.235568046569824
1.4899548292160034
2.2305333614349365
2.113269567489624
2.59794545173645
1.4570754766464233
2.4194254875183105
2.344921588897705
2.159700393676758
2.5408315658569336
2.209958791732788
2.170578718185425
2.341740608215332
2.3409523963928223
2.3469078540802
2.561138868331909
2.1741344928741455
2.122678279876709
2.4562129974365234
1.759727120399475
2.2699174880981445
2.2090041637420654
2.506183385848999
2.173503875732422
1.827192783355713
2.2264177799224854
2.212606906890869
2.196277618408203
2.0801854133605957
2.2366907596588135
2.225313186645508
2.3705224990844727
2.5300745964050293
1.6658426523208618
2.2629623413085938
2.026582717895508
1.9314112663269043
1.3876947164535522
2.0114052295684814
2.3572168350219727
2.0694668292999268
1.9879342317581177
1.9979281425476074
1.7451072931289673
2.125183582305908
1.282652497291565
2.225130558013916
2.1267943382263184
1.978946566581726
1.5390939712524414
1.803910493850708
2.259338140487671
1.8605446815490723
2.2758734226226807
1.9764349460601807
1.9095207452774048
1.8784675598144531
1.7201683521270752
2.030039072036743
2.139122486114502
1.7173179388046265
1.5584118366241455
1.8894546031951904
1.8312088251113892
1.6621863842010498
1.75607168674469
1.2106573581695557
1.7316205501556396
1.6614588499069214
1.7897624969482422
1.8562185764312744
1.7174153327941895
1.453826904296875
1.7275004386901855
1.598679780960083
1.5385361909866333
1.7053382396697998
1.5584754943847656
1.7501270771026611
1.5826865434646606
1.8800477981567383
1.8471909761428833
1.9430557489395142
2.034885883331299
2.0836305618286133
1.2709403038024902
1.65817129611969
1.6371753215789795
1.430080533027649
0.8085553050041199
1.7148348093032837
1.2114108800888062
1.725472331047058
1.4297996759414673
1.782907485961914
1.7614191770553589
1.0964362621307373
1.922904372215271
1.336154580116272
1.7308831214904785
1.3211596012115479
1.71453857421875
1.692961573600769
1.4883825778961182
1.4356679916381836
0.9913110136985779
1.4468910694122314
1.6669337749481201
1.4403103590011597
1.6075876951217651
1.6286678314208984
1.81801176071167
1.6486098766326904
1.018609642982483
1.3829033374786377
1.6714489459991455
2.174741744995117
1.6616700887680054
1.6877731084823608
1.5915504693984985
1.3439313173294067
1.5432376861572266
1.6919957399368286
1.6989593505859375
1.2988601922988892
1.3817662000656128
1.5357311964035034
1.3369795083999634
1.0927146673202515
1.3984613418579102
1.9116148948669434
1.1718697547912598
1.3664685487747192
1.5579488277435303
1.2539894580841064
1.2395169734954834
1.6237354278564453
1.1810963153839111
1.3722023963928223
1.553629755973816
1.7314810752868652
1.053879976272583
1.578385353088379
1.939055323600769
1.3482247591018677
1.4317940473556519
1.2646931409835815
1.0941499471664429
1.5004266500473022
1.5955332517623901
1.2960445880889893
1.072643518447876
1.2348496913909912
1.3524283170700073
1.5286123752593994
1.5530800819396973
1.722704529762268
1.1901687383651733
1.4583699703216553
1.364595890045166
1.2360825538635254
1.3541643619537354
1.4002764225006104
1.0859311819076538
1.3163748979568481
1.1577702760696411
1.3002681732177734
1.243577003479004
1.3086893558502197
1.2720345258712769
1.2729711532592773
1.3462060689926147
1.3085466623306274
1.4587746858596802
1.2282801866531372
1.3361928462982178
1.0688670873641968
1.2121531963348389
1.3773982524871826
1.6761653423309326
1.2460107803344727
1.2306753396987915
0.8534213304519653
1.0071568489074707
1.15092134475708
1.0084900856018066
1.2730975151062012
1.0550405979156494
1.3762656450271606
0.9050865173339844
1.0814564228057861
1.0430175065994263
0.957513153553009
1.013486385345459
1.0214096307754517
1.4287892580032349
1.2942906618118286
1.2129043340682983
0.862872838973999
2.0801148414611816
1.2789678573608398
1.4392553567886353
0.8961018323898315
1.4271273612976074
2.7448341846466064
1.9125144481658936
1.250212550163269
1.0487284660339355
1.500966191291809
1.2084417343139648
1.0941593647003174
1.1560583114624023
0.8788385987281799
1.3527522087097168
2.276663303375244
1.2326793670654297
1.2056165933609009
1.0723323822021484
1.3850536346435547
1.02787184715271
1.0925923585891724
1.136303186416626
1.4716074466705322
0.9534690380096436
0.9219073057174683
1.0130196809768677
1.0237637758255005
0.7101508378982544
0.9819118976593018
0.8985406756401062
0.9224588871002197
0.9995630383491516
1.1765061616897583
1.2112858295440674
1.4182751178741455
1.3124140501022339
1.0517240762710571
0.9192485809326172
1.670919418334961
1.4212216138839722
1.3703949451446533
0.9043658971786499
1.509493350982666
1.7332422733306885
2.3185057640075684
2.3614115715026855
1.106569528579712
0.9199711680412292
1.0151032209396362
1.164734959602356
0.679574728012085
0.8477280139923096
0.9262754917144775
1.0274431705474854
1.2726691961288452
2.0331599712371826
1.341188907623291
1.150813102722168
1.062533974647522
1.4930365085601807
0.9217461347579956
0.8144311904907227
0.7993883490562439
1.3581767082214355
1.0099619626998901
0.8151544332504272
0.8308319449424744
2.5143494606018066
0.810313880443573
0.9265285730361938
0.8209524154663086
1.1156983375549316
1.3709038496017456
2.724198341369629
0.9786486625671387
0.9086705446243286
1.5655372142791748
1.3874040842056274
1.9108800888061523
1.4040508270263672
0.7383429408073425
1.8284227848052979
0.8258926868438721
0.9122157096862793
1.071399450302124
0.8072079420089722
0.861207902431488
1.5128841400146484
1.4794400930404663
1.159942865371704
1.231008768081665
0.768989622592926
1.1383932828903198
0.8416957259178162
0.9260212779045105
0.8344496488571167
0.994891345500946
1.7069846391677856
0.7838473916053772
0.8557636737823486
1.08969247341156
0.8436884880065918
1.7851122617721558
0.9994925260543823
0.7179737687110901
1.4546483755111694
1.119172215461731
1.1812646389007568
0.8078657388687134
0.9576282501220703
2.59523868560791
1.0903537273406982
0.682348906993866
1.0099507570266724
1.8074361085891724
0.9701310992240906
0.6873990893363953
1.1292924880981445
0.8936383128166199
0.832010805606842
0.6120008826255798
2.040653705596924
1.2822109460830688
0.9069855213165283
0.7063705921173096
0.8180915713310242
0.7445003986358643
0.8239547610282898
0.49904876947402954
1.7238030433654785
0.6329467296600342
0.926753044128418
1.3623998165130615
1.3447188138961792
0.7475994229316711
0.8531840443611145
0.836356520652771
1.908974289894104
0.9631615281105042
1.8875112533569336
1.1098417043685913
1.866235375404358
0.4895086884498596
0.6145303249359131
0.6233898997306824
0.6255666017532349
1.1386065483093262
1.2773549556732178
1.0530606508255005
2.4348232746124268
1.0877596139907837
0.6467629075050354
0.8843399882316589
0.7089152932167053
0.5810977816581726
2.395437002182007
1.8219988346099854
0.9015601277351379
0.8254422545433044
1.1136488914489746
0.8288794159889221
1.4762213230133057
1.225450873374939
0.7347396612167358
0.6743646860122681
0.9713675379753113
0.7729610204696655
1.109094500541687
1.1723835468292236
1.765953779220581
0.7434433698654175
0.5555368661880493
0.7229214310646057
2.0349364280700684
2.4288344383239746
0.6430737376213074
1.2630621194839478
1.5608634948730469
1.4594111442565918
1.9608032703399658
1.0887826681137085
2.3973593711853027
0.8258582949638367
2.622908592224121
1.2109322547912598
0.7020227909088135
0.6583430767059326
0.9301545023918152
1.2922884225845337
2.4759814739227295
1.1082358360290527
0.8125956654548645
1.1652908325195312
0.5972457528114319
1.1011691093444824
0.53285151720047
2.409738540649414
1.2012345790863037
2.9408624172210693
4.326872825622559
2.79624342918396
1.435691237449646
0.9486032128334045
0.8683878779411316
1.1216199398040771
2.3907036781311035
1.4352247714996338
0.9083160758018494
0.7485827803611755
0.7805982828140259
1.4362578392028809
1.9987643957138062
1.7764763832092285
1.6311705112457275
1.0455023050308228
1.55527663230896
1.6224976778030396
2.5298690795898438
1.2016146183013916
0.5718239545822144
2.320218801498413
0.4940336048603058
0.6871379613876343
1.665723204612732
1.3676975965499878
1.0320066213607788
1.8555155992507935
1.6756185293197632
0.5419618487358093
1.2723268270492554
2.926736354827881
1.3993713855743408
0.9375874400138855
2.3363192081451416
1.7974659204483032
2.6271114349365234
0.8287850618362427
2.0703909397125244
0.9935498833656311
1.5156199932098389
0.6446859836578369
0.9266059994697571
1.5536185503005981
1.0374029874801636
0.5630851984024048
0.6839699745178223
1.176802158355713
0.6979768872261047
1.0812171697616577
2.3298110961914062
0.6666220426559448
0.6289902329444885
1.2021671533584595
0.659138023853302
0.5542255640029907
0.5851815342903137
0.8223403692245483
0.5183781385421753
0.724307119846344
0.5807638764381409
0.9574651718139648
1.2977041006088257
2.73932147026062
2.9779858589172363
0.6452460289001465
1.5208216905593872
1.7781332731246948
1.8705253601074219
2.226595878601074
2.904603958129883
1.1581051349639893
0.9789237976074219
0.7462512254714966
2.1698946952819824
1.118970513343811
0.658820390701294
0.9278907179832458
3.2148830890655518
0.883619487285614
1.4136805534362793
0.91954106092453
1.0554182529449463
5.191810607910156
2.9492647647857666
3.1209969520568848
1.0815809965133667
0.6729114651679993
1.4740668535232544
1.0509089231491089
0.5292910933494568
1.112573504447937
0.7547883987426758
0.646789014339447
1.294944167137146
1.3582427501678467
0.9325488209724426
1.1042567491531372
0.5849939584732056
1.5073186159133911
1.7250434160232544
0.8476790189743042
1.9794352054595947
0.790385365486145
0.9279195070266724
0.9479647278785706
0.47632864117622375
1.0219520330429077
1.0224641561508179
2.7339727878570557
3.3860552310943604
1.0508005619049072
0.9543618559837341
1.2301862239837646
0.6970101594924927
1.8109530210494995
0.625209629535675
1.0490522384643555
1.1251839399337769
0.6752064228057861
1.3789983987808228
3.6280441284179688
0.6766591668128967
1.0702683925628662
1.069764494895935
1.5649505853652954
2.091738700866699
1.0078965425491333
0.9036908745765686
1.2091283798217773
0.5902451276779175
1.8063560724258423
2.1122567653656006
0.629528284072876
0.897405743598938
1.5151853561401367
0.4603804349899292
0.7886114120483398
0.7569676637649536
2.3201444149017334
0.9389271140098572
1.5789052248001099
0.6582506895065308
1.9808199405670166
1.6277037858963013
2.179758071899414
1.949303150177002
0.6030807495117188
1.5724314451217651
0.8757149577140808
1.8632149696350098
0.6322776675224304
0.5447114109992981
1.9328693151474
1.1785399913787842
1.7825345993041992
1.099959135055542
1.9602806568145752
1.9120880365371704
0.5111168622970581
0.8172658085823059
3.4532361030578613
0.6347479224205017
0.7568488717079163
0.9261016249656677
0.5278031229972839
0.7275032997131348
0.43101367354393005
0.7862125635147095
1.789298415184021
2.246238946914673
1.2153911590576172
0.6529802083969116
0.9124775528907776
1.1211949586868286
1.3384636640548706
0.8428786396980286
0.5813845992088318
1.895034909248352
0.9686957597732544
0.6917194724082947
0.935592770576477
5.155066967010498
1.5439637899398804
1.9187664985656738
3.9636881351470947
1.0547363758087158
2.0083744525909424
1.0098450183868408
0.8248062133789062
2.6664018630981445
1.5334635972976685
0.926272988319397
1.05314040184021
0.5442635416984558
1.4717185497283936
1.7917144298553467
1.092965841293335
2.1108555793762207
1.2389051914215088
0.929092526435852
0.7731409072875977
2.057171583175659
0.7134478092193604
2.6481621265411377
2.1651313304901123
0.5972306728363037
1.833304524421692
0.6103966236114502
1.8561426401138306
1.1689902544021606
0.9751733541488647
0.6743122339248657
0.523743748664856
2.0971834659576416
0.9133616089820862
3.305833578109741
0.8735448718070984
0.9636339545249939
2.6297852993011475
0.9938132166862488
0.7368465662002563
2.1915199756622314
1.0868427753448486
0.9251196980476379
3.6679811477661133
1.5160170793533325
1.2440470457077026
1.0018550157546997
0.7431405782699585
1.1769107580184937
2.362870454788208
1.3606016635894775
1.1869776248931885
2.7982237339019775
3.139577627182007
0.7817787528038025
3.1712613105773926
1.0991566181182861
1.6118568181991577
5.826210975646973
0.7920857071876526
0.9731507301330566
1.2713401317596436
1.9857008457183838
4.292421340942383
1.4917196035385132
1.3488999605178833
0.7235652208328247
1.2503209114074707
0.6017513871192932
2.62511944770813
0.6065927147865295
0.7231411337852478
1.6738542318344116
0.3754511773586273
0.8407636284828186
2.136859893798828
0.4202427566051483
0.8527371287345886
0.5579361319541931
1.747456431388855
0.5284740328788757
2.7356185913085938
1.5696879625320435
3.746687412261963
1.609276533126831
1.5360798835754395
1.4497817754745483
1.4451873302459717
0.9954364895820618
3.309490442276001
2.378481864929199
0.4911261200904846
2.002244710922241
1.17971670627594
2.189263105392456
2.3611316680908203
0.734708845615387
3.3765065670013428
5.563068866729736
2.693537712097168
1.1977397203445435
0.7865791320800781
2.618605136871338
0.8737592697143555
3.1960620880126953
0.5030789375305176
0.6035196185112
2.3811752796173096
1.1616572141647339
0.5046859383583069
1.5852317810058594
2.347682237625122
0.9031417369842529
0.8651778697967529
3.509084463119507
1.4426209926605225
0.7571272253990173
0.9517008066177368
1.464985728263855
2.387897253036499
0.7460264563560486
1.6251027584075928
0.7015546560287476
2.137629270553589
2.6509904861450195
0.9862969517707825
0.6329908967018127
0.9922460913658142
0.5234334468841553
0.5232117772102356
0.5844687819480896
0.7624126076698303
0.6437056064605713
1.7618684768676758
3.6702017784118652
0.6453243494033813
4.110631465911865
1.005163311958313
0.6294384002685547
1.117803931236267
2.100895643234253
1.4790250062942505
0.49973106384277344
1.2603812217712402
0.6859897971153259
1.3014954328536987
0.5914194583892822
0.8063268661499023
3.0248630046844482
4.282868385314941
0.5574843287467957
2.1331186294555664
1.7809780836105347
0.8192517757415771
0.7291799783706665
0.8681889176368713
0.8386926054954529
1.2425967454910278
0.8664214611053467
2.0816097259521484
1.010465383529663
0.9905940890312195
0.5644242167472839
0.459062784910202
2.2992043495178223
0.7132436037063599
1.5791276693344116
0.8924264907836914
1.2795687913894653
1.3047171831130981
0.9819440841674805
2.9160988330841064
1.12813401222229
0.8484949469566345
0.6459424495697021
1.6334481239318848
0.8967212438583374
4.742821216583252
1.3412857055664062
1.5440415143966675
0.7835260629653931
1.3455106019973755
1.0962175130844116
3.1816911697387695
3.901878833770752
0.956702470779419
2.7259364128112793
