33.020957946777344
30.214319229125977
38.303916931152344
26.457210540771484
37.78398513793945
31.11769676208496
25.821958541870117
32.787757873535156
30.663755416870117
25.5886173248291
38.66988754272461
32.086002349853516
27.364940643310547
31.038169860839844
30.710399627685547
31.57329559326172
34.011322021484375
29.794795989990234
25.98076629638672
28.665573120117188
35.975582122802734
31.714317321777344
29.330358505249023
26.003124237060547
28.331268310546875
27.325489044189453
36.08095169067383
25.283679962158203
31.293758392333984
31.265520095825195
25.52242660522461
35.191402435302734
29.410043716430664
30.755380630493164
38.947303771972656
25.805740356445312
31.97053337097168
36.455955505371094
39.652626037597656
25.95732307434082
25.900997161865234
38.0366325378418
32.27091598510742
26.302879333496094
28.835325241088867
28.43051528930664
31.376039505004883
26.95714569091797
25.104082107543945
30.897199630737305
28.258615493774414
30.00554084777832
28.842023849487305
35.784767150878906
25.155975341796875
37.171390533447266
35.955318450927734
31.023216247558594
29.04379653930664
36.441322326660156
28.732213973999023
30.550323486328125
27.426952362060547
26.72587776184082
28.74166488647461
35.95561981201172
29.880769729614258
26.97321319580078
29.606897354125977
28.865188598632812
26.007905960083008
27.642621994018555
24.38935089111328
29.042682647705078
29.566699981689453
30.650712966918945
26.996103286743164
30.176963806152344
26.11793327331543
28.55006980895996
27.009458541870117
28.931121826171875
27.260997772216797
29.407794952392578
31.220895767211914
26.900876998901367
27.714351654052734
26.480226516723633
27.828166961669922
25.479934692382812
28.407896041870117
26.32124900817871
27.738523483276367
26.498193740844727
27.915605545043945
28.450010299682617
27.23472023010254
29.219985961914062
29.004634857177734
29.846158981323242
25.071500778198242
27.657108306884766
27.750152587890625
29.793590545654297
26.90915870666504
27.842880249023438
26.631887435913086
28.60774040222168
26.798648834228516
29.03339385986328
28.617216110229492
26.620351791381836
26.353534698486328
29.01711082458496
30.90752601623535
29.834861755371094
28.596765518188477
32.638153076171875
29.924406051635742
25.756813049316406
27.608970642089844
32.50385284423828
28.867191314697266
30.095088958740234
29.350786209106445
30.64575958251953
27.563188552856445
34.72797393798828
34.25712585449219
33.86134338378906
34.09880065917969
38.486793518066406
36.30628204345703
36.557823181152344
26.81133270263672
31.262948989868164
37.4102783203125
32.6217041015625
33.48255920410156
32.78339767456055
31.31970977783203
37.391178131103516
36.70852279663086
29.70937156677246
34.83436584472656
31.686376571655273
39.10493469238281
32.590354919433594
39.884944915771484
38.63105010986328
37.242591857910156
39.5709342956543
34.00777053833008
38.548728942871094
37.94475173950195
40.08442687988281
36.83723831176758
31.559980392456055
37.2818489074707
33.937705993652344
34.26988983154297
31.35512924194336
35.170406341552734
30.98248863220215
30.57061767578125
32.38669967651367
38.76106262207031
34.29507827758789
30.88494300842285
37.03971481323242
32.46003341674805
33.585933685302734
34.614471435546875
35.59556579589844
32.124610900878906
32.95319747924805
27.015344619750977
29.895687103271484
33.77568817138672
34.53605270385742
29.87148094177246
28.337554931640625
26.706003189086914
28.721799850463867
29.613441467285156
31.199914932250977
27.55573844909668
25.145919799804688
28.39194107055664
26.694316864013672
28.41525650024414
25.30276107788086
28.801767349243164
27.880474090576172
24.626367568969727
24.576269149780273
23.4339542388916
23.935991287231445
27.06470489501953
24.373748779296875
28.581090927124023
23.96600341796875
25.039554595947266
25.141462326049805
27.725696563720703
24.296703338623047
24.147335052490234
24.9000186920166
23.463088989257812
23.026987075805664
25.325944900512695
23.097524642944336
23.89847755432129
24.63513946533203
26.18366813659668
21.894275665283203
23.8605899810791
23.38423728942871
24.21021270751953
26.482481002807617
25.953418731689453
27.065073013305664
22.78472137451172
26.297496795654297
26.142404556274414
25.058998107910156
22.63529396057129
22.49941062927246
25.714067459106445
26.03609275817871
23.644744873046875
26.496917724609375
23.06575584411621
24.444677352905273
28.16974639892578
25.522504806518555
26.590852737426758
24.585311889648438
24.727798461914062
25.34113121032715
27.348222732543945
27.40074920654297
23.179386138916016
30.712310791015625
25.633447647094727
23.668798446655273
26.505746841430664
28.517850875854492
29.24817657470703
28.47930908203125
28.09224510192871
25.80074691772461
28.248580932617188
28.628725051879883
26.791215896606445
21.72099494934082
28.308534622192383
26.144710540771484
25.78217315673828
24.907014846801758
27.999597549438477
26.794918060302734
29.739015579223633
26.570314407348633
27.999744415283203
26.925323486328125
26.843107223510742
26.460878372192383
28.219135284423828
26.905292510986328
27.01094627380371
27.667707443237305
26.620586395263672
31.374584197998047
25.48431968688965
28.10190200805664
29.464733123779297
24.447681427001953
28.459245681762695
25.128067016601562
25.94928741455078
28.956995010375977
26.520709991455078
26.737598419189453
27.52337074279785
27.475263595581055
28.250444412231445
27.38991928100586
28.984439849853516
31.23914909362793
29.032669067382812
28.133928298950195
28.26996421813965
33.35489273071289
29.306781768798828
31.919851303100586
30.223543167114258
27.897789001464844
33.35712432861328
29.07695770263672
34.564727783203125
32.7471809387207
31.97819709777832
30.05133819580078
28.081695556640625
30.432647705078125
30.543333053588867
30.409624099731445
33.11107635498047
31.552989959716797
30.621339797973633
30.59839630126953
29.280715942382812
30.85184669494629
31.146635055541992
31.882936477661133
31.111034393310547
39.429443359375
34.019569396972656
30.104215621948242
30.319902420043945
32.09233093261719
33.75732421875
29.53068733215332
33.452693939208984
29.792085647583008
33.10623550415039
35.80751419067383
33.55101013183594
32.584571838378906
31.362751007080078
35.60640335083008
34.827850341796875
33.87881851196289
31.079313278198242
37.35416030883789
31.298145294189453
32.176326751708984
32.90116500854492
30.309293746948242
25.530799865722656
32.23131561279297
31.18814468383789
29.620710372924805
33.63290023803711
41.26126480102539
28.390609741210938
30.217744827270508
28.762392044067383
30.14756965637207
30.483261108398438
38.488468170166016
32.1409912109375
32.77471160888672
36.755340576171875
32.300819396972656
34.66145324707031
30.70454216003418
35.200626373291016
30.663496017456055
31.372079849243164
32.2674674987793
33.93634796142578
34.97413635253906
41.6147575378418
31.986724853515625
33.3800163269043
38.85203552246094
30.408573150634766
31.41573715209961
32.547088623046875
30.233478546142578
32.39204406738281
36.249202728271484
34.91786193847656
29.49665069580078
32.99637985229492
31.36893653869629
34.2623291015625
31.572784423828125
37.45060729980469
34.571266174316406
33.39424133300781
33.890621185302734
33.98942947387695
32.10890579223633
37.433467864990234
28.70913314819336
31.556270599365234
38.26231002807617
32.3973388671875
31.995147705078125
37.38636016845703
33.716217041015625
30.888790130615234
33.167327880859375
31.78049087524414
34.373863220214844
34.6690559387207
30.2032413482666
33.317073822021484
29.29104995727539
33.43909454345703
31.541696548461914
33.45208740234375
32.433292388916016
32.58966827392578
30.526206970214844
30.60536003112793
32.77481460571289
35.614200592041016
34.43648910522461
35.3408317565918
37.77631759643555
33.04738998413086
33.74512481689453
31.910524368286133
33.803077697753906
27.140514373779297
33.97035217285156
36.69123458862305
33.45960998535156
35.51681900024414
30.934432983398438
37.14154052734375
31.98555564880371
32.98649597167969
33.15318298339844
31.68075180053711
33.07746505737305
46.42087936401367
31.630107879638672
33.238258361816406
32.0908203125
35.210777282714844
32.82408142089844
32.643218994140625
41.684879302978516
34.258602142333984
34.735252380371094
34.05112075805664
45.75446701049805
31.659027099609375
32.58708190917969
29.65740203857422
34.577667236328125
30.995359420776367
37.36945343017578
33.970191955566406
34.855018615722656
33.15180587768555
39.971221923828125
38.09780502319336
33.29447937011719
32.68991470336914
32.56578063964844
33.540252685546875
33.9066047668457
34.19204330444336
34.40008544921875
34.04167556762695
32.06606674194336
32.12858963012695
33.53099060058594
29.264907836914062
32.2319450378418
34.8568115234375
32.96027374267578
36.86262893676758
38.00077819824219
37.29747772216797
32.9311637878418
34.46395492553711
34.95336151123047
34.3344841003418
32.025177001953125
32.84037780761719
34.1818733215332
34.32014846801758
33.87914276123047
35.94602966308594
35.08473205566406
30.493955612182617
32.38142013549805
35.60340118408203
34.509315490722656
33.86998748779297
31.3378963470459
37.404788970947266
34.06182861328125
35.22247314453125
33.83946228027344
35.55908966064453
34.35970687866211
32.61994552612305
35.637420654296875
33.513519287109375
36.9872932434082
32.40770721435547
35.720252990722656
33.09966278076172
31.179719924926758
32.89746856689453
39.02960968017578
39.74812698364258
39.71134948730469
33.835716247558594
31.963346481323242
34.08006286621094
44.31995391845703
33.38985061645508
35.47551727294922
32.26290512084961
35.43669509887695
31.042173385620117
32.29020690917969
34.2617301940918
33.188804626464844
30.996774673461914
35.22747802734375
35.47233963012695
45.9538459777832
36.790348052978516
33.56861114501953
33.72542190551758
32.982177734375
40.95053482055664
33.46392822265625
41.1603889465332
48.34195327758789
34.61494827270508
32.863277435302734
32.603511810302734
33.81900405883789
33.989376068115234
34.888580322265625
35.572818756103516
32.74227523803711
32.4476203918457
35.4580192565918
32.92579650878906
35.4145393371582
32.3609619140625
32.63836669921875
39.54828643798828
34.5242919921875
33.74153137207031
36.95540237426758
37.6795654296875
30.041664123535156
37.5314826965332
33.53166580200195
37.90292739868164
34.4669189453125
34.875328063964844
32.04875564575195
33.46754455566406
32.18914794921875
37.17120361328125
34.29942321777344
35.97850799560547
36.40511703491211
34.34972381591797
32.869049072265625
29.85307502746582
33.41862487792969
35.52780532836914
37.38020706176758
31.779569625854492
33.35902404785156
32.353939056396484
32.96787643432617
33.93037796020508
34.51766586303711
34.7974853515625
33.09184646606445
33.22859573364258
31.97618865966797
32.05427932739258
32.59261703491211
34.69800567626953
31.143583297729492
35.656768798828125
34.52520751953125
33.71967697143555
33.612892150878906
36.068519592285156
33.53718948364258
34.482364654541016
35.215545654296875
33.66905975341797
34.32826614379883
35.35432434082031
32.185890197753906
33.12482833862305
33.41322326660156
33.23466873168945
36.71894454956055
34.7812614440918
30.07199478149414
33.985164642333984
37.861534118652344
32.30739974975586
34.936767578125
34.90906524658203
31.332347869873047
33.88515853881836
34.19968032836914
34.52713394165039
36.05496597290039
35.815650939941406
37.410160064697266
33.53754425048828
45.203826904296875
31.423757553100586
34.96807861328125
32.495235443115234
31.665266036987305
29.95412254333496
34.115516662597656
35.05722427368164
33.288429260253906
35.489532470703125
33.80047607421875
34.2697639465332
33.456783294677734
34.81782150268555
35.12019348144531
32.39034652709961
34.60332489013672
34.09224319458008
34.724632263183594
34.895931243896484
33.563514709472656
34.614906311035156
42.079071044921875
33.88441467285156
57.12200164794922
34.434844970703125
35.05921173095703
36.278385162353516
33.102909088134766
32.98890686035156
31.404603958129883
34.109886169433594
31.025785446166992
34.71967697143555
33.52516174316406
36.2841796875
38.23316955566406
33.56797409057617
31.756629943847656
45.38076400756836
39.382476806640625
34.73850631713867
35.940799713134766
33.363006591796875
33.38483810424805
34.52717971801758
34.7689094543457
32.99336242675781
35.205718994140625
34.778865814208984
33.65485763549805
35.27437210083008
32.63857650756836
32.64169692993164
33.61351776123047
31.836809158325195
35.64157485961914
35.488868713378906
32.99415969848633
34.00154113769531
37.4536247253418
34.93394470214844
42.50688171386719
32.34748458862305
36.251441955566406
35.72473907470703
32.49985885620117
35.5109977722168
39.969234466552734
32.062461853027344
32.58845901489258
30.942026138305664
32.92117691040039
31.649816513061523
31.77267837524414
33.640438079833984
34.25625991821289
31.849777221679688
32.926856994628906
34.970367431640625
36.126869201660156
28.922945022583008
35.31753158569336
34.194007873535156
34.748512268066406
32.68516540527344
30.580657958984375
34.60454559326172
34.10173034667969
32.8438606262207
37.01168441772461
35.12470626831055
38.354305267333984
43.36980438232422
32.96978759765625
32.57915115356445
32.45024871826172
34.036434173583984
37.70063400268555
32.84565353393555
31.224077224731445
32.81072998046875
31.626285552978516
33.80887222290039
34.204002380371094
31.894672393798828
36.6519889831543
33.58987045288086
40.14991760253906
35.78239440917969
33.25466537475586
34.77815628051758
31.869346618652344
33.40055465698242
32.79719161987305
34.8151741027832
34.119937896728516
30.89084243774414
34.44147872924805
33.97156524658203
33.431095123291016
38.548248291015625
33.51729965209961
32.957763671875
36.49933624267578
33.668270111083984
32.44881820678711
35.372406005859375
35.71772384643555
34.86188888549805
34.08720016479492
34.408111572265625
31.94834327697754
33.16657257080078
33.373165130615234
34.520713806152344
33.05524826049805
39.3579216003418
33.50251388549805
31.55533790588379
35.400638580322266
33.34581756591797
31.16098976135254
32.00175857543945
32.40276336669922
32.846473693847656
34.5276985168457
35.03941345214844
33.991172790527344
33.41262435913086
32.507049560546875
33.99778366088867
35.89259719848633
33.10482406616211
35.2437629699707
34.81800842285156
33.32725524902344
31.590925216674805
33.03340148925781
34.44126510620117
41.539981842041016
37.37162780761719
33.76230239868164
35.54510498046875
35.37807846069336
32.801143646240234
34.16853332519531
33.479434967041016
38.2565803527832
30.002178192138672
33.21590805053711
32.79432678222656
33.86962127685547
42.094600677490234
31.270177841186523
36.17924880981445
37.370121002197266
33.43602752685547
33.30159378051758
35.06732940673828
31.63486671447754
44.18545150756836
30.545146942138672
33.20021057128906
28.476703643798828
31.575780868530273
33.51347732543945
36.343509674072266
32.09296417236328
31.859643936157227
36.02265548706055
34.7657356262207
33.564144134521484
34.57413101196289
33.09760665893555
33.23884582519531
33.68134307861328
34.18381881713867
35.27090835571289
34.94071578979492
33.29549026489258
35.4116325378418
36.730247497558594
32.356353759765625
34.12949752807617
36.28175354003906
34.22580337524414
34.32649230957031
35.47978591918945
31.940500259399414
34.480491638183594
31.172771453857422
34.704254150390625
31.577713012695312
40.23593521118164
33.51323699951172
37.819297790527344
32.3327751159668
34.270442962646484
34.79918670654297
32.99091720581055
33.641456604003906
34.7658576965332
32.4390869140625
35.06843185424805
32.268558502197266
37.101627349853516
35.503334045410156
33.1563835144043
32.63526153564453
31.339353561401367
37.48885726928711
38.739654541015625
36.57830810546875
35.163185119628906
34.2549934387207
35.0067024230957
34.38856887817383
32.925594329833984
36.41295623779297
36.72100830078125
33.24104690551758
31.929628372192383
32.304534912109375
34.55587387084961
32.388458251953125
33.62008285522461
33.5474739074707
33.40209197998047
32.4290885925293
35.570411682128906
34.77631759643555
33.60556411743164
35.580841064453125
29.678926467895508
33.4493522644043
45.86824417114258
34.857383728027344
34.353858947753906
36.21624755859375
33.249427795410156
35.828739166259766
36.98660659790039
32.861595153808594
37.01103210449219
32.8856315612793
33.86075973510742
33.6601448059082
34.74843215942383
33.71992874145508
33.871978759765625
33.296871185302734
34.83098220825195
34.215576171875
36.74339294433594
33.28730773925781
33.567481994628906
32.53489303588867
34.42575454711914
34.46222686767578
34.987178802490234
36.59558868408203
35.61876678466797
33.8464469909668
32.171993255615234
37.508113861083984
33.70851135253906
35.041011810302734
34.318397521972656
30.979732513427734
28.686779022216797
34.396976470947266
32.84050369262695
35.342952728271484
31.49449348449707
32.75828552246094
35.66603469848633
37.444766998291016
33.52001953125
31.854080200195312
37.369956970214844
34.551204681396484
35.3054084777832
32.675270080566406
36.49164962768555
28.07858657836914
34.332115173339844
36.47270202636719
30.57951545715332
28.044654846191406
33.51425552368164
35.5527458190918
31.171445846557617
32.59752655029297
29.88210678100586
38.148048400878906
34.94339370727539
32.64461135864258
34.885658264160156
39.82856750488281
35.816734313964844
29.335378646850586
29.87665367126465
41.069236755371094
34.48954772949219
31.082111358642578
33.678810119628906
41.1714973449707
39.5246696472168
33.80421447753906
34.776485443115234
34.678001403808594
48.798362731933594
31.372844696044922
33.32314682006836
33.092079162597656
32.81304168701172
33.7440185546875
34.256553649902344
39.18167495727539
34.02784729003906
31.72260284423828
33.590755462646484
31.202735900878906
34.290103912353516
33.15946960449219
34.829444885253906
32.27411651611328
31.653701782226562
37.05999755859375
36.55043029785156
34.96247100830078
34.60445785522461
34.61125183105469
32.56063461303711
33.28266525268555
33.84708023071289
37.40361404418945
33.48553466796875
33.81999206542969
36.730567932128906
34.83937072753906
35.516544342041016
31.49896240234375
37.78255081176758
34.8762092590332
33.144142150878906
36.007301330566406
31.073476791381836
43.353233337402344
35.376617431640625
36.9212646484375
34.0317497253418
38.376808166503906
37.923404693603516
32.690975189208984
36.53240966796875
31.466480255126953
34.00102615356445
32.975311279296875
38.00249481201172
37.10586166381836
36.06602478027344
34.19606399536133
36.96425247192383
34.85359191894531
27.47724723815918
34.9184455871582
32.60570526123047
35.60379409790039
36.88225555419922
33.97603225708008
33.847442626953125
34.11612319946289
33.05442428588867
40.94611358642578
31.533954620361328
35.01399612426758
31.308753967285156
29.63802146911621
35.59760665893555
33.92463684082031
30.243175506591797
33.572505950927734
37.75597381591797
36.46090316772461
33.758296966552734
34.63643264770508
33.66509246826172
31.599828720092773
32.27214813232422
29.8406982421875
32.109161376953125
32.06451416015625
33.99313735961914
37.95193099975586
35.073341369628906
41.78863525390625
32.32753372192383
34.369197845458984
30.919677734375
39.242149353027344
31.379236221313477
33.841880798339844
36.10470199584961
32.38627243041992
36.84284973144531
31.978151321411133
31.718751907348633
29.802043914794922
38.055538177490234
32.657405853271484
33.88916015625
35.829471588134766
36.04202651977539
32.368186950683594
36.44155502319336
33.074058532714844
36.770484924316406
34.60506057739258
37.42615509033203
35.44561004638672
35.43941879272461
34.802181243896484
37.42878341674805
30.43124008178711
32.996070861816406
34.31325149536133
28.169111251831055
35.123714447021484
31.437313079833984
37.73878860473633
32.72108840942383
38.388343811035156
35.53995895385742
32.92861557006836
33.02903366088867
29.999492645263672
35.179080963134766
36.17045593261719
30.89729881286621
40.750328063964844
32.32423782348633
34.077552795410156
36.04395294189453
34.111915588378906
34.89336013793945
37.00519561767578
28.824304580688477
31.884830474853516
32.18890380859375
33.89680480957031
35.84468078613281
40.22574234008789
32.905887603759766
34.516151428222656
29.8712215423584
35.59033966064453
37.14516830444336
34.4383659362793
37.664886474609375
35.57748031616211
35.93939208984375
33.251773834228516
31.9761905670166
31.67098617553711
31.95905303955078
32.30376434326172
32.27833938598633
30.354246139526367
30.639476776123047
30.57843017578125
37.32345199584961
32.90969467163086
35.96880340576172
29.17700958251953
31.583410263061523
33.71892547607422
31.896949768066406
35.553611755371094
35.54857635498047
34.574405670166016
31.878543853759766
35.28297805786133
31.284273147583008
33.224708557128906
34.575660705566406
32.34931564331055
30.856365203857422
29.86664581298828
34.948219299316406
32.482627868652344
33.44622039794922
36.35647201538086
37.11894607543945
27.98956298828125
33.91704177856445
40.82387161254883
33.5024299621582
51.14756393432617
39.27208709716797
33.43150329589844
34.45613098144531
33.656089782714844
31.682111740112305
40.936981201171875
35.1629638671875
35.768924713134766
32.286048889160156
33.611793518066406
32.364601135253906
33.773216247558594
35.59367370605469
36.786109924316406
35.708736419677734
36.215728759765625
36.37018966674805
29.494678497314453
33.784767150878906
39.912635803222656
34.6684455871582
32.32382583618164
30.57619285583496
30.5560245513916
32.90151596069336
29.465309143066406
30.49623680114746
32.53213882446289
32.1710090637207
32.77801513671875
33.23814010620117
30.973751068115234
33.79277420043945
33.83693313598633
34.5103645324707
32.172767639160156
38.12187194824219
33.033790588378906
34.922794342041016
31.40733528137207
34.973236083984375
33.93747329711914
31.101486206054688
35.529788970947266
38.4364013671875
34.57236862182617
34.45465087890625
32.2072639465332
34.39214324951172
35.11884689331055
34.28159713745117
35.61324691772461
28.963714599609375
32.24265670776367
29.91295623779297
33.5335807800293
32.57966232299805
36.00469970703125
33.827266693115234
34.47371292114258
40.354923248291016
27.743087768554688
27.539188385009766
32.34602355957031
33.740501403808594
31.949602127075195
39.85416793823242
31.327985763549805
32.56593322753906
31.601600646972656
40.92033386230469
33.90665817260742
32.06565475463867
36.03994369506836
34.07345199584961
40.02561950683594
34.22796630859375
32.942142486572266
33.228660583496094
32.78107452392578
31.94956398010254
31.045185089111328
37.395835876464844
33.57496643066406
30.022571563720703
35.3469123840332
32.62992858886719
33.18253707885742
39.40155029296875
33.52177810668945
37.73138427734375
33.156402587890625
31.378599166870117
36.69525146484375
34.30496597290039
33.36998748779297
38.624549865722656
34.573280334472656
28.893112182617188
36.70907974243164
35.08380126953125
29.60439109802246
32.23731231689453
33.95685577392578
28.7875919342041
34.529293060302734
29.71061134338379
34.05176544189453
34.173500061035156
32.780391693115234
33.111228942871094
42.24824905395508
33.468475341796875
35.27726364135742
36.55065155029297
38.587520599365234
27.784896850585938
32.775108337402344
33.780784606933594
32.81280517578125
38.652462005615234
35.063228607177734
39.784751892089844
30.517303466796875
32.3045768737793
32.65006637573242
36.31355667114258
34.76310348510742
38.18242645263672
36.3306999206543
37.7226448059082
37.38987731933594
32.435760498046875
31.20944595336914
32.72311782836914
35.084415435791016
36.76551055908203
33.31130599975586
32.775264739990234
34.45802307128906
32.573646545410156
30.126070022583008
36.8267707824707
32.36367416381836
39.727596282958984
37.695072174072266
32.47154235839844
28.05658531188965
39.09111404418945
34.46311569213867
30.75441551208496
35.39891052246094
36.98030090332031
38.62532043457031
35.562347412109375
36.40260696411133
36.140167236328125
33.26665115356445
28.936487197875977
33.96010208129883
33.107669830322266
39.47406768798828
31.346729278564453
43.8813362121582
41.73209762573242
35.8820686340332
31.316688537597656
36.17875289916992
34.115169525146484
36.53633117675781
30.117258071899414
38.51932144165039
29.50684928894043
34.11787033081055
35.04552459716797
28.77806282043457
30.788516998291016
32.26719284057617
34.24225997924805
33.96269226074219
36.83242416381836
33.90901184082031
36.36362838745117
31.939245223999023
28.587858200073242
33.10768127441406
29.05742073059082
31.707279205322266
38.603050231933594
36.14179611206055
33.20171356201172
32.64448928833008
34.121734619140625
31.069271087646484
31.963581085205078
37.66779708862305
30.910768508911133
33.90408706665039
33.92399978637695
33.01820755004883
29.366226196289062
29.621883392333984
33.249202728271484
31.485631942749023
35.25233459472656
33.356380462646484
34.725738525390625
34.23358154296875
35.27675247192383
32.39860916137695
31.1868896484375
42.519466400146484
33.641910552978516
32.246116638183594
33.357505798339844
29.546720504760742
40.18254852294922
32.2633171081543
43.42855453491211
31.84076499938965
30.192861557006836
34.14582824707031
35.01425552368164
30.9205265045166
47.158016204833984
28.175676345825195
35.16901779174805
33.307090759277344
32.652061462402344
31.98876190185547
33.46556854248047
31.55791473388672
40.21762466430664
36.91763687133789
35.60011291503906
34.21218490600586
45.79424285888672
31.57365608215332
25.277128219604492
35.44754409790039
31.55729103088379
35.274620056152344
29.491792678833008
35.893856048583984
30.401086807250977
32.12913131713867
28.697668075561523
28.699235916137695
32.166019439697266
41.50146484375
29.928770065307617
33.28143310546875
34.21432876586914
39.54570007324219
29.390840530395508
32.72376251220703
34.71534729003906
35.85171127319336
41.31658935546875
33.55564880371094
33.48737335205078
32.41703796386719
31.044519424438477
32.827247619628906
33.50266647338867
35.87410354614258
41.25405502319336
37.14228057861328
32.99784851074219
35.09419250488281
36.78157043457031
33.80178451538086
39.68698501586914
33.065887451171875
34.753482818603516
35.061553955078125
39.50840759277344
31.363313674926758
29.65641212463379
37.35269546508789
32.753944396972656
40.14529037475586
36.474456787109375
35.058773040771484
34.13897705078125
30.829875946044922
33.14747619628906
34.947078704833984
35.33193588256836
31.05261993408203
36.32391357421875
27.075000762939453
35.506813049316406
32.84360122680664
36.08475112915039
30.46841812133789
31.422176361083984
27.466808319091797
32.42731857299805
33.66409683227539
37.01473617553711
34.665992736816406
30.217239379882812
28.76336669921875
29.5812931060791
27.109786987304688
30.4658260345459
37.93999481201172
29.308443069458008
30.294530868530273
30.973533630371094
28.585046768188477
33.32181167602539
37.166954040527344
29.28201675415039
43.16966247558594
30.686492919921875
36.44009017944336
27.788673400878906
30.262882232666016
27.352420806884766
28.4160099029541
32.994991302490234
29.96089744567871
30.28065299987793
32.49306106567383
34.59714126586914
35.29221725463867
30.141172409057617
29.603961944580078
34.79578399658203
30.64202117919922
33.64851379394531
36.142738342285156
32.358402252197266
35.61741256713867
42.49802017211914
28.806459426879883
36.21453094482422
34.42752456665039
35.384857177734375
41.163421630859375
40.31705856323242
34.24527359008789
30.21731948852539
34.19860076904297
32.26844787597656
29.350006103515625
30.027423858642578
30.490514755249023
33.284366607666016
31.63864517211914
34.063724517822266
33.630889892578125
30.23960304260254
33.66178512573242
24.499059677124023
34.22777557373047
29.549745559692383
32.185787200927734
36.663875579833984
28.88351058959961
34.97019958496094
27.81685447692871
33.88859176635742
30.203506469726562
33.14266586303711
33.107398986816406
27.44148826599121
32.632598876953125
28.37900733947754
31.57777214050293
27.348058700561523
36.518699645996094
38.72319412231445
31.53575325012207
31.389060974121094
27.616037368774414
29.9912052154541
28.516450881958008
44.32836151123047
29.013967514038086
29.481523513793945
31.698396682739258
31.163862228393555
30.654634475708008
31.725149154663086
34.99517822265625
34.21388626098633
29.09299087524414
28.81556510925293
32.103851318359375
32.25611877441406
30.204835891723633
43.89623260498047
28.84638214111328
31.753047943115234
32.61033630371094
40.97451400756836
29.304412841796875
29.59075355529785
31.794504165649414
30.591638565063477
23.786182403564453
30.134950637817383
28.573728561401367
28.77680778503418
32.47574996948242
30.385841369628906
37.78980255126953
28.310359954833984
36.15022277832031
28.446989059448242
27.472103118896484
28.010250091552734
30.569385528564453
28.343185424804688
28.58424186706543
30.576662063598633
33.8297119140625
30.298831939697266
27.94776153564453
28.283964157104492
28.985536575317383
29.84697723388672
32.25493621826172
32.8697624206543
32.20606994628906
29.478757858276367
33.22460174560547
26.369970321655273
29.05604362487793
29.294198989868164
27.68973159790039
30.39345932006836
38.198856353759766
25.519319534301758
29.257139205932617
29.42795181274414
26.25658416748047
28.390079498291016
35.83283996582031
29.58051872253418
36.223567962646484
29.89094352722168
28.43623924255371
32.3049201965332
32.2404899597168
30.841068267822266
27.124923706054688
26.986103057861328
31.558618545532227
34.40300369262695
29.541526794433594
29.03411102294922
28.509078979492188
22.982280731201172
27.082122802734375
31.80493927001953
32.8848991394043
32.61910629272461
29.561349868774414
25.92394256591797
32.47423553466797
31.868715286254883
32.79000473022461
25.60386848449707
30.25889778137207
25.49396324157715
35.60789108276367
27.72687339782715
28.303096771240234
28.890886306762695
30.70332145690918
26.95170021057129
29.505062103271484
24.389915466308594
28.623672485351562
25.023488998413086
30.751319885253906
31.85672378540039
36.92576217651367
28.879058837890625
26.57863426208496
30.522647857666016
31.124544143676758
24.01358985900879
29.584163665771484
38.55740737915039
32.257225036621094
31.89246940612793
27.139474868774414
25.08053207397461
28.615537643432617
26.872591018676758
38.35660171508789
35.310951232910156
29.61532974243164
30.662883758544922
28.366270065307617
31.103639602661133
30.758312225341797
24.97544288635254
34.359214782714844
37.17006301879883
29.375516891479492
26.866931915283203
30.23224449157715
32.666786193847656
28.054414749145508
27.232759475708008
30.924217224121094
33.1164436340332
28.20936393737793
30.21953582763672
23.931604385375977
32.087772369384766
24.099279403686523
31.240570068359375
33.172340393066406
27.366165161132812
32.539642333984375
26.274158477783203
26.26820945739746
25.03630256652832
31.144697189331055
26.354585647583008
29.45390510559082
25.45810317993164
39.84247970581055
31.334178924560547
37.153892517089844
32.059452056884766
26.861438751220703
36.61262130737305
30.407936096191406
33.441951751708984
27.648738861083984
32.93798065185547
27.744441986083984
28.90645980834961
27.362489700317383
28.42221450805664
29.301897048950195
23.12989044189453
35.14930725097656
28.185163497924805
29.362417221069336
26.805538177490234
26.35664939880371
29.50676727294922
29.520038604736328
29.909896850585938
26.9465389251709
28.150341033935547
29.422883987426758
31.55105972290039
27.187957763671875
27.678932189941406
27.45978355407715
25.108938217163086
29.09977149963379
27.092153549194336
26.93549156188965
27.60723876953125
26.9669189453125
28.11632537841797
27.680686950683594
35.17490768432617
30.949064254760742
36.53754806518555
41.92512512207031
31.18736457824707
27.551862716674805
27.430217742919922
31.912141799926758
29.66911506652832
33.40071105957031
26.220624923706055
36.512630462646484
35.77487564086914
27.329938888549805
31.41058921813965
29.398006439208984
23.157644271850586
27.185102462768555
27.320667266845703
31.441068649291992
28.38376808166504
29.180641174316406
25.290464401245117
26.24744987487793
29.97127342224121
29.929340362548828
30.249435424804688
33.96445846557617
26.33930206298828
30.062095642089844
32.793087005615234
29.422000885009766
33.10502243041992
25.4477596282959
34.62698745727539
22.951810836791992
28.13958740234375
32.22024917602539
28.876253128051758
27.35694122314453
30.689611434936523
38.263755798339844
26.77903938293457
28.648923873901367
31.410615921020508
29.56739044189453
27.011062622070312
44.817020416259766
32.3536376953125
28.64668846130371
30.79265022277832
32.88075637817383
22.9400577545166
54.262630462646484
25.9001522064209
35.47173309326172
32.804813385009766
28.206920623779297
38.55720520019531
31.23816680908203
28.24136734008789
22.661619186401367
34.651241302490234
38.965980529785156
31.344688415527344
31.94929313659668
36.40213394165039
31.17049217224121
27.931161880493164
33.44789505004883
37.396148681640625
29.678287506103516
26.95668601989746
29.93640899658203
30.136455535888672
33.76643371582031
40.5191535949707
25.1655330657959
29.131423950195312
27.063072204589844
29.44662857055664
42.54880142211914
28.536333084106445
31.082929611206055
26.193227767944336
34.391685485839844
22.920326232910156
28.167085647583008
25.84502601623535
35.256343841552734
25.143966674804688
24.860456466674805
26.553382873535156
34.870296478271484
27.913192749023438
27.983253479003906
35.44374465942383
25.6549015045166
24.770957946777344
29.531505584716797
28.28239631652832
30.062530517578125
41.6833381652832
30.47859001159668
27.47479820251465
28.823726654052734
27.561498641967773
28.745468139648438
37.052433013916016
28.240615844726562
27.571443557739258
41.72645950317383
29.333253860473633
30.33125877380371
31.00868034362793
30.133808135986328
38.75177001953125
25.660663604736328
30.389116287231445
31.044389724731445
28.637203216552734
31.41844367980957
29.661760330200195
29.228046417236328
25.90227508544922
39.33388137817383
29.165674209594727
23.291337966918945
34.993629455566406
25.770267486572266
25.54838752746582
27.61726951599121
31.326025009155273
26.234636306762695
23.432146072387695
22.729398727416992
20.78915786743164
27.273000717163086
28.16010856628418
25.758670806884766
26.143924713134766
25.56071662902832
28.964508056640625
30.239959716796875
31.049015045166016
37.47394561767578
30.855688095092773
37.858154296875
26.802494049072266
28.23146629333496
24.513620376586914
34.10277557373047
45.608070373535156
30.732770919799805
27.703187942504883
32.86235809326172
28.39447593688965
24.7855281829834
25.92216682434082
21.854328155517578
28.239025115966797
22.80399513244629
27.826282501220703
23.340539932250977
25.773679733276367
22.600404739379883
27.671955108642578
24.132442474365234
24.77880096435547
25.30933380126953
26.089704513549805
44.0504150390625
31.066137313842773
35.62164306640625
32.38422393798828
28.551071166992188
26.67934799194336
25.6175594329834
25.68340492248535
31.60752296447754
28.17670440673828
28.718395233154297
26.894916534423828
27.128374099731445
29.270105361938477
29.606971740722656
29.928890228271484
35.21678161621094
31.054214477539062
31.822046279907227
23.170013427734375
29.489532470703125
37.793617248535156
23.254892349243164
28.71446990966797
27.328994750976562
37.72898864746094
25.203954696655273
32.866756439208984
26.607337951660156
24.416841506958008
25.536714553833008
34.58387756347656
27.199962615966797
32.137638092041016
31.048267364501953
32.381500244140625
27.579593658447266
25.428646087646484
35.009674072265625
30.638004302978516
33.46445083618164
31.700889587402344
29.7460880279541
38.40114212036133
31.655807495117188
26.55720329284668
25.026973724365234
25.831077575683594
28.232402801513672
33.23422622680664
32.775352478027344
28.360212326049805
34.98786926269531
26.24781608581543
35.48291778564453
31.535795211791992
27.431459426879883
26.825849533081055
31.327810287475586
29.508264541625977
27.875301361083984
28.489486694335938
31.19430160522461
31.31761932373047
32.057518005371094
27.949975967407227
25.148712158203125
35.837364196777344
24.697559356689453
24.893999099731445
27.506885528564453
44.70119857788086
41.129425048828125
33.902347564697266
26.631052017211914
30.193613052368164
26.079370498657227
28.81218719482422
35.062984466552734
39.9818229675293
29.042232513427734
35.32842254638672
36.75779724121094
25.63090705871582
27.23796272277832
21.277029037475586
30.15106201171875
31.257789611816406
39.906883239746094
32.233551025390625
26.50548553466797
27.10677719116211
26.05025863647461
32.7534294128418
30.721595764160156
40.15949249267578
30.853593826293945
27.399253845214844
26.908405303955078
23.94057273864746
24.15441131591797
26.826705932617188
32.05286407470703
32.909637451171875
35.27485656738281
30.572526931762695
27.32362937927246
26.536069869995117
28.47579002380371
29.249147415161133
29.690441131591797
23.949695587158203
28.54979133605957
24.7973690032959
33.267024993896484
22.575611114501953
24.471904754638672
22.841978073120117
25.412076950073242
29.45485496520996
23.568084716796875
25.477571487426758
37.1445426940918
31.078596115112305
27.05792808532715
46.8916130065918
29.06100082397461
36.13743209838867
30.564895629882812
25.896169662475586
35.96802520751953
42.20469284057617
29.536909103393555
45.54804992675781
27.120641708374023
22.770736694335938
30.10425567626953
28.6832275390625
24.758649826049805
21.042055130004883
39.18537902832031
27.294696807861328
23.7843074798584
26.7178955078125
24.950517654418945
25.96186065673828
34.67719268798828
25.998943328857422
32.30889892578125
28.51873016357422
26.3714542388916
22.830806732177734
23.036582946777344
31.61522674560547
27.096147537231445
29.02368927001953
26.15157127380371
22.85129165649414
27.157535552978516
22.325044631958008
24.84803581237793
25.13062858581543
24.458412170410156
22.86433219909668
27.81980323791504
30.12748146057129
30.619035720825195
30.04998779296875
27.25
26.038681030273438
28.490711212158203
29.64318084716797
38.01325988769531
25.57895851135254
26.172584533691406
23.41334342956543
30.19281768798828
26.710956573486328
35.969879150390625
25.48422622680664
25.823013305664062
24.33526611328125
32.044647216796875
28.275558471679688
23.117168426513672
28.861570358276367
19.15693473815918
30.625904083251953
24.540956497192383
47.12718200683594
34.68663787841797
25.303081512451172
34.25358581542969
29.884828567504883
22.776153564453125
32.45204544067383
25.901596069335938
27.48932456970215
23.436403274536133
24.938491821289062
26.844398498535156
26.996231079101562
23.71412467956543
26.925966262817383
28.648115158081055
34.73230743408203
21.76386070251465
26.67296028137207
25.824922561645508
27.307504653930664
26.8143310546875
27.07622528076172
24.744613647460938
23.162883758544922
22.142446517944336
26.64870262145996
22.71958351135254
25.855098724365234
26.31562042236328
31.233919143676758
25.805339813232422
39.36703109741211
30.55865478515625
23.776111602783203
25.6275691986084
25.878389358520508
31.215656280517578
27.055740356445312
28.307022094726562
25.900432586669922
35.38017272949219
24.557552337646484
32.913570404052734
31.587886810302734
23.172958374023438
25.119516372680664
33.40949249267578
20.836214065551758
27.9980525970459
25.45635414123535
30.192110061645508
22.305885314941406
25.50519371032715
26.393918991088867
27.744035720825195
21.552610397338867
29.590639114379883
25.968820571899414
33.02948760986328
28.567392349243164
26.494644165039062
24.027034759521484
23.151329040527344
25.960094451904297
28.00566291809082
22.5787353515625
23.90619468688965
32.25067138671875
28.06267738342285
25.622482299804688
26.48383903503418
22.68336296081543
23.43730354309082
21.658836364746094
28.8519287109375
26.912059783935547
28.517824172973633
26.46369743347168
24.165790557861328
24.11134147644043
32.63111877441406
100.5690689086914
26.967815399169922
28.699617385864258
23.00678253173828
26.159841537475586
23.256696701049805
22.470314025878906
54.12302780151367
23.492000579833984
25.162506103515625
25.40566635131836
23.025272369384766
25.819141387939453
31.990690231323242
30.27171516418457
30.527067184448242
26.0864315032959
32.0720329284668
27.056989669799805
31.032835006713867
23.40299415588379
25.736495971679688
27.45486831665039
25.16357421875
27.716629028320312
25.84748649597168
25.780363082885742
23.759624481201172
25.159927368164062
24.530916213989258
32.49042510986328
20.797693252563477
22.160137176513672
21.411882400512695
26.908422470092773
29.37978744506836
30.49789047241211
41.57402038574219
33.722900390625
26.976472854614258
25.97624397277832
23.772565841674805
22.667524337768555
25.59974479675293
23.995718002319336
31.18007469177246
27.46260643005371
57.21239471435547
30.300508499145508
25.08745002746582
27.854793548583984
27.45513343811035
24.583757400512695
30.67477798461914
26.57029914855957
24.39457893371582
27.849599838256836
27.709989547729492
25.92300033569336
24.963911056518555
22.523035049438477
28.14483642578125
24.832801818847656
27.42143440246582
31.646940231323242
20.72015380859375
29.530380249023438
29.825927734375
25.044761657714844
22.86200523376465
27.124338150024414
24.9240665435791
26.763439178466797
25.172452926635742
24.603281021118164
26.458953857421875
44.534454345703125
26.445816040039062
21.164352416992188
23.563066482543945
22.958953857421875
26.943660736083984
26.621688842773438
19.287593841552734
22.473791122436523
24.94826889038086
31.169965744018555
23.159730911254883
27.26479721069336
29.118778228759766
20.90469741821289
27.469022750854492
23.31508445739746
32.4661865234375
23.08070945739746
22.520557403564453
29.177553176879883
23.392934799194336
28.839588165283203
24.548147201538086
23.52745819091797
20.049951553344727
30.589879989624023
23.935333251953125
24.57313346862793
22.431503295898438
28.26443862915039
22.92133903503418
29.69282341003418
36.649986267089844
27.003786087036133
28.693037033081055
24.62436866760254
33.567359924316406
31.97517967224121
24.88796615600586
18.145612716674805
23.79233741760254
24.40663719177246
26.96449089050293
32.83155822753906
27.123899459838867
27.972644805908203
41.517574310302734
26.658422470092773
41.72343063354492
33.5915641784668
25.21015739440918
24.017223358154297
29.305952072143555
33.53141403198242
26.133535385131836
25.909358978271484
24.737041473388672
21.88845443725586
22.540847778320312
25.80192756652832
31.158058166503906
27.049545288085938
27.836687088012695
22.97661781311035
38.88941955566406
28.116737365722656
30.612701416015625
26.759979248046875
29.998512268066406
27.814098358154297
28.750293731689453
23.66383171081543
20.48575210571289
39.30376052856445
24.979473114013672
25.697547912597656
21.54092788696289
26.325101852416992
32.31851577758789
27.922117233276367
31.807390213012695
25.123090744018555
36.32238006591797
24.223167419433594
23.65900230407715
42.038639068603516
40.70829772949219
23.29619026184082
24.94170379638672
39.01218795776367
30.95515251159668
22.794301986694336
29.379098892211914
31.117334365844727
27.557363510131836
26.77861213684082
30.33136749267578
22.429271697998047
24.452238082885742
23.574878692626953
25.45102310180664
23.18903923034668
21.213563919067383
39.61167526245117
28.535627365112305
26.58555793762207
29.671836853027344
24.242027282714844
21.23189926147461
34.589622497558594
24.38662338256836
24.898813247680664
22.32292366027832
22.877822875976562
23.80213737487793
25.0449161529541
20.656063079833984
61.95096969604492
25.878650665283203
26.061948776245117
29.02931785583496
22.13055419921875
31.235090255737305
23.49709129333496
33.345787048339844
24.283695220947266
28.34091567993164
22.488754272460938
25.682571411132812
23.67935562133789
45.98284149169922
33.57272720336914
21.573205947875977
28.349525451660156
22.943218231201172
29.515859603881836
24.765335083007812
30.870651245117188
27.92365074157715
25.651269912719727
28.893980026245117
24.365026473999023
23.065513610839844
24.27121925354004
23.081939697265625
34.06700134277344
23.524503707885742
21.462112426757812
27.176822662353516
33.066471099853516
26.531965255737305
29.23371124267578
36.81703186035156
41.69122314453125
21.657176971435547
52.90317916870117
27.2922420501709
29.220069885253906
24.497020721435547
27.370763778686523
37.990970611572266
41.44278335571289
34.71730422973633
27.20102882385254
28.411447525024414
28.08135986328125
24.348180770874023
26.614973068237305
23.441057205200195
25.901512145996094
28.61117172241211
21.77963638305664
25.09748649597168
25.115314483642578
29.765838623046875
24.19038963317871
26.851106643676758
39.25453186035156
28.886865615844727
35.33185958862305
23.479001998901367
23.567338943481445
22.620990753173828
27.30243682861328
30.4625186920166
25.227062225341797
23.80510711669922
24.719144821166992
24.159822463989258
31.620052337646484
25.277587890625
28.01837730407715
24.046463012695312
26.169845581054688
25.630590438842773
37.529144287109375
23.72789192199707
19.417316436767578
23.89358139038086
32.44191360473633
24.915468215942383
36.945621490478516
24.106122970581055
26.519590377807617
24.1005802154541
29.023815155029297
22.97132110595703
22.643646240234375
25.86867332458496
23.858362197875977
32.619144439697266
25.220111846923828
24.17908477783203
25.02535629272461
25.828432083129883
22.44916534423828
31.037309646606445
27.460922241210938
27.888933181762695
25.43508529663086
28.232059478759766
34.03679275512695
22.282697677612305
20.26009750366211
30.84511947631836
29.532798767089844
29.83005714416504
21.82320785522461
29.255990982055664
26.890640258789062
29.56991958618164
31.681102752685547
24.46805191040039
23.27361488342285
22.56576156616211
31.782018661499023
38.07860565185547
25.70311164855957
23.874624252319336
24.814393997192383
21.749332427978516
20.167743682861328
26.60467529296875
23.533390045166016
25.555580139160156
27.642330169677734
21.479267120361328
27.282365798950195
