29.468050003051758
25.80797004699707
27.471799850463867
28.21682357788086
29.298307418823242
28.007123947143555
28.137540817260742
28.279342651367188
26.34084701538086
28.89085578918457
26.027992248535156
27.755767822265625
24.382184982299805
22.11806869506836
25.45741844177246
23.09941291809082
25.034860610961914
23.04075050354004
23.619808197021484
23.74764633178711
21.46065902709961
20.32494354248047
22.69658660888672
21.932270050048828
21.987552642822266
22.78533363342285
13.686178207397461
22.211538314819336
20.11545753479004
22.62677764892578
22.92425537109375
23.588096618652344
22.2312068939209
23.522123336791992
23.71526336669922
20.252254486083984
22.17971420288086
19.236066818237305
18.592199325561523
23.4615421295166
21.07904815673828
23.404659271240234
23.469892501831055
22.01287841796875
21.6927490234375
23.900062561035156
24.19707489013672
24.039701461791992
24.7459774017334
25.08928680419922
26.205745697021484
26.17416000366211
26.244638442993164
21.162134170532227
26.71696662902832
26.43893814086914
25.789335250854492
25.884187698364258
29.31072425842285
29.99063491821289
30.45477867126465
26.921628952026367
29.552343368530273
25.53386688232422
32.77289581298828
28.731155395507812
34.59263229370117
35.2453727722168
35.1463508605957
36.7773551940918
32.773250579833984
32.39033508300781
34.752525329589844
36.115421295166016
39.217247009277344
37.00628662109375
37.659542083740234
39.43408203125
38.263431549072266
37.99018096923828
40.79787063598633
39.490570068359375
43.58015060424805
37.472103118896484
42.92041778564453
46.33275604248047
44.47517776489258
41.16924285888672
44.00380325317383
47.418785095214844
41.04713821411133
49.160911560058594
49.644554138183594
49.465240478515625
44.51600646972656
41.428192138671875
48.7441291809082
52.20045471191406
52.19732666015625
52.46540069580078
47.86481857299805
45.66515350341797
48.37446594238281
50.285037994384766
48.23926544189453
51.479061126708984
59.292686462402344
47.93236541748047
46.62480545043945
54.61623764038086
49.33317184448242
54.31975173950195
50.721435546875
44.57126235961914
60.99844741821289
61.652645111083984
48.25533676147461
58.86530685424805
60.88182067871094
54.37314987182617
59.1141242980957
60.09811782836914
59.738304138183594
59.943992614746094
39.87312698364258
61.70489501953125
62.83206558227539
60.15119171142578
60.238563537597656
54.46968460083008
46.90788650512695
44.584102630615234
50.742637634277344
56.00131607055664
59.06053161621094
55.15479278564453
51.886959075927734
58.5239372253418
56.60821533203125
42.43440628051758
52.2358512878418
42.299503326416016
50.49049377441406
45.462074279785156
46.767372131347656
45.53123474121094
46.93439483642578
47.52354431152344
52.5406379699707
33.05631637573242
38.32734680175781
44.36973571777344
45.742374420166016
36.02782440185547
32.94935989379883
31.923646926879883
41.4706916809082
43.11737823486328
39.35466384887695
38.66486358642578
30.830951690673828
29.006301879882812
34.404388427734375
30.228227615356445
28.673625946044922
31.6688232421875
29.266773223876953
33.30971145629883
26.33713150024414
27.329818725585938
27.641708374023438
26.332902908325195
18.3543701171875
11.787755966186523
27.886674880981445
29.4593563079834
20.451717376708984
17.443683624267578
20.445463180541992
17.60719108581543
28.55341339111328
10.830649375915527
30.745563507080078
11.768216133117676
34.59053421020508
11.901596069335938
15.389057159423828
26.06561279296875
9.537851333618164
21.304189682006836
40.530460357666016
23.29770278930664
9.951072692871094
29.8698787689209
15.172344207763672
14.166379928588867
29.453125
22.03038787841797
19.424224853515625
26.12447738647461
16.10515594482422
25.817466735839844
54.27140426635742
32.715667724609375
7.797577381134033
20.81839370727539
14.809760093688965
36.84623336791992
27.000822067260742
20.972482681274414
16.139650344848633
29.230180740356445
9.953617095947266
25.990863800048828
42.09335708618164
11.3843355178833
12.85024642944336
15.21604061126709
5.476229190826416
10.387990951538086
6.5471296310424805
11.097886085510254
6.141132831573486
16.07821273803711
14.576773643493652
10.478330612182617
8.352123260498047
7.837686538696289
16.225893020629883
22.096139907836914
8.615814208984375
13.536330223083496
6.810696125030518
20.34534454345703
30.95124626159668
7.514537334442139
21.04231834411621
27.1027889251709
15.757793426513672
14.40665340423584
37.58259582519531
30.336305618286133
8.67605209350586
19.272043228149414
4.7948832511901855
31.452308654785156
30.14671516418457
13.16292667388916
21.064123153686523
18.86220932006836
15.508760452270508
22.998937606811523
47.93318557739258
19.591773986816406
13.98998737335205
31.857173919677734
18.11712074279785
20.152019500732422
27.183406829833984
18.519132614135742
14.989662170410156
25.121789932250977
7.056263446807861
8.919035911560059
5.691399574279785
5.319429397583008
5.509016990661621
9.116496086120605
4.191857814788818
15.956583023071289
8.749974250793457
21.30598258972168
15.5169677734375
11.773309707641602
9.218483924865723
7.61491584777832
14.388684272766113
5.46489953994751
19.119556427001953
3.290220260620117
27.565658569335938
31.85171127319336
9.978939056396484
20.034828186035156
21.55340576171875
15.225282669067383
26.27006721496582
43.07975769042969
26.698122024536133
10.321590423583984
17.47279930114746
3.7030138969421387
3.7237117290496826
10.308992385864258
10.376398086547852
3.6954104900360107
33.51766586303711
27.53427505493164
9.225866317749023
10.581250190734863
4.065993785858154
5.702794075012207
21.427528381347656
13.692587852478027
16.708656311035156
28.602174758911133
11.179174423217773
32.67607116699219
51.292842864990234
33.69443130493164
4.5660552978515625
39.581504821777344
46.54798126220703
29.483922958374023
7.428287506103516
20.1407413482666
35.77791976928711
18.730388641357422
34.37017822265625
43.6915397644043
21.607540130615234
7.872998237609863
34.16918182373047
37.71044921875
19.197980880737305
20.263225555419922
48.0718879699707
22.276386260986328
18.9591007232666
26.592023849487305
8.746739387512207
22.625581741333008
19.196964263916016
6.0434184074401855
29.803590774536133
45.7422981262207
25.314495086669922
24.00153350830078
33.497982025146484
22.568689346313477
25.03059196472168
24.526947021484375
14.536112785339355
25.884830474853516
41.382747650146484
22.87826919555664
10.782106399536133
18.31307029724121
3.863845109939575
23.191965103149414
15.514446258544922
7.333427906036377
5.524697780609131
27.74452781677246
13.62002182006836
5.290755271911621
10.156927108764648
12.081679344177246
5.76126766204834
16.034244537353516
24.790008544921875
5.810073375701904
15.119384765625
13.715007781982422
4.699020862579346
12.944422721862793
3.9619052410125732
22.072650909423828
21.482860565185547
5.4077348709106445
12.21011734008789
9.024243354797363
25.729576110839844
23.889476776123047
4.890462875366211
16.88144874572754
7.093943119049072
28.064620971679688
18.857765197753906
6.029231548309326
15.270023345947266
9.304950714111328
15.406356811523438
6.7053375244140625
26.447229385375977
21.830835342407227
7.576920986175537
13.517245292663574
13.04198169708252
9.719749450683594
19.91020965576172
13.956670761108398
5.343909740447998
5.018576622009277
6.884089946746826
10.040844917297363
10.511171340942383
12.04793930053711
5.415252208709717
24.659582138061523
22.037220001220703
8.926376342773438
20.66656494140625
5.463913917541504
9.383986473083496
6.709545135498047
31.221431732177734
25.72835922241211
12.765811920166016
27.27156639099121
40.466552734375
24.542905807495117
21.259199142456055
29.38976287841797
12.626995086669922
26.727407455444336
28.573471069335938
15.147689819335938
21.299646377563477
32.07730484008789
17.81105613708496
20.906707763671875
18.918840408325195
13.60824966430664
29.87713623046875
42.62434768676758
19.350955963134766
16.082754135131836
20.99616050720215
10.734808921813965
25.88785171508789
34.24720764160156
20.681177139282227
15.950700759887695
23.50608253479004
9.926372528076172
22.164701461791992
34.30352783203125
17.594343185424805
21.910587310791016
30.01902961730957
17.465951919555664
19.68109130859375
41.288536071777344
14.357627868652344
16.465242385864258
24.923980712890625
16.033754348754883
23.737417221069336
44.133548736572266
27.632545471191406
10.753586769104004
16.21867561340332
3.751694440841675
18.45466423034668
7.291195869445801
22.113584518432617
23.69765853881836
6.842726707458496
20.6634521484375
16.789134979248047
7.75024938583374
7.792212009429932
8.48262882232666
10.506759643554688
11.485943794250488
6.889665126800537
15.568015098571777
14.424459457397461
13.625563621520996
9.11654281616211
9.732959747314453
13.124341011047363
18.371685028076172
14.296506881713867
3.256357192993164
24.737024307250977
16.81005859375
12.245908737182617
12.935683250427246
19.893882751464844
7.059730529785156
14.76672649383545
6.782249927520752
13.666504859924316
11.922953605651855
19.30181884765625
21.04332160949707
4.733698844909668
15.869464874267578
10.790903091430664
19.151737213134766
24.815725326538086
4.07650899887085
18.452869415283203
7.350519180297852
11.507795333862305
10.609715461730957
13.36196231842041
12.032060623168945
9.042858123779297
4.861147880554199
5.909987449645996
7.14540958404541
9.459421157836914
4.317450523376465
7.72134256362915
15.00279426574707
8.574714660644531
18.395694732666016
23.315221786499023
11.979609489440918
23.389392852783203
42.31441116333008
17.871437072753906
21.588605880737305
32.84061050415039
11.850000381469727
22.1857852935791
25.72029685974121
12.286506652832031
10.382944107055664
34.0047607421875
18.46640396118164
7.492498397827148
18.22844696044922
4.513052940368652
20.57270050048828
19.568750381469727
3.8338918685913086
8.609878540039062
3.181227207183838
3.4570415019989014
6.4858174324035645
8.350711822509766
7.302180767059326
20.55121421813965
14.876044273376465
10.676498413085938
9.094255447387695
2.6596367359161377
6.8547844886779785
7.866889953613281
8.474032402038574
4.544545650482178
6.285825729370117
9.351988792419434
2.8473150730133057
9.555010795593262
8.365337371826172
11.12825870513916
11.506747245788574
5.5445075035095215
15.135076522827148
15.178008079528809
9.025412559509277
18.202709197998047
12.6287202835083
9.698343276977539
14.309709548950195
9.267178535461426
6.480219841003418
21.524030685424805
20.344112396240234
4.979741096496582
4.197743892669678
13.106021881103516
11.047420501708984
8.257763862609863
11.765451431274414
8.813484191894531
12.660882949829102
21.446401596069336
4.7097697257995605
5.347008228302002
11.995033264160156
11.474424362182617
9.36329460144043
12.739933967590332
3.447105646133423
7.953520774841309
9.63446044921875
14.133953094482422
16.765865325927734
7.407829761505127
5.408113956451416
10.89307975769043
14.5411376953125
11.099828720092773
2.857400417327881
8.562349319458008
13.02733325958252
5.28543758392334
13.49457836151123
18.479923248291016
5.222554683685303
3.37542462348938
5.333279609680176
5.359142303466797
15.122143745422363
3.994072675704956
21.428985595703125
21.406049728393555
10.152965545654297
19.513601303100586
28.32103729248047
17.821767807006836
13.622854232788086
18.703611373901367
3.4542555809020996
15.752126693725586
13.08730697631836
3.5066139698028564
13.657684326171875
22.75337028503418
9.840238571166992
21.936458587646484
41.64704895019531
31.766658782958984
9.095248222351074
28.86184310913086
45.247718811035156
30.02547836303711
12.845377922058105
18.84579849243164
34.0429801940918
31.172616958618164
11.056009292602539
26.73812484741211
31.946460723876953
36.154239654541016
16.69729232788086
23.992326736450195
34.45025634765625
27.11003303527832
10.191987037658691
25.122169494628906
46.186378479003906
36.85179138183594
14.757966041564941
18.728336334228516
29.434627532958984
32.13558578491211
5.635530471801758
20.979896545410156
42.91116714477539
39.83900451660156
14.449725151062012
16.4218692779541
37.056297302246094
33.09605407714844
13.878157615661621
14.067906379699707
33.291412353515625
30.77412223815918
2.824084520339966
10.816012382507324
15.47544002532959
4.159786701202393
21.693645477294922
23.580120086669922
13.729485511779785
17.966352462768555
24.41277503967285
23.588945388793945
3.0633862018585205
24.365415573120117
41.113895416259766
22.23302459716797
9.822420120239258
10.044805526733398
20.650056838989258
17.730661392211914
5.922632217407227
3.6019909381866455
9.761373519897461
15.427253723144531
10.097551345825195
7.702805042266846
3.8273985385894775
9.935187339782715
4.66400671005249
8.722949028015137
2.510256052017212
9.441277503967285
7.276515007019043
6.481660842895508
7.604865550994873
5.412151336669922
7.588864803314209
9.888811111450195
6.944843292236328
11.35000991821289
11.771933555603027
2.739177703857422
16.399948120117188
19.214323043823242
12.56879711151123
10.56315803527832
21.1593074798584
9.479859352111816
6.67147970199585
20.029598236083984
13.7219877243042
9.295572280883789
13.779858589172363
3.519500970840454
10.731221199035645
8.663629531860352
4.662149429321289
8.854693412780762
9.130584716796875
11.849785804748535
15.821518898010254
3.6548168659210205
19.12999725341797
21.268354415893555
12.619209289550781
5.200986385345459
23.789134979248047
21.397972106933594
9.467926025390625
16.59144401550293
30.198095321655273
26.32020378112793
7.356987953186035
17.209238052368164
22.875564575195312
19.58478546142578
10.943047523498535
16.023313522338867
29.588237762451172
25.66436004638672
8.66462516784668
17.136518478393555
28.4824275970459
26.832033157348633
3.7595808506011963
15.67934799194336
19.784006118774414
9.603955268859863
5.938844680786133
14.532126426696777
3.5941812992095947
19.65553855895996
17.60132598876953
14.112775802612305
9.003478050231934
14.022541999816895
6.6815409660339355
7.00527286529541
19.568479537963867
8.415308952331543
10.459650993347168
13.57573413848877
4.0898027420043945
2.3944597244262695
8.900415420532227
5.261183738708496
6.076162815093994
2.1881449222564697
4.2060699462890625
5.728763103485107
9.366697311401367
6.904404163360596
5.520150661468506
8.615480422973633
4.133044719696045
12.848356246948242
5.969521522521973
3.9908266067504883
13.372427940368652
17.48263168334961
7.869494438171387
18.87485122680664
21.6551570892334
13.105823516845703
3.354940891265869
13.833725929260254
18.860563278198242
4.78322696685791
8.387345314025879
7.173202991485596
8.98391342163086
12.649458885192871
6.904875755310059
9.691259384155273
16.98008155822754
3.1286678314208984
14.92756462097168
16.66836166381836
7.053368091583252
9.39781379699707
13.53952407836914
11.300539016723633
6.918699264526367
9.395750999450684
7.852175712585449
4.364495277404785
12.352328300476074
6.817106246948242
5.091459274291992
7.122989177703857
3.746181011199951
12.889185905456543
15.864495277404785
5.6200408935546875
5.90962553024292
9.20184326171875
1.84225332736969
13.301389694213867
16.56293296813965
5.943205833435059
9.978056907653809
6.897487640380859
8.164704322814941
5.060286521911621
8.2523775100708
3.02329683303833
2.389070749282837
7.6765289306640625
5.1034440994262695
4.157665729522705
7.496333122253418
7.940864562988281
5.095561981201172
13.571667671203613
20.113475799560547
16.997295379638672
3.9399070739746094
4.404769420623779
1.7182246446609497
6.2312092781066895
3.631632089614868
11.490829467773438
4.1090593338012695
4.339735984802246
14.306719779968262
19.44109344482422
16.655818939208984
9.18791389465332
12.262367248535156
28.893733978271484
24.913827896118164
16.08769989013672
10.128458976745605
14.336809158325195
14.231791496276855
2.4645111560821533
6.486147403717041
3.5320677757263184
3.379149913787842
8.046839714050293
3.7204370498657227
8.359399795532227
17.897319793701172
5.7158684730529785
4.835513114929199
5.5578932762146
2.0276808738708496
3.2462966442108154
2.5034823417663574
3.635364055633545
3.425234794616699
3.766446590423584
1.3801864385604858
3.7855489253997803
10.719221115112305
8.537403106689453
5.390381336212158
10.90334415435791
7.96089506149292
7.552160263061523
9.6946439743042
5.167872905731201
4.363079071044922
2.1422383785247803
2.321578025817871
2.9018547534942627
5.439526557922363
2.585155963897705
3.1605358123779297
3.7682509422302246
8.32013988494873
7.179211139678955
3.053828001022339
1.9980244636535645
4.208493709564209
3.9011456966400146
3.508591651916504
5.687280178070068
4.510441780090332
9.104743957519531
2.070831298828125
3.608074903488159
3.195770263671875
6.55872917175293
6.201256275177002
5.9332780838012695
10.153794288635254
10.22734546661377
9.556880950927734
2.375279664993286
9.53288745880127
8.18728256225586
3.685370445251465
7.629419326782227
5.141724109649658
4.356118679046631
2.1694793701171875
4.714101314544678
9.573426246643066
6.824143886566162
5.99916934967041
3.997079610824585
3.6349310874938965
2.9383761882781982
3.7272512912750244
4.373081207275391
1.6480827331542969
10.139639854431152
14.905343055725098
3.0681605339050293
2.587387800216675
5.5127387046813965
3.83081316947937
2.482553482055664
3.642085313796997
6.849329471588135
2.7647480964660645
8.830545425415039
10.17856216430664
5.521876811981201
6.0120673179626465
3.594403028488159
12.234296798706055
8.415684700012207
2.3829550743103027
4.643237590789795
4.1492791175842285
5.674860954284668
4.954516410827637
9.387425422668457
1.8254715204238892
3.752591133117676
1.2446844577789307
3.2796471118927
2.938281297683716
2.3005411624908447
6.333812236785889
8.089547157287598
2.20934796333313
2.0947563648223877
4.921042442321777
3.0010488033294678
4.461551666259766
2.503450393676758
4.1683735847473145
5.742558479309082
3.165438413619995
2.5937657356262207
6.557586193084717
7.018399238586426
3.189885377883911
5.854005336761475
2.7162983417510986
2.224644184112549
3.274282455444336
8.532405853271484
7.518741130828857
5.338014602661133
9.172788619995117
10.598458290100098
6.097200870513916
4.002739906311035
6.5159101486206055
15.069058418273926
11.184447288513184
4.696813106536865
2.374424695968628
10.870156288146973
12.618653297424316
10.186293601989746
5.621715068817139
7.082715034484863
14.428613662719727
6.885866165161133
4.647325038909912
12.61188793182373
7.706509590148926
4.105499744415283
3.117274761199951
5.4814453125
5.143547534942627
1.7245575189590454
3.4595324993133545
2.622859239578247
8.715656280517578
4.106557846069336
4.624441146850586
4.142496109008789
9.290287971496582
2.336761951446533
2.6391358375549316
12.171870231628418
13.793231964111328
5.786003589630127
2.8675131797790527
12.263749122619629
10.544740676879883
5.930440902709961
6.793813705444336
12.358233451843262
7.812392234802246
4.775571346282959
8.423288345336914
7.50612211227417
5.350340843200684
2.3335213661193848
10.975350379943848
12.067839622497559
10.673782348632812
2.7104732990264893
6.284631252288818
19.714542388916016
9.492837905883789
4.214725017547607
7.027841091156006
13.548629760742188
6.652643203735352
3.347358465194702
6.813633441925049
9.287514686584473
10.164568901062012
4.516444683074951
9.454418182373047
11.00780963897705
9.820579528808594
5.544212818145752
2.227325201034546
8.714192390441895
2.866161584854126
5.271016597747803
3.0787975788116455
1.5696312189102173
8.901322364807129
3.020660877227783
2.905677556991577
6.2953362464904785
10.003898620605469
7.308123588562012
4.703996658325195
8.62096881866455
9.257709503173828
15.650468826293945
9.037266731262207
4.591201305389404
5.29425048828125
16.044588088989258
15.836287498474121
18.088115692138672
8.260196685791016
2.4081058502197266
4.7279486656188965
4.133872985839844
1.716200351715088
6.62772798538208
2.7575271129608154
3.6848907470703125
2.8363711833953857
1.3867098093032837
1.2573144435882568
3.398054599761963
3.387000322341919
4.028183460235596
3.2136003971099854
3.871565580368042
4.500738143920898
4.832223415374756
3.767141342163086
2.1782071590423584
5.574893951416016
4.35976505279541
3.3359158039093018
3.691593885421753
7.276965141296387
2.3906121253967285
2.4619343280792236
1.4326627254486084
8.383359909057617
5.725581169128418
3.995283842086792
2.203444480895996
9.757556915283203
7.475154399871826
2.2324302196502686
2.2052619457244873
3.9664382934570312
4.761125564575195
2.7238428592681885
1.2484219074249268
4.90444803237915
2.703784942626953
4.444477558135986
9.883512496948242
12.997143745422363
9.978474617004395
8.17670726776123
3.250579595565796
4.264108657836914
7.247609615325928
8.111282348632812
6.682006359100342
7.1227922439575195
2.828425168991089
12.48121166229248
7.70461368560791
5.740423202514648
3.538041114807129
5.384872913360596
10.223295211791992
3.7988662719726562
3.0359487533569336
2.202235698699951
12.33409595489502
10.798933982849121
14.124711990356445
8.587126731872559
3.6680288314819336
6.652341842651367
8.947549819946289
6.979222297668457
6.131834030151367
3.383369207382202
11.392960548400879
16.292264938354492
17.10463523864746
13.86532211303711
4.68148946762085
3.3254714012145996
4.282665729522705
11.332155227661133
13.615012168884277
5.924715518951416
3.5390102863311768
2.0851340293884277
7.587634086608887
14.792009353637695
5.863442420959473
4.729106903076172
2.950326442718506
7.966793537139893
6.35512638092041
3.065051794052124
4.669393539428711
8.224137306213379
6.031066417694092
4.330837249755859
6.602832794189453
6.743036270141602
6.197664260864258
3.9838905334472656
5.95415735244751
8.673042297363281
6.8771748542785645
7.271183490753174
2.0199058055877686
4.08889627456665
8.685137748718262
11.155356407165527
8.565764427185059
3.816995620727539
4.017156600952148
10.403983116149902
13.922886848449707
17.29842185974121
