3.922224521636963
3.494259834289551
3.7570266723632812
3.637054204940796
3.7657387256622314
3.3190693855285645
3.5634963512420654
3.222949743270874
3.50628924369812
3.4828765392303467
3.1226730346679688
3.411691188812256
3.0984182357788086
3.450141429901123
3.5284414291381836
3.2678072452545166
3.384363889694214
2.8666422367095947
3.1696712970733643
3.1771225929260254
3.106463670730591
3.079805612564087
3.1487133502960205
3.0364394187927246
3.0360708236694336
3.113585948944092
3.0190670490264893
3.023664712905884
2.9707727432250977
3.0113842487335205
2.8941140174865723
3.0153589248657227
3.1946895122528076
3.1846892833709717
3.1280181407928467
3.2686359882354736
3.1681571006774902
3.2764902114868164
3.461622714996338
3.308278799057007
3.4463024139404297
3.2203738689422607
3.3896021842956543
3.2489919662475586
3.446094036102295
3.4899721145629883
3.1627910137176514
3.6315715312957764
3.882622241973877
3.6531989574432373
3.5636115074157715
3.348816394805908
3.6032469272613525
3.927415609359741
4.0155134201049805
4.012529373168945
4.081293106079102
3.7734742164611816
3.9977691173553467
4.030767440795898
4.103738784790039
4.206966876983643
3.93202543258667
4.164742469787598
4.290370464324951
4.378251552581787
4.4644575119018555
4.382873058319092
4.398130416870117
4.615352630615234
4.5422258377075195
4.615772247314453
4.5244903564453125
4.376140117645264
4.721987724304199
4.840034008026123
5.016050815582275
4.87228536605835
4.3772873878479
4.937823295593262
4.6114630699157715
5.124623775482178
5.377015113830566
5.536523818969727
5.213634967803955
5.246155738830566
5.380244731903076
5.368069648742676
4.96782112121582
5.498335838317871
5.4283857345581055
5.365087032318115
5.515136241912842
5.700871467590332
5.75831937789917
5.7833571434021
5.661702632904053
5.8434343338012695
5.784226894378662
5.915903568267822
5.7880330085754395
6.093413829803467
5.730062961578369
5.982117652893066
6.055695056915283
5.911809921264648
5.769245147705078
5.096594333648682
5.773217678070068
5.473819255828857
5.82579231262207
5.936919689178467
5.649690628051758
5.7728590965271
6.170278072357178
5.835805892944336
6.112720012664795
5.895240783691406
5.8192524909973145
5.917195796966553
4.823947429656982
5.8702569007873535
5.56834077835083
5.396772384643555
6.046708583831787
5.628468036651611
5.44472074508667
5.580010890960693
5.252312660217285
5.353377342224121
4.35859489440918
5.174172878265381
5.245138645172119
5.267000675201416
5.210561752319336
4.741416931152344
4.931666374206543
4.4698686599731445
4.552969932556152
5.027631759643555
4.763975620269775
4.832203388214111
3.53403377532959
3.2309670448303223
3.9910171031951904
4.655595779418945
3.715895891189575
3.4674923419952393
3.702112913131714
3.6658997535705566
3.359680652618408
3.7054998874664307
3.650806427001953
3.127655506134033
3.2455496788024902
2.886849880218506
2.549208164215088
2.4615678787231445
2.3720078468322754
2.0642099380493164
2.432185411453247
2.5311713218688965
2.3398218154907227
1.84022057056427
1.8985774517059326
1.9798228740692139
2.126260280609131
2.0316779613494873
1.9216173887252808
1.6373488903045654
1.4067978858947754
1.5704741477966309
1.3851828575134277
1.3249664306640625
2.261690616607666
1.5161045789718628
2.1549386978149414
2.610136032104492
1.640133023262024
2.1307363510131836
1.8257052898406982
1.5300936698913574
1.6389048099517822
1.2395039796829224
2.025306463241577
2.1613364219665527
2.071887969970703
1.8616901636123657
1.8334136009216309
1.7517813444137573
1.7041258811950684
1.8953652381896973
1.4677106142044067
1.4670015573501587
1.7840189933776855
1.673825979232788
1.8889728784561157
2.2430355548858643
1.9915138483047485
1.8138426542282104
4.390334129333496
2.712507963180542
1.4875357151031494
1.983617901802063
1.7106704711914062
1.111478567123413
1.9424526691436768
3.3236942291259766
1.7182313203811646
1.9654523134231567
1.8081032037734985
1.8030259609222412
1.5227817296981812
1.6379473209381104
1.3514825105667114
1.44623601436615
1.8498321771621704
1.7688288688659668
1.3857868909835815
1.5731925964355469
1.943367600440979
1.9237195253372192
1.2932499647140503
1.4972854852676392
1.810331106185913
1.885338306427002
1.415744423866272
1.3868905305862427
1.350353479385376
1.3031256198883057
1.303145408630371
1.4740891456604004
2.299468517303467
1.5710980892181396
2.0018694400787354
1.7670336961746216
2.020404815673828
2.1434972286224365
1.2077831029891968
1.2589716911315918
1.4547926187515259
1.2867389917373657
1.431673526763916
1.622469425201416
1.2566970586776733
1.3403081893920898
2.0142834186553955
1.8194727897644043
2.128328800201416
2.504157304763794
1.7957452535629272
1.8834906816482544
1.6929255723953247
1.4204542636871338
1.4359509944915771
1.4757527112960815
1.2225581407546997
1.0248726606369019
1.7691837549209595
1.3217211961746216
1.210196852684021
2.067796230316162
1.5792274475097656
1.692776083946228
0.9289708137512207
1.5900212526321411
3.687821626663208
1.9952083826065063
2.052009105682373
1.355186939239502
1.63822603225708
1.6161441802978516
1.6230331659317017
1.9888904094696045
1.4926892518997192
1.8169115781784058
0.9884716868400574
1.4455337524414062
1.671580195426941
1.4572722911834717
1.5638962984085083
2.603384017944336
2.0773513317108154
1.3822729587554932
2.0878899097442627
2.904125213623047
2.9367220401763916
2.536041021347046
2.1209726333618164
2.259727954864502
2.5687978267669678
1.8869614601135254
2.5254154205322266
2.801363945007324
2.5698256492614746
2.2104780673980713
1.474319577217102
2.404139995574951
2.5887250900268555
1.1034494638442993
2.6377086639404297
2.2853121757507324
1.7235603332519531
2.1335995197296143
2.120046377182007
1.7705885171890259
2.1655819416046143
2.2701590061187744
2.7173681259155273
2.0393853187561035
3.315117359161377
3.0097179412841797
2.0532593727111816
1.6325786113739014
2.2536239624023438
1.7774068117141724
2.4606268405914307
1.6888775825500488
2.583056926727295
1.8744096755981445
2.2151732444763184
2.11418080329895
1.91032075881958
2.494039297103882
2.6404194831848145
1.4607418775558472
2.0236313343048096
2.4943313598632812
2.5782978534698486
2.228207588195801
1.6141057014465332
2.3629066944122314
2.032339096069336
1.2522989511489868
2.2725958824157715
2.25592303276062
1.9780869483947754
2.136672019958496
1.833229422569275
1.7697134017944336
2.2992072105407715
1.39504075050354
1.713841438293457
3.188239097595215
1.7526670694351196
1.400435447692871
3.476527214050293
2.306880474090576
1.7107220888137817
2.3167836666107178
1.8450030088424683
3.0826315879821777
2.097958564758301
2.2966179847717285
2.300323724746704
2.191951036453247
1.9040197134017944
2.0590109825134277
2.4227724075317383
1.8461322784423828
2.00099515914917
1.8911083936691284
1.7790088653564453
2.259213447570801
1.5623751878738403
1.974220633506775
2.6755521297454834
3.1936192512512207
2.7504889965057373
2.3061723709106445
2.3291878700256348
2.3892788887023926
2.8223655223846436
2.986335515975952
1.6441599130630493
2.1769626140594482
2.820639133453369
2.067406177520752
2.3663904666900635
2.7849793434143066
2.3238637447357178
3.056544542312622
2.4113571643829346
2.6043059825897217
2.419546365737915
2.9678688049316406
1.9191581010818481
2.6956918239593506
1.980635166168213
2.278496742248535
2.1682140827178955
2.515876054763794
2.140843629837036
2.2424845695495605
1.5749115943908691
1.7421424388885498
1.676297664642334
1.2959210872650146
1.8360018730163574
2.0312836170196533
1.4482507705688477
2.7426209449768066
2.476370334625244
1.2163230180740356
1.7461079359054565
1.9816406965255737
1.8509474992752075
2.37153697013855
2.018550395965576
1.2616519927978516
1.779327630996704
1.7509664297103882
1.4322245121002197
1.9061920642852783
1.597866415977478
1.601464867591858
1.846803069114685
1.4450676441192627
1.4757251739501953
1.9539214372634888
1.9897760152816772
2.225654363632202
1.4289923906326294
2.9006948471069336
1.7584185600280762
1.519244909286499
1.9978668689727783
2.049328565597534
1.8708313703536987
2.8942089080810547
1.9592732191085815
1.636662483215332
3.0573976039886475
3.957259178161621
2.179865837097168
2.0373759269714355
2.9710211753845215
2.3531408309936523
2.0984442234039307
1.8988796472549438
1.3870476484298706
2.886843681335449
3.08357310295105
1.8734338283538818
1.8398054838180542
2.8300135135650635
2.253687858581543
2.114588499069214
2.0374505519866943
2.550352096557617
1.954922080039978
1.998586893081665
2.367100477218628
2.6841444969177246
2.6830263137817383
2.330833911895752
1.8034491539001465
1.9204552173614502
2.2228593826293945
1.1659479141235352
1.7470194101333618
1.565759301185608
2.3757565021514893
2.192060947418213
2.108701229095459
3.1870946884155273
1.677015781402588
2.2369823455810547
2.5575332641601562
1.9233213663101196
1.4487882852554321
2.876710891723633
2.6204962730407715
2.6989715099334717
2.7032582759857178
2.099837064743042
2.165656089782715
2.1789028644561768
1.7072770595550537
1.4306584596633911
2.5330147743225098
2.1617140769958496
1.5210435390472412
1.8031667470932007
2.470022201538086
2.029292583465576
1.8070592880249023
2.2371222972869873
2.335636854171753
3.2016375064849854
2.773956775665283
2.4189624786376953
2.7120184898376465
3.0329220294952393
2.914672613143921
2.602750062942505
2.475511074066162
2.799971103668213
2.0922207832336426
2.1479110717773438
1.9442346096038818
2.1242458820343018
1.8416975736618042
1.3388198614120483
1.2759802341461182
1.492671012878418
2.087003707885742
1.810612678527832
2.134148359298706
2.5009946823120117
1.5341626405715942
1.5842444896697998
1.543179988861084
1.5686241388320923
1.8494921922683716
2.7358651161193848
1.8781732320785522
2.044071912765503
2.1968045234680176
2.1461715698242188
1.9378100633621216
1.5380662679672241
2.1328020095825195
1.6143460273742676
2.1035056114196777
2.584821939468384
1.305722713470459
1.746093511581421
1.8102213144302368
1.663069725036621
1.819541335105896
1.6713967323303223
1.9777214527130127
1.9895248413085938
1.56302809715271
1.6366422176361084
1.871382474899292
1.2592450380325317
1.8777201175689697
1.4884583950042725
1.4330731630325317
1.3453105688095093
2.055497884750366
1.5407702922821045
2.049982786178589
1.8887300491333008
1.3505879640579224
1.7213689088821411
2.032066822052002
1.640249490737915
1.9877166748046875
1.5481866598129272
1.6897915601730347
2.5215070247650146
1.6699528694152832
1.5486937761306763
1.947231411933899
1.8760188817977905
1.2677627801895142
1.5519925355911255
1.2997817993164062
2.0368173122406006
1.6325360536575317
1.7485030889511108
2.2131941318511963
2.248217821121216
1.4366161823272705
2.32293701171875
2.5404398441314697
1.5528368949890137
2.0585949420928955
2.381671190261841
2.6789662837982178
1.8990634679794312
1.7050657272338867
2.1029601097106934
1.8860923051834106
1.4224375486373901
2.667999744415283
2.0589137077331543
1.6349910497665405
2.1797091960906982
2.1949007511138916
1.5802435874938965
1.2547242641448975
1.8328150510787964
2.0496599674224854
1.2606021165847778
1.583367109298706
2.33328914642334
1.5332316160202026
1.3719463348388672
2.550419569015503
1.2816563844680786
1.8970698118209839
1.3086689710617065
1.510860562324524
1.5876796245574951
2.2701961994171143
1.7374777793884277
1.6060268878936768
1.5976738929748535
2.1219310760498047
1.7056270837783813
2.1952216625213623
2.2845282554626465
1.5215517282485962
1.83436119556427
1.6520940065383911
1.6880193948745728
1.7484458684921265
1.3012186288833618
1.3136558532714844
1.42573881149292
2.0282461643218994
1.8301690816879272
1.1591740846633911
1.983039140701294
1.9115924835205078
1.4712822437286377
1.6543763875961304
1.5908151865005493
1.6542195081710815
2.005375385284424
1.0390386581420898
1.5653493404388428
1.8836252689361572
1.3354121446609497
1.583160400390625
1.3004546165466309
1.5401674509048462
2.726182699203491
1.7081255912780762
1.419891595840454
2.0361766815185547
1.9238461256027222
1.6313694715499878
1.484697937965393
1.952626347541809
1.5269567966461182
1.0330111980438232
1.8122889995574951
2.248990297317505
1.3468865156173706
1.4728150367736816
1.886143684387207
1.9722340106964111
1.642986536026001
1.4822609424591064
1.2877089977264404
1.68616783618927
1.8794803619384766
1.6881762742996216
1.41313636302948
1.6455193758010864
1.8813380002975464
1.64786958694458
1.6102137565612793
1.6724135875701904
1.821574330329895
1.7343127727508545
2.3900909423828125
1.9889030456542969
1.6095141172409058
2.339733362197876
2.068514108657837
1.5126641988754272
1.471597671508789
1.9171197414398193
1.6702700853347778
1.4729924201965332
1.4296653270721436
1.475325345993042
1.8114796876907349
1.4570115804672241
0.9887614250183105
1.5179804563522339
1.4599406719207764
1.427276611328125
1.2875128984451294
1.3960516452789307
2.1933581829071045
1.6136184930801392
1.3271875381469727
1.5194549560546875
2.148406505584717
1.3078091144561768
1.2978994846343994
1.6435892581939697
1.766046166419983
1.3150347471237183
1.7058249711990356
1.651078462600708
1.1470749378204346
1.737338900566101
1.6671671867370605
1.6177682876586914
1.7238463163375854
1.6165486574172974
2.1705455780029297
1.4985721111297607
0.9520332217216492
1.603183388710022
1.906359314918518
1.741070032119751
1.5272585153579712
1.6009868383407593
1.53563392162323
1.596204161643982
1.5974830389022827
1.6935932636260986
1.8699215650558472
1.5093581676483154
1.9545457363128662
1.498968482017517
1.5039716958999634
1.1237415075302124
1.3100470304489136
1.0681644678115845
1.2053838968276978
1.2633233070373535
1.420573115348816
1.7161966562271118
0.886618435382843
1.2227026224136353
0.9452045559883118
1.3382378816604614
1.4776297807693481
1.4105262756347656
1.6038872003555298
1.7485814094543457
1.4327791929244995
1.2109050750732422
1.3980048894882202
1.387858271598816
2.3917338848114014
1.9057716131210327
1.6540577411651611
1.9657719135284424
1.4333710670471191
1.5038951635360718
2.2439520359039307
1.8366374969482422
1.4140372276306152
1.5244874954223633
1.387129306793213
1.5186151266098022
1.320717692375183
1.700499176979065
1.8745602369308472
1.2311676740646362
1.674533724784851
1.4981305599212646
1.902099370956421
1.9234809875488281
1.8309690952301025
2.0714170932769775
2.482722043991089
2.010688543319702
1.8722031116485596
2.2005181312561035
1.9841805696487427
1.7571959495544434
1.4924436807632446
1.3687188625335693
1.3600693941116333
1.2697209119796753
1.2588577270507812
1.9942024946212769
1.7907488346099854
1.6230303049087524
1.8774739503860474
1.664217472076416
1.5193812847137451
1.5587273836135864
1.3903683423995972
1.5310176610946655
1.1953216791152954
1.7365047931671143
1.4611144065856934
1.3741835355758667
2.4382994174957275
2.5433287620544434
1.2359163761138916
1.1578603982925415
1.753275752067566
1.3394626379013062
1.0803108215332031
1.7760430574417114
2.5596137046813965
1.7332944869995117
1.0971263647079468
1.6582413911819458
1.7884830236434937
1.7613695859909058
1.552709937095642
1.394491195678711
1.302825689315796
1.9307011365890503
1.8133792877197266
1.7743892669677734
1.265229344367981
1.4394057989120483
1.5390353202819824
0.8590668439865112
1.2400256395339966
1.654427170753479
1.303116798400879
1.2241501808166504
1.135859489440918
1.6385213136672974
1.2992135286331177
1.2723844051361084
1.6844552755355835
1.2228517532348633
1.60069739818573
1.1339726448059082
1.7361576557159424
1.8750710487365723
1.4696874618530273
1.539199709892273
1.8357807397842407
1.6811189651489258
0.9903883934020996
1.0651237964630127
1.8807462453842163
1.9194563627243042
1.135836124420166
1.1732304096221924
1.523824691772461
1.2290823459625244
1.7060705423355103
1.2811390161514282
1.872847080230713
1.3689805269241333
1.8264179229736328
1.2908341884613037
1.0764936208724976
1.0020281076431274
1.3009123802185059
1.3709754943847656
1.1859067678451538
1.4818464517593384
1.4772089719772339
1.419339656829834
1.6027426719665527
1.974318027496338
0.8319126963615417
1.7855864763259888
2.033050298690796
1.2978010177612305
1.3806167840957642
1.4587961435317993
1.4048645496368408
1.1480523347854614
1.5983225107192993
1.1690393686294556
1.3876659870147705
1.574569821357727
1.1854504346847534
1.3890279531478882
1.8323134183883667
1.0135416984558105
1.4889315366744995
1.026186227798462
1.2429287433624268
1.025031328201294
1.5316394567489624
1.3309913873672485
1.0942009687423706
1.3928524255752563
1.3662450313568115
1.0783134698867798
0.9938703775405884
1.05996572971344
1.4392242431640625
1.2831337451934814
1.855943202972412
0.7718787789344788
1.1300246715545654
1.3025455474853516
1.3396669626235962
1.0378515720367432
1.050796627998352
1.3496899604797363
1.3663889169692993
1.3698657751083374
1.5006078481674194
0.9609659910202026
1.5065686702728271
1.0078403949737549
1.2435649633407593
0.9392569065093994
1.257298231124878
2.01377534866333
1.7494819164276123
1.2692437171936035
0.9800751209259033
1.7487009763717651
1.0850752592086792
1.220990777015686
0.9296478629112244
1.2408260107040405
1.0147600173950195
1.327895164489746
1.110239863395691
1.328431487083435
1.1598246097564697
1.0044171810150146
1.0484400987625122
1.0843394994735718
1.0694012641906738
0.9692551493644714
1.1033775806427002
1.0052021741867065
1.124258279800415
1.3226584196090698
1.3420664072036743
1.2721138000488281
0.813267707824707
1.2905299663543701
1.1620146036148071
1.303857445716858
1.272621750831604
1.0019341707229614
1.286977767944336
1.1039230823516846
0.785436749458313
1.006386637687683
1.2674421072006226
0.9040892720222473
1.3673290014266968
1.317497730255127
1.3164689540863037
1.068981647491455
1.018799901008606
1.5490388870239258
0.9510732889175415
1.4140077829360962
1.0707485675811768
1.1926794052124023
1.058451771736145
1.6067527532577515
1.5905052423477173
1.0918867588043213
0.9024785161018372
1.9183776378631592
1.0530505180358887
0.7040477991104126
0.9813722968101501
0.9462776780128479
1.1376055479049683
1.2132362127304077
1.0620810985565186
1.2871923446655273
0.8889947533607483
1.1554816961288452
0.7591149210929871
1.305293083190918
1.1453988552093506
0.8367586135864258
0.969983696937561
0.7089024186134338
1.4773287773132324
1.249428391456604
1.4605445861816406
1.115769863128662
1.501275658607483
1.3054782152175903
0.9149270057678223
1.425769329071045
1.0457475185394287
1.9382380247116089
1.0113123655319214
0.9035383462905884
1.736655831336975
1.1642025709152222
1.0604183673858643
1.2374078035354614
1.3105098009109497
1.0396254062652588
1.3536194562911987
1.068681240081787
0.9775285124778748
0.8831136226654053
0.962268590927124
0.9331329464912415
0.8970746994018555
0.9010630249977112
1.0570828914642334
1.4618799686431885
1.0410202741622925
1.0110949277877808
1.1358895301818848
1.2111148834228516
1.234092354774475
0.9393436312675476
1.1693625450134277
1.263256549835205
1.44661545753479
1.468832015991211
1.2312290668487549
1.2068034410476685
0.930479884147644
1.4620468616485596
1.0087413787841797
1.2102534770965576
1.3934842348098755
1.111641526222229
0.8536854386329651
1.0176761150360107
1.1839088201522827
0.9331980347633362
1.0774153470993042
0.9830564856529236
1.2716788053512573
0.8699756860733032
0.8147997856140137
0.8059661984443665
0.669877290725708
0.7176467180252075
1.0701520442962646
0.98464435338974
0.9956355690956116
0.8926489353179932
0.9539627432823181
0.8379138708114624
0.8957779407501221
0.9189789295196533
0.8740155696868896
1.30010187625885
1.1029791831970215
1.3035759925842285
0.8162382245063782
1.062490463256836
0.8294355273246765
0.8992810845375061
0.8996938467025757
1.0810346603393555
1.0951581001281738
0.7842600345611572
0.989333987236023
1.0628072023391724
0.9037006497383118
0.9938006401062012
1.7865806818008423
0.8992887735366821
1.5768746137619019
1.1429144144058228
1.4401919841766357
1.3845700025558472
1.0751858949661255
1.4495594501495361
1.3866328001022339
0.9972918033599854
0.8123707175254822
