224.88937377929688
229.11669921875
227.58851623535156
223.8396759033203
221.91409301757812
222.3265838623047
222.45687866210938
220.36293029785156
225.60142517089844
217.74362182617188
226.27569580078125
224.2308349609375
224.99530029296875
222.7014923095703
217.04107666015625
218.9199676513672
216.10775756835938
215.73219299316406
222.3749237060547
222.016845703125
219.8778533935547
221.1998291015625
219.46339416503906
222.31834411621094
222.0433349609375
219.64602661132812
218.29229736328125
220.9646453857422
222.41448974609375
220.54202270507812
219.5568084716797
214.48989868164062
213.83828735351562
221.19515991210938
223.82241821289062
216.6280975341797
218.10659790039062
213.63624572753906
219.35250854492188
211.47024536132812
219.37701416015625
218.41778564453125
215.39657592773438
219.9085235595703
212.08311462402344
219.4180145263672
217.70838928222656
214.35665893554688
214.5222625732422
215.44027709960938
208.41195678710938
211.8475799560547
216.25840759277344
205.6311492919922
209.38502502441406
211.9673614501953
213.43775939941406
214.63177490234375
212.2972869873047
206.0641632080078
213.18399047851562
210.5295867919922
205.27867126464844
207.7373504638672
208.30276489257812
197.77914428710938
204.4120635986328
208.6215362548828
201.59898376464844
206.79605102539062
200.91397094726562
202.74586486816406
197.02603149414062
196.41758728027344
204.2320098876953
200.02362060546875
199.1156463623047
197.04757690429688
201.11819458007812
200.50355529785156
203.4920654296875
192.16143798828125
196.01023864746094
192.7180938720703
198.78147888183594
192.98179626464844
193.19317626953125
189.83412170410156
187.73721313476562
191.27064514160156
190.89476013183594
184.3859100341797
183.1033935546875
191.75709533691406
186.00006103515625
181.62716674804688
177.5249481201172
177.2905731201172
177.70115661621094
181.4838104248047
183.95306396484375
175.66481018066406
175.79962158203125
174.0447998046875
175.2805938720703
179.4447479248047
172.34121704101562
178.45767211914062
167.20787048339844
161.827880859375
170.45704650878906
168.99322509765625
165.1652374267578
166.78948974609375
161.54949951171875
159.283447265625
162.15567016601562
158.99940490722656
157.91680908203125
158.3916473388672
150.4884490966797
157.30145263671875
152.54747009277344
153.2960968017578
151.60174560546875
152.5862579345703
149.28318786621094
151.31814575195312
147.1049346923828
148.0284881591797
144.75836181640625
144.8857879638672
137.06781005859375
140.35716247558594
134.66249084472656
140.2029266357422
137.20782470703125
129.3392791748047
134.6702880859375
134.64920043945312
132.75131225585938
128.7065887451172
123.4796142578125
126.2929458618164
125.83560943603516
119.24261474609375
126.06890106201172
122.7629623413086
118.37708282470703
116.49433898925781
117.21192169189453
113.90538024902344
114.59650421142578
110.35069274902344
110.70565032958984
108.09931945800781
107.14263153076172
112.34291076660156
105.11638641357422
107.7291030883789
102.48987579345703
100.4283447265625
98.12205505371094
96.96629333496094
99.23680114746094
95.55131530761719
95.54081726074219
90.36954498291016
95.61346435546875
90.60326385498047
89.71798706054688
87.27681732177734
84.39354705810547
85.98469543457031
85.30644989013672
84.55994415283203
85.12255859375
78.72774505615234
79.44366455078125
78.72101593017578
75.74578857421875
75.22835540771484
74.19457244873047
71.0560073852539
70.93013763427734
67.92675018310547
66.81617736816406
69.90510559082031
66.62348937988281
66.48950958251953
61.88188171386719
62.53002166748047
61.59316635131836
59.742889404296875
59.749176025390625
60.0965576171875
56.5465202331543
53.477325439453125
54.66606903076172
54.04555130004883
52.60753631591797
48.97633743286133
49.768619537353516
49.15300369262695
47.902793884277344
47.19698715209961
45.905296325683594
45.04576873779297
44.11852264404297
41.759765625
42.89902877807617
41.96076583862305
40.132606506347656
39.10438537597656
37.76995086669922
37.55592346191406
37.41318893432617
36.895931243896484
35.881771087646484
34.68708801269531
33.239253997802734
32.1146240234375
31.724340438842773
31.61800765991211
30.59302520751953
30.53205680847168
29.841535568237305
28.556819915771484
28.213359832763672
27.864784240722656
27.32296371459961
26.02763557434082
26.585622787475586
24.666973114013672
23.36019515991211
22.84729766845703
23.130830764770508
22.29138946533203
21.76913833618164
21.855701446533203
20.838937759399414
19.809389114379883
19.295320510864258
19.14057731628418
17.944442749023438
18.75080108642578
17.646547317504883
16.741134643554688
16.63677406311035
16.403810501098633
16.50965690612793
15.74148941040039
15.3014554977417
14.959878921508789
14.307807922363281
13.907571792602539
13.73094654083252
13.411458015441895
13.219467163085938
12.75204849243164
12.448145866394043
12.179780006408691
12.169487953186035
11.91589641571045
11.977004051208496
11.422510147094727
11.305201530456543
11.097739219665527
11.112076759338379
10.557555198669434
10.65400218963623
10.66860580444336
10.408970832824707
10.158086776733398
10.040461540222168
9.901623725891113
9.827299118041992
9.516228675842285
9.393928527832031
9.362936019897461
9.425570487976074
9.105838775634766
9.007803916931152
8.989083290100098
8.857383728027344
8.74548053741455
8.591324806213379
8.507474899291992
8.645272254943848
8.56013011932373
8.409814834594727
8.395147323608398
8.175080299377441
8.300949096679688
8.114262580871582
8.120678901672363
8.144272804260254
8.013323783874512
7.904282093048096
8.034736633300781
7.738463401794434
7.778991222381592
7.707576274871826
7.660733699798584
7.738305568695068
7.474645137786865
7.467319488525391
7.546387195587158
7.492002010345459
7.559614658355713
7.29817008972168
7.499838829040527
7.362685203552246
7.312752723693848
7.387474060058594
7.404742240905762
7.166473865509033
7.047954082489014
7.188791275024414
7.197911739349365
7.076225757598877
6.946059226989746
7.155399322509766
7.1794047355651855
7.1094970703125
7.151424884796143
7.022369384765625
6.837809085845947
6.870441913604736
6.908478260040283
6.923943996429443
6.802967071533203
6.766068458557129
6.862606525421143
6.759953022003174
6.852093696594238
6.84050989151001
6.740025043487549
6.751516819000244
6.699456691741943
6.558042526245117
6.77728271484375
6.634936332702637
6.657938480377197
6.668335914611816
6.829800128936768
6.548860549926758
6.508870601654053
6.51786470413208
6.789993762969971
6.509812355041504
6.67374324798584
6.340723037719727
6.472160816192627
6.506618022918701
6.44423770904541
6.349661827087402
6.411164283752441
6.360313892364502
6.224489688873291
6.315157413482666
6.444159507751465
6.06986665725708
6.157825469970703
6.394396781921387
6.4155497550964355
6.281232833862305
6.146331787109375
6.081972122192383
6.229949951171875
6.299882411956787
6.03881311416626
6.090936183929443
6.159502983093262
6.059165954589844
6.098794460296631
6.0281291007995605
5.937467098236084
6.099053382873535
6.072578430175781
5.918578624725342
6.096100807189941
5.960121154785156
5.955961227416992
6.0349884033203125
5.881845474243164
5.941467761993408
5.914360523223877
5.993417739868164
5.898976802825928
5.7897725105285645
5.7781267166137695
5.984048843383789
5.896707534790039
5.730350017547607
5.714243412017822
5.772716999053955
5.683749675750732
5.946350574493408
5.722712993621826
5.827062129974365
5.6041178703308105
5.767047882080078
5.743558883666992
5.614918231964111
5.671968460083008
5.705402851104736
5.624777317047119
5.4815754890441895
5.578962326049805
5.658885478973389
5.638216972351074
5.439152240753174
5.513730049133301
5.421699523925781
5.566406726837158
5.500801086425781
5.522471904754639
5.48505163192749
5.3904805183410645
5.309067249298096
5.40777063369751
5.47176456451416
5.566259384155273
5.488497257232666
5.428155422210693
5.393679618835449
5.430761814117432
5.415672779083252
5.3270463943481445
5.296627044677734
5.342089653015137
5.223735332489014
5.217726230621338
5.267663955688477
5.368215560913086
5.212002754211426
5.266448974609375
5.181375980377197
5.4687933921813965
5.348674774169922
5.122645854949951
5.11759614944458
5.312911033630371
5.417150020599365
5.162650108337402
5.015283107757568
5.039292812347412
5.136397838592529
5.050675868988037
5.122439861297607
5.019771099090576
5.101238250732422
5.0552659034729
4.987427234649658
4.970276832580566
4.9996466636657715
5.057740688323975
5.1986799240112305
5.111927509307861
4.985414505004883
5.007643222808838
5.02959680557251
5.077167987823486
5.135471343994141
5.16928768157959
5.099006652832031
4.991562366485596
5.076946258544922
4.922938823699951
4.885415077209473
4.974584579467773
5.047510623931885
4.900956153869629
4.961519718170166
4.899065971374512
4.867680549621582
4.866852760314941
4.950201511383057
4.936128616333008
4.768970012664795
4.801023483276367
4.903522491455078
4.800226211547852
4.810445308685303
5.025996685028076
4.731923580169678
4.875868320465088
4.802607536315918
4.8281707763671875
4.7705254554748535
4.71504020690918
4.834300994873047
4.75299596786499
4.768321514129639
4.780377388000488
4.754818916320801
4.776174545288086
4.590543270111084
4.777561664581299
4.685857772827148
4.703235149383545
4.717757225036621
4.6695237159729
4.668532371520996
4.696111679077148
4.601665019989014
4.8234663009643555
4.635769367218018
4.543044090270996
4.574913024902344
4.563028335571289
4.675742149353027
4.61046028137207
4.675537586212158
4.565454959869385
4.665031433105469
4.612090110778809
4.742607116699219
4.569384574890137
4.588101387023926
4.744612693786621
4.590718746185303
4.573907852172852
4.566608905792236
4.579066276550293
4.574140548706055
4.547934532165527
4.488240718841553
4.579370498657227
4.488381385803223
4.510857582092285
4.499645233154297
4.5571699142456055
4.464857578277588
4.421160697937012
4.311989784240723
4.392592430114746
4.468759536743164
4.421047210693359
4.434571743011475
4.53972864151001
4.454451084136963
4.4801025390625
4.621541976928711
4.401853561401367
4.437159538269043
4.354122638702393
4.358292579650879
4.339147567749023
4.398752212524414
4.347926139831543
4.404308795928955
4.403768062591553
4.363267421722412
4.277168273925781
4.336921691894531
4.340760231018066
4.275789737701416
4.2916436195373535
4.24120569229126
4.3824639320373535
4.176180839538574
4.283605098724365
4.347388744354248
4.33713960647583
4.2661261558532715
4.242865085601807
4.29767370223999
4.304142475128174
4.263264179229736
4.3144612312316895
4.237436771392822
4.4047441482543945
4.257772922515869
4.114751815795898
4.292170524597168
4.222166538238525
4.1483964920043945
4.210841655731201
4.241273403167725
4.119973182678223
4.257868766784668
4.331044673919678
4.1587395668029785
4.231184959411621
4.143650054931641
4.1514573097229
4.167381763458252
4.093142509460449
4.230592250823975
4.18379545211792
4.163226127624512
4.137053489685059
4.329290390014648
4.089170932769775
4.1283650398254395
4.152810573577881
4.0528435707092285
4.083641529083252
4.107355117797852
4.129040718078613
4.218240261077881
4.102750301361084
4.013887405395508
4.119902610778809
3.980271816253662
4.045807361602783
4.023285388946533
4.116738796234131
4.138249397277832
4.203488826751709
4.155908107757568
4.098250389099121
4.011232852935791
4.0616302490234375
4.06138801574707
4.007265567779541
3.9581310749053955
4.1830315589904785
4.096417427062988
3.9189558029174805
4.120769023895264
3.9929699897766113
4.031597137451172
4.060330390930176
4.0845417976379395
3.9581775665283203
4.016219139099121
4.032134532928467
4.029051303863525
4.07966947555542
4.177010536193848
4.031126499176025
3.972785711288452
4.007680416107178
4.015973091125488
3.900496482849121
3.9444098472595215
4.086960315704346
3.8871631622314453
3.918321132659912
3.928729295730591
3.9476263523101807
3.9109385013580322
3.830842971801758
3.87565016746521
3.9932518005371094
3.979750394821167
4.042826175689697
3.982893228530884
3.954828977584839
3.937884569168091
4.004950523376465
3.958134174346924
3.8517396450042725
4.005622386932373
3.9648494720458984
4.031574726104736
3.8356709480285645
4.032604217529297
4.089808940887451
3.8620529174804688
3.7820212841033936
3.824411392211914
3.9168455600738525
3.8925790786743164
3.923625946044922
3.941488742828369
3.950495719909668
3.9267382621765137
3.8946502208709717
3.844619035720825
3.764913320541382
3.880042552947998
3.8229029178619385
3.8323307037353516
3.875704050064087
3.877025604248047
3.927767038345337
3.817410707473755
3.975848913192749
3.9034228324890137
3.88767671585083
3.8239948749542236
3.699476718902588
3.867994785308838
3.692085027694702
4.044282913208008
3.716763496398926
3.849140167236328
3.839853286743164
3.7849340438842773
3.7342004776000977
3.850149393081665
3.7535130977630615
3.763104200363159
3.8136303424835205
3.874241352081299
3.762624502182007
3.7720530033111572
3.9265830516815186
3.8111228942871094
3.8078415393829346
3.7074406147003174
3.8062613010406494
3.8298776149749756
3.8022878170013428
3.7762725353240967
3.7669432163238525
3.761343002319336
3.8385608196258545
3.7913081645965576
3.854414463043213
3.897040367126465
3.7992734909057617
3.856736660003662
3.6467933654785156
3.6880855560302734
3.7220911979675293
3.747929334640503
3.748203992843628
3.684758186340332
3.7279202938079834
3.907078266143799
3.753424882888794
3.680933952331543
3.6635513305664062
3.703857660293579
3.8806142807006836
3.7578046321868896
3.8099591732025146
3.86454701423645
3.687062978744507
3.794186592102051
3.6352951526641846
3.664705753326416
3.694690465927124
3.7085230350494385
3.7032461166381836
3.57625150680542
3.6817195415496826
3.7781167030334473
3.7096047401428223
3.6927783489227295
3.7215616703033447
3.6735265254974365
3.7070090770721436
3.7439401149749756
3.6092703342437744
3.653815507888794
3.7108733654022217
3.673024892807007
3.7303714752197266
3.792912483215332
3.6171610355377197
3.626227378845215
3.6388134956359863
3.7403564453125
3.628300666809082
3.6133971214294434
3.6083743572235107
3.6783976554870605
3.6574957370758057
3.6580495834350586
3.7623367309570312
3.622417688369751
3.5649969577789307
3.5800721645355225
3.651395082473755
3.8077921867370605
3.634756088256836
3.5928404331207275
3.6838481426239014
3.5969436168670654
3.7579727172851562
3.6796329021453857
3.5803287029266357
3.5448269844055176
3.7195277214050293
3.6542205810546875
3.609621047973633
3.574805498123169
3.5960426330566406
3.5787668228149414
3.7311737537384033
3.6882686614990234
3.5706379413604736
3.5698161125183105
3.553260087966919
3.5626816749572754
3.5794548988342285
3.6206650733947754
3.5747759342193604
3.632455825805664
3.5687448978424072
3.673703193664551
3.7277369499206543
3.5661115646362305
3.5998566150665283
3.6569297313690186
3.5492374897003174
3.688495635986328
3.6682591438293457
3.641188859939575
3.69299578666687
3.6217358112335205
3.542959690093994
3.7358360290527344
3.678131103515625
3.5602898597717285
3.655398368835449
3.593958616256714
3.5674731731414795
3.693065643310547
3.6177978515625
3.5642929077148438
3.5438859462738037
3.590400218963623
3.6443662643432617
3.5601425170898438
3.6994192600250244
3.4974231719970703
3.6516733169555664
3.591627597808838
3.6521003246307373
3.5521585941314697
3.552619218826294
3.667513608932495
3.598891496658325
3.687330722808838
3.606050491333008
3.5331337451934814
3.557164192199707
3.543661594390869
3.5826644897460938
3.5314910411834717
3.5161449909210205
3.635955572128296
3.6381006240844727
3.595994710922241
3.593243360519409
3.52764892578125
3.589478015899658
3.611907482147217
3.5521135330200195
3.4608941078186035
3.5034804344177246
3.5111820697784424
3.438079595565796
3.6391642093658447
3.5397191047668457
3.540907621383667
3.5113437175750732
3.622684955596924
3.5334126949310303
3.5293476581573486
3.525116205215454
3.599133253097534
3.468966484069824
3.6564717292785645
3.549651622772217
3.5751311779022217
3.633819818496704
3.5214943885803223
3.4382805824279785
3.635443687438965
3.6582717895507812
3.503568172454834
3.486887216567993
3.5394556522369385
3.544768810272217
3.5408754348754883
3.7703638076782227
3.467571973800659
3.5523180961608887
3.5616514682769775
3.6039934158325195
3.5608339309692383
3.5526514053344727
3.4543375968933105
3.5789525508880615
3.4993896484375
3.6053450107574463
3.513293504714966
3.539987564086914
3.4462296962738037
3.4593563079833984
3.4709997177124023
3.4171791076660156
3.5658745765686035
3.500955820083618
3.5124502182006836
3.4058754444122314
3.4267313480377197
3.669074296951294
3.5465919971466064
3.5933282375335693
3.4622223377227783
3.4753246307373047
3.522968292236328
3.4611966609954834
3.396334409713745
3.5286624431610107
3.432497501373291
3.514662265777588
3.4170217514038086
3.5656635761260986
3.5986204147338867
3.4813497066497803
3.432406187057495
3.4757301807403564
3.5880467891693115
3.46531081199646
3.4763176441192627
3.375575304031372
3.4755399227142334
3.58347749710083
3.6014957427978516
3.4668588638305664
3.4839742183685303
3.4383115768432617
3.6337742805480957
3.366206169128418
3.4172956943511963
3.5500450134277344
3.4731905460357666
3.644937038421631
3.6526589393615723
3.5273518562316895
