125.75020599365234
116.06620025634766
121.09918975830078
129.4322509765625
138.73025512695312
131.85977172851562
132.2662811279297
133.19886779785156
123.86457061767578
140.05393981933594
123.15940856933594
139.2607879638672
115.2237548828125
103.29925537109375
131.7771453857422
109.12373352050781
131.6981658935547
124.4482421875
132.91864013671875
135.97604370117188
117.77690887451172
114.98983001708984
132.967041015625
127.0091781616211
129.67796325683594
136.696044921875
72.87385559082031
124.06182098388672
114.10033416748047
128.5731201171875
129.1798553466797
134.73255920410156
111.66339111328125
126.67786407470703
125.50660705566406
103.53157043457031
120.19873809814453
98.85614013671875
92.2781753540039
122.84098052978516
105.92829895019531
124.97361755371094
124.29737854003906
115.07843017578125
109.78935241699219
123.4843521118164
123.52134704589844
117.95928955078125
119.89266204833984
118.7672348022461
124.84721374511719
122.4985122680664
114.9930648803711
94.84398651123047
116.7860336303711
107.63136291503906
101.1866455078125
106.5372085571289
119.7203369140625
117.85542297363281
115.54917907714844
98.04305267333984
108.80720520019531
86.71156311035156
116.93794250488281
93.81495666503906
118.11064910888672
116.87682342529297
112.5431137084961
117.40681457519531
94.04188537597656
95.32593536376953
98.73622131347656
97.9764404296875
107.7958984375
95.94478607177734
97.0118179321289
100.74022674560547
94.5351791381836
90.23857116699219
95.42064666748047
92.8633804321289
101.18772888183594
83.65629577636719
91.78817749023438
100.13446044921875
90.50814819335938
85.66044616699219
82.79965209960938
91.75634765625
79.13741302490234
93.55567932128906
92.58350372314453
89.5562744140625
79.28394317626953
72.91122436523438
80.34456634521484
86.71728515625
83.97103118896484
81.92505645751953
69.44657135009766
65.42761993408203
69.45714569091797
71.1140365600586
70.60758972167969
69.35401916503906
82.67887878417969
67.55390930175781
61.517887115478516
70.84233856201172
64.56021118164062
63.3741455078125
56.9871826171875
52.787235260009766
71.55072021484375
71.09908294677734
56.436771392822266
62.37435531616211
64.71644592285156
54.377113342285156
59.488685607910156
59.34152603149414
57.508731842041016
56.657752990722656
34.7113151550293
56.04957962036133
56.61562728881836
50.56389236450195
49.86235427856445
40.15463638305664
36.054378509521484
33.0161018371582
39.50742721557617
41.567440032958984
44.30446243286133
39.53019332885742
37.97684097290039
40.4958381652832
38.35316467285156
27.73271942138672
32.87818145751953
30.349750518798828
30.68592643737793
28.528860092163086
25.680570602416992
26.93309783935547
27.061702728271484
24.65352439880371
28.958627700805664
16.346765518188477
19.496328353881836
21.831878662109375
22.70519256591797
18.50861358642578
14.986823081970215
14.769113540649414
17.95448112487793
18.49966812133789
16.442350387573242
16.3414306640625
13.199180603027344
11.77110481262207
12.942877769470215
11.585610389709473
11.069723129272461
11.676437377929688
8.076815605163574
8.803677558898926
8.95278263092041
8.464264869689941
7.32160758972168
7.623055934906006
6.059112548828125
5.570545673370361
4.848758697509766
6.1997551918029785
5.258037567138672
5.410916328430176
4.740721225738525
4.070953369140625
4.661498546600342
4.15744161605835
4.395754337310791
3.9625179767608643
4.1903767585754395
3.3679542541503906
3.3205275535583496
3.4771652221679688
3.605782985687256
3.2680652141571045
3.791900157928467
3.2587499618530273
2.9192399978637695
3.1054811477661133
3.6115922927856445
3.0982134342193604
3.0701613426208496
3.138207197189331
2.80910062789917
3.0031392574310303
3.198059558868408
2.6703081130981445
3.022871494293213
3.277920722961426
3.05889630317688
2.854191541671753
2.9261248111724854
3.0937001705169678
3.1870110034942627
3.0473549365997314
2.6802780628204346
2.593233108520508
2.6905767917633057
2.948982000350952
3.114175796508789
2.741105556488037
2.8181345462799072
2.5485849380493164
2.367239475250244
2.896235942840576
2.7197883129119873
2.7355997562408447
2.749237060546875
2.4268877506256104
2.521585464477539
2.7905032634735107
2.8666749000549316
2.662811517715454
2.3787968158721924
2.3942906856536865
2.349367618560791
2.3367061614990234
2.551121950149536
2.4845006465911865
2.3888943195343018
2.4253878593444824
2.328019142150879
2.2782111167907715
2.4551279544830322
2.4633164405822754
2.3602333068847656
2.367500066757202
2.461824417114258
2.4041662216186523
2.2081522941589355
2.1174938678741455
2.30975341796875
2.290355920791626
2.162655830383301
2.034734010696411
2.1722116470336914
2.055979013442993
1.976096272468567
1.9438096284866333
1.9969607591629028
2.3586039543151855
2.087946891784668
2.1440627574920654
2.037781000137329
2.285426139831543
2.020867347717285
2.216385841369629
2.1953847408294678
1.9779070615768433
2.15598201751709
2.014150857925415
2.0569262504577637
1.931923508644104
2.0227108001708984
2.1036338806152344
1.9525649547576904
2.1136648654937744
1.9031636714935303
1.7802181243896484
2.0051801204681396
2.153520107269287
2.023214101791382
1.9765095710754395
1.9252800941467285
1.875275731086731
1.9643582105636597
1.7589075565338135
2.0193967819213867
1.9245150089263916
1.6327632665634155
1.8709261417388916
1.937659502029419
1.9786800146102905
1.8509021997451782
1.911546230316162
1.8627057075500488
1.7409390211105347
1.9418753385543823
1.8640285730361938
1.9323649406433105
1.7293459177017212
1.9385980367660522
1.9018899202346802
1.8363926410675049
1.7139534950256348
1.7117005586624146
1.8257337808609009
1.8321967124938965
2.0559794902801514
1.633142352104187
1.7374686002731323
1.8993322849273682
1.7660267353057861
1.8961145877838135
1.7024966478347778
2.0670993328094482
1.8370789289474487
1.9602049589157104
1.919922113418579
1.7253206968307495
1.5528451204299927
1.7770143747329712
1.818585753440857
1.9579362869262695
2.0519537925720215
1.5661280155181885
1.9274524450302124
1.8300530910491943
1.747785210609436
1.7912776470184326
1.8302878141403198
1.9146841764450073
1.8038485050201416
1.8447343111038208
1.7368524074554443
1.642491340637207
1.862757921218872
1.7132505178451538
1.6432199478149414
1.890354037284851
1.8325810432434082
1.7760437726974487
1.8985843658447266
1.92506742477417
1.8993343114852905
1.828668236732483
1.535871148109436
1.9151568412780762
1.8059583902359009
1.9549654722213745
1.849422812461853
1.8933289051055908
1.6898905038833618
1.7718579769134521
1.8110328912734985
1.6352829933166504
1.7237772941589355
1.5939959287643433
1.8533062934875488
1.630395531654358
1.7932305335998535
1.7913442850112915
1.5866187810897827
1.6840037107467651
1.829136610031128
1.8151670694351196
1.5150173902511597
1.8881192207336426
1.8211888074874878
1.7567278146743774
1.8276262283325195
1.4625887870788574
1.8100491762161255
1.5005161762237549
2.063511371612549
1.7507659196853638
1.7182327508926392
1.6249853372573853
1.8344883918762207
1.6803311109542847
1.662746787071228
1.6974290609359741
1.6956363916397095
1.5031392574310303
1.4443719387054443
1.735825538635254
1.6001917123794556
1.6835055351257324
1.490444302558899
1.7988930940628052
1.745944619178772
1.5231574773788452
1.75908625125885
1.6624172925949097
1.6393587589263916
1.9735177755355835
1.6819087266921997
1.7217272520065308
1.7717880010604858
1.5490843057632446
1.399987816810608
1.7344259023666382
1.923234224319458
1.7873032093048096
1.6508086919784546
1.778372883796692
1.746579647064209
1.7124550342559814
1.6545814275741577
1.440186619758606
1.7628672122955322
1.5977964401245117
1.698609709739685
1.5452202558517456
1.7002359628677368
1.8466839790344238
1.684630274772644
1.792496681213379
1.8382176160812378
1.1903530359268188
1.6843398809432983
1.5746134519577026
1.5457050800323486
1.5822317600250244
1.6262553930282593
1.683717131614685
1.5038388967514038
1.5368504524230957
1.5598418712615967
1.710764765739441
1.9037833213806152
1.629500150680542
2.0076003074645996
1.5948870182037354
1.6425220966339111
1.58842933177948
1.5308444499969482
1.8678958415985107
1.372797966003418
1.639685869216919
1.653964638710022
1.5073912143707275
1.7934629917144775
1.7742090225219727
1.7290910482406616
1.6554977893829346
1.6522239446640015
1.718159556388855
1.6530972719192505
1.6759312152862549
1.5867674350738525
1.6216946840286255
1.6708159446716309
1.6548793315887451
1.6936373710632324
1.6192249059677124
1.6781853437423706
1.7149417400360107
1.6474815607070923
1.252482533454895
1.6838799715042114
1.6899793148040771
1.6402451992034912
1.5599960088729858
1.4786337614059448
1.4272874593734741
1.585593342781067
1.7123706340789795
1.6833701133728027
1.5912388563156128
1.5312166213989258
1.6768853664398193
1.6885573863983154
1.687258005142212
1.6523534059524536
1.6417932510375977
1.6718692779541016
1.7017110586166382
1.6600933074951172
1.442501187324524
1.5844309329986572
1.6451373100280762
1.4574580192565918
1.6723482608795166
1.7569849491119385
1.6545279026031494
1.4599660634994507
2.022014617919922
1.6854870319366455
1.6392226219177246
1.5780545473098755
1.5286909341812134
1.4859319925308228
1.5419641733169556
1.6034091711044312
1.6125651597976685
1.4044233560562134
1.54289972782135
1.6477352380752563
1.6500259637832642
1.5666583776474
1.6125292778015137
1.4646538496017456
1.634371280670166
1.5913822650909424
1.811032772064209
1.6280821561813354
1.5835232734680176
1.5216611623764038
1.53759765625
1.72044837474823
1.457559585571289
1.4579638242721558
1.5026885271072388
1.526740550994873
1.5810999870300293
1.4423518180847168
1.6295872926712036
1.8492563962936401
1.5733541250228882
1.741938829421997
1.552337884902954
1.4696887731552124
1.6232779026031494
1.4472719430923462
1.4771909713745117
1.6215158700942993
1.7315112352371216
1.6133214235305786
1.5137770175933838
1.6179375648498535
1.5622227191925049
1.4669990539550781
1.6627103090286255
1.5709178447723389
1.4480798244476318
1.5133264064788818
1.3449397087097168
1.3888254165649414
1.8300304412841797
1.3506518602371216
1.414441704750061
1.5959351062774658
1.4143662452697754
1.513462781906128
1.4514905214309692
1.464349389076233
1.5212924480438232
1.4252015352249146
1.368239402770996
1.5016855001449585
1.4557782411575317
1.4552439451217651
1.5154685974121094
1.5084891319274902
1.9966233968734741
1.519233226776123
1.4030452966690063
1.5443289279937744
1.579206109046936
1.638696312904358
1.5801700353622437
1.5635781288146973
1.4983460903167725
1.3674839735031128
1.6078729629516602
1.5515635013580322
1.4461967945098877
1.3941320180892944
1.48393976688385
1.6085069179534912
1.458613634109497
1.5106793642044067
1.39589262008667
1.4333040714263916
1.509850025177002
1.2647757530212402
1.4332703351974487
1.374607801437378
1.4337671995162964
1.3476773500442505
1.5417629480361938
1.5853403806686401
1.4835458993911743
1.4995486736297607
1.4279732704162598
1.2745088338851929
1.5748546123504639
1.4271677732467651
1.3726167678833008
1.2240604162216187
1.4220430850982666
1.5084401369094849
1.2932958602905273
1.3475216627120972
1.4273748397827148
1.2725093364715576
1.5035059452056885
1.3376778364181519
1.4769574403762817
1.3688547611236572
1.4627903699874878
1.3356505632400513
1.565721035003662
1.4358599185943604
1.4870760440826416
1.32046377658844
1.3115134239196777
1.4725925922393799
1.4592996835708618
1.4956631660461426
1.294012188911438
1.4578343629837036
1.4085071086883545
1.5611259937286377
1.5034452676773071
1.3608174324035645
1.4220296144485474
1.3173919916152954
1.6205037832260132
1.499613881111145
1.4330394268035889
1.5429214239120483
1.502213954925537
1.4893767833709717
1.423606514930725
1.58375084400177
1.3449366092681885
1.3823604583740234
1.4824461936950684
1.571427345275879
1.6078797578811646
1.360123634338379
1.5046782493591309
1.3206357955932617
1.5308748483657837
1.3698750734329224
1.5927608013153076
1.504426121711731
1.5480639934539795
1.288224458694458
1.380690574645996
1.5175116062164307
1.4500972032546997
1.5949503183364868
1.4468566179275513
1.661942481994629
1.4794148206710815
1.4040324687957764
1.353702187538147
1.644991397857666
1.4857559204101562
1.4747014045715332
1.3700007200241089
1.5046895742416382
1.4859061241149902
1.3294707536697388
1.4377567768096924
1.71943199634552
1.4532277584075928
1.1912847757339478
1.339841365814209
1.5181424617767334
1.4358614683151245
1.548113226890564
1.3207985162734985
1.4848392009735107
1.5093878507614136
1.6169383525848389
1.4103367328643799
1.298008680343628
1.368234395980835
1.6526967287063599
1.2701340913772583
1.1958059072494507
1.5014992952346802
1.6156177520751953
1.4119082689285278
1.3271325826644897
1.43148672580719
1.5211851596832275
1.478825569152832
1.6567777395248413
1.2325690984725952
1.4525418281555176
1.4370023012161255
1.4005928039550781
1.534842848777771
1.3815476894378662
1.355395793914795
1.4028488397598267
1.4216829538345337
1.114168643951416
1.2935534715652466
1.4794068336486816
1.4484621286392212
1.3400555849075317
1.3254594802856445
1.250632405281067
1.3103513717651367
1.2063096761703491
1.3216160535812378
1.3990987539291382
1.4432405233383179
1.420985221862793
1.4593725204467773
1.13858962059021
1.4288370609283447
1.515473484992981
1.337494969367981
1.5659372806549072
1.5369001626968384
1.3170125484466553
1.3351593017578125
1.385672688484192
1.4458616971969604
1.283915638923645
1.3577910661697388
1.3660919666290283
1.3931816816329956
1.4122240543365479
1.6511293649673462
1.3451346158981323
1.2137378454208374
1.3082283735275269
1.3551679849624634
1.5476536750793457
1.3389360904693604
1.4154812097549438
1.498841404914856
1.2458150386810303
1.3548210859298706
1.1928701400756836
1.4320220947265625
1.4841736555099487
1.4905949831008911
1.6217259168624878
1.5193746089935303
1.3884705305099487
1.2621015310287476
1.5548821687698364
1.4004778861999512
1.3448965549468994
1.425790548324585
1.2796403169631958
1.2768675088882446
1.440018653869629
1.427862286567688
1.3582619428634644
1.353232979774475
1.1103453636169434
1.3905632495880127
1.476580262184143
1.4067842960357666
1.2062838077545166
1.2420769929885864
1.4209461212158203
1.2612779140472412
1.4222060441970825
1.5472956895828247
1.4578945636749268
1.3330228328704834
1.0706812143325806
1.4083422422409058
1.4036802053451538
1.3447353839874268
1.2360061407089233
1.3733831644058228
1.3864387273788452
1.4975132942199707
1.4604703187942505
1.55156409740448
1.446712613105774
1.3843406438827515
1.3553200960159302
1.2667524814605713
1.2249304056167603
1.404710054397583
1.3359891176223755
1.4079045057296753
1.412275791168213
1.420451045036316
1.2492108345031738
1.312619686126709
1.314769983291626
1.1707713603973389
1.410398244857788
1.2666382789611816
1.459887146949768
1.377400279045105
1.3602793216705322
1.3919659852981567
1.5540426969528198
1.328744649887085
1.3456050157546997
1.480835199356079
1.4163498878479004
1.41587495803833
1.2636091709136963
1.4005228281021118
1.3263837099075317
1.0963889360427856
1.156024694442749
1.1302717924118042
1.3870506286621094
1.1280884742736816
1.2592836618423462
1.350625991821289
1.2934705018997192
1.3995596170425415
1.3356518745422363
1.207562804222107
1.2482720613479614
1.3787434101104736
1.2553306818008423
1.426048755645752
1.3407953977584839
1.278734564781189
1.424468994140625
1.3618464469909668
1.405869722366333
1.5398703813552856
1.1945515871047974
1.3678826093673706
1.3824632167816162
1.2892154455184937
1.2531479597091675
1.3246922492980957
1.4354445934295654
1.3568787574768066
1.3328124284744263
1.2724131345748901
1.554374098777771
1.2019160985946655
1.2759517431259155
1.3266487121582031
1.322479009628296
1.4150952100753784
1.3343433141708374
1.2420406341552734
1.1356326341629028
1.3075774908065796
1.1765648126602173
1.351310133934021
1.449308156967163
1.406501054763794
1.4058048725128174
1.4506505727767944
1.3271204233169556
1.2804580926895142
1.4054995775222778
1.3909813165664673
1.406564712524414
1.4781750440597534
1.320618987083435
1.1909599304199219
1.37794828414917
1.325976014137268
1.3267115354537964
1.367531418800354
1.4931206703186035
1.268864393234253
1.3547917604446411
1.167842149734497
1.2574564218521118
1.4492614269256592
1.0988116264343262
1.2278399467468262
1.2648603916168213
1.364063024520874
1.2404208183288574
1.4169504642486572
1.3686907291412354
1.3258370161056519
1.4008842706680298
1.3709217309951782
1.352044939994812
1.3185228109359741
1.4021196365356445
1.2661665678024292
1.236918330192566
1.3343716859817505
1.3309987783432007
1.325308918952942
1.3390696048736572
1.3687878847122192
1.3833760023117065
1.3615901470184326
1.1847580671310425
1.4519109725952148
1.3078157901763916
1.064166784286499
1.416822075843811
1.4522844552993774
1.084161639213562
1.3731023073196411
1.363921880722046
0.9556956887245178
1.2218217849731445
1.3505350351333618
1.1064047813415527
1.2353037595748901
1.1900110244750977
1.212124228477478
1.315678596496582
1.5645432472229004
1.2063145637512207
1.1223174333572388
1.1613280773162842
1.3875105381011963
1.5035945177078247
1.418778419494629
1.1440966129302979
1.3236984014511108
1.3769038915634155
1.1740427017211914
1.306342363357544
1.2314209938049316
1.3004074096679688
1.3374124765396118
1.3907763957977295
1.001006007194519
1.1122080087661743
1.1554099321365356
1.340648889541626
1.444872498512268
1.2984553575515747
1.3713175058364868
1.3414379358291626
1.3040070533752441
1.315623164176941
1.2797319889068604
1.2186768054962158
1.3693164587020874
1.1478683948516846
1.198166847229004
1.2337795495986938
1.2085535526275635
1.1596033573150635
1.3471568822860718
1.316862940788269
1.2899384498596191
1.3613735437393188
1.344949722290039
1.3904285430908203
1.2820539474487305
1.1876152753829956
1.29385507106781
1.2721272706985474
1.3752593994140625
1.2112787961959839
1.226996898651123
1.202502965927124
1.2702237367630005
1.4965600967407227
1.278127908706665
0.99014812707901
1.0950628519058228
1.2831249237060547
1.3832405805587769
1.3412179946899414
1.1670432090759277
1.358750581741333
1.069119930267334
1.3498667478561401
1.2256397008895874
1.2634197473526
1.332840919494629
1.1815786361694336
0.9277289509773254
1.1722859144210815
1.3017828464508057
1.1734727621078491
1.2182632684707642
1.5863070487976074
1.3088462352752686
1.231177568435669
1.2587261199951172
1.0022717714309692
1.1840120553970337
1.383843183517456
1.3370174169540405
1.2904189825057983
1.487444281578064
1.324438452720642
1.3358722925186157
1.1535835266113281
1.3514808416366577
1.3245574235916138
1.260917067527771
1.3261042833328247
1.349149227142334
1.2839831113815308
1.2298210859298706
0.9864446520805359
1.28671395778656
1.2482830286026
1.2266719341278076
1.1847808361053467
1.3172521591186523
1.1744967699050903
1.218131184577942
1.3608856201171875
1.3188551664352417
1.3363864421844482
1.2882704734802246
1.251565933227539
1.33387291431427
1.0975245237350464
1.3740086555480957
1.106505036354065
1.1775953769683838
1.207282304763794
1.2397624254226685
1.3767237663269043
1.2714612483978271
1.3656797409057617
1.3531204462051392
1.2926971912384033
1.266202688217163
1.3246225118637085
1.4047369956970215
1.245330572128296
1.2943832874298096
1.2871147394180298
1.2993383407592773
1.352264642715454
1.3404954671859741
1.3256369829177856
1.6985713243484497
1.1572312116622925
1.403283715248108
1.3074769973754883
1.2705901861190796
1.286086916923523
1.2538152933120728
1.15816068649292
1.3779536485671997
1.2560149431228638
1.4242724180221558
1.2915797233581543
1.4328839778900146
1.3091851472854614
1.1998391151428223
1.2649375200271606
1.576279878616333
1.2711714506149292
1.2184966802597046
1.3713487386703491
1.4456255435943604
1.2143737077713013
0.9701229929924011
0.9461489319801331
1.331238865852356
1.0961264371871948
1.301876425743103
1.2402788400650024
1.0479851961135864
1.3709529638290405
1.30580472946167
1.2926900386810303
1.271039366722107
1.2347559928894043
1.2916988134384155
1.269453525543213
1.2221280336380005
1.0731381177902222
1.2649388313293457
1.2645190954208374
1.114768624305725
1.244736671447754
1.166069507598877
1.1789568662643433
1.370810627937317
1.2668722867965698
1.2542389631271362
1.1484960317611694
1.2415156364440918
1.299034595489502
1.191017985343933
1.1832504272460938
1.2424122095108032
1.1997569799423218
1.2412846088409424
1.3799477815628052
0.9989969730377197
1.0805468559265137
1.2757766246795654
1.247973084449768
1.3477014303207397
1.0768215656280518
1.3150721788406372
1.2475171089172363
1.2472906112670898
1.081201195716858
1.0930744409561157
1.3681436777114868
1.4301425218582153
1.2647254467010498
1.219866156578064
1.0650993585586548
1.1495659351348877
1.5383782386779785
1.3038527965545654
1.2685319185256958
1.263782262802124
1.116100788116455
1.2955495119094849
1.308298945426941
1.3302676677703857
1.3394620418548584
1.3312842845916748
1.2068300247192383
1.3192825317382812
1.2005510330200195
1.2705578804016113
1.2707728147506714
1.1522588729858398
1.2635020017623901
1.1611934900283813
1.0664567947387695
1.2561726570129395
1.2560219764709473
1.3514851331710815
1.2253122329711914
1.1938306093215942
1.2607396841049194
1.3054232597351074
1.8200379610061646
1.1873427629470825
1.1116997003555298
1.3256399631500244
1.3995965719223022
1.235619306564331
1.1816186904907227
1.2843847274780273
1.1008542776107788
1.0598150491714478
1.2395830154418945
1.162268877029419
1.2868784666061401
1.1526621580123901
1.2816879749298096
1.0614259243011475
1.0800259113311768
1.137980580329895
1.3105871677398682
1.2799571752548218
1.2323440313339233
1.2781983613967896
1.122511863708496
1.0661213397979736
1.2954542636871338
1.0765857696533203
1.2391009330749512
1.2378379106521606
1.2663809061050415
1.2837848663330078
1.3389862775802612
1.142348051071167
1.1409037113189697
1.3632688522338867
1.4091377258300781
1.258878231048584
1.2849849462509155
1.3249421119689941
1.21212899684906
1.255734920501709
1.1826975345611572
1.3004953861236572
1.2992914915084839
1.2983440160751343
1.229642629623413
1.3183262348175049
1.1412619352340698
1.293534755706787
1.3744362592697144
1.2372676134109497
1.3270103931427002
1.3097373247146606
1.3347163200378418
