23.508729934692383
23.989377975463867
23.602182388305664
22.974294662475586
23.14890480041504
23.03582191467285
23.362789154052734
22.700475692749023
23.74452781677246
22.763273239135742
23.635936737060547
23.643495559692383
23.530872344970703
23.323820114135742
22.838796615600586
22.891706466674805
22.99514389038086
22.615140914916992
23.941179275512695
23.98203468322754
23.428821563720703
23.453855514526367
23.885860443115234
23.363428115844727
23.90277671813965
24.246105194091797
23.769634246826172
23.725072860717773
24.294052124023438
23.92214584350586
23.869224548339844
23.61641502380371
22.896657943725586
24.52079200744629
23.745681762695312
23.164810180664062
23.568143844604492
23.155969619750977
23.881916046142578
22.777812957763672
23.415332794189453
23.908517837524414
23.58514404296875
24.290563583374023
23.9031982421875
24.45140838623047
24.564077377319336
24.33938217163086
24.762046813964844
25.929441452026367
24.986957550048828
25.768815994262695
26.882436752319336
26.31595802307129
26.925508499145508
27.624792098999023
27.820453643798828
28.650325775146484
28.875280380249023
28.745718002319336
29.896949768066406
30.125133514404297
30.310163497924805
30.823711395263672
31.60980224609375
31.135765075683594
32.47499084472656
33.55947494506836
33.606910705566406
34.7393798828125
34.75404357910156
35.33181381225586
35.4937858581543
36.19786834716797
37.71727752685547
38.01348876953125
38.45818328857422
39.17761993408203
40.45648956298828
41.15230178833008
42.2872314453125
41.2424430847168
42.58953094482422
42.730777740478516
44.889793395996094
44.742759704589844
45.21197509765625
45.84675979614258
46.2141227722168
47.70414352416992
48.48891830444336
47.96867370605469
48.54169845581055
51.24357604980469
51.092403411865234
50.940853118896484
50.918941497802734
51.73580551147461
52.89195251464844
54.37666320800781
56.16238784790039
54.937713623046875
56.03083419799805
56.18667984008789
57.62815475463867
59.6485595703125
58.613121032714844
61.423702239990234
59.47858428955078
58.6784553527832
62.35192108154297
62.59532928466797
62.52674102783203
64.13387298583984
63.58827590942383
63.623985290527344
65.67610931396484
65.66189575195312
66.10631561279297
67.46703338623047
65.50182342529297
69.01730346679688
68.5535888671875
69.63560485839844
69.84738159179688
71.34378051757812
70.8512954711914
72.81757354736328
72.00566864013672
73.48697662353516
73.24275207519531
74.04149627685547
71.64448547363281
74.23028564453125
72.49991607666016
75.80687713623047
75.23747253417969
72.54100799560547
76.12924194335938
76.95272064208984
76.87451171875
76.07550811767578
74.15127563476562
76.17716979980469
77.39424133300781
74.34766387939453
79.00648498535156
78.18519592285156
76.83937072753906
76.53333282470703
77.80432891845703
76.64347839355469
77.85900115966797
76.06519317626953
77.55036926269531
76.35355377197266
76.89519500732422
80.91998291015625
77.49653625488281
80.32696533203125
77.28421020507812
76.51750946044922
76.09672546386719
75.97013854980469
78.08501434326172
76.52638244628906
77.83629608154297
74.11477661132812
78.80345153808594
76.16521453857422
75.8036117553711
74.67366790771484
72.72354125976562
74.74597930908203
75.5188980102539
75.33806610107422
77.21717071533203
71.76973724365234
72.8345947265625
73.11538696289062
71.08332824707031
71.19873046875
70.79513549804688
68.4879379272461
69.20502471923828
67.10442352294922
66.83143615722656
70.0888671875
67.40670776367188
67.7865219116211
63.570743560791016
64.99555206298828
64.26470184326172
62.84163284301758
63.8587646484375
65.29657745361328
61.750762939453125
58.04112243652344
60.388633728027344
59.608280181884766
60.57570266723633
54.53493118286133
56.83395767211914
56.64088439941406
54.865928649902344
55.47777557373047
54.88492965698242
52.75493621826172
52.960758209228516
49.064334869384766
52.412845611572266
52.287471771240234
48.191123962402344
47.102115631103516
45.98809051513672
45.4647216796875
46.62495803833008
46.49637222290039
44.94632339477539
43.46295928955078
41.13443374633789
40.170074462890625
40.0285758972168
40.60786056518555
38.89246368408203
39.35086441040039
38.6754150390625
36.426998138427734
37.27095413208008
36.882080078125
35.32444763183594
33.93144607543945
35.151451110839844
32.323158264160156
29.799962997436523
28.594758987426758
30.262184143066406
29.033342361450195
29.78795051574707
28.953229904174805
28.245576858520508
26.391319274902344
25.53777503967285
25.060791015625
22.02203941345215
25.238845825195312
22.380586624145508
20.436948776245117
20.96062469482422
23.156614303588867
22.285125732421875
25.560401916503906
18.42469024658203
23.016857147216797
17.485843658447266
25.144027709960938
20.80286979675293
19.498565673828125
23.31239891052246
16.689937591552734
18.65105628967285
13.45287799835205
28.270870208740234
20.409713745117188
15.721084594726562
19.37885284423828
17.461624145507812
29.973718643188477
25.241046905517578
10.429362297058105
23.269283294677734
28.807289123535156
14.52392864227295
28.434181213378906
42.7379264831543
28.15656089782715
13.502287864685059
25.457332611083984
16.52967643737793
14.153885841369629
23.63363265991211
11.816801071166992
14.652083396911621
21.868459701538086
6.365739345550537
11.41460132598877
6.179401397705078
8.871700286865234
8.140439987182617
6.190868854522705
16.386781692504883
16.467477798461914
15.0248441696167
22.226943969726562
16.269197463989258
17.221675872802734
34.21239471435547
15.04736042022705
16.69828987121582
31.96763801574707
14.815710067749023
24.09117317199707
25.038230895996094
7.119800090789795
5.6762375831604
8.22424602508545
20.841529846191406
19.224239349365234
13.248625755310059
19.45876121520996
4.448746204376221
17.483713150024414
11.197020530700684
5.484304428100586
12.7665376663208
16.017080307006836
14.647306442260742
19.893342971801758
7.964078426361084
13.857708930969238
8.352595329284668
13.59862995147705
11.542167663574219
12.843207359313965
27.5978946685791
33.78226089477539
15.871907234191895
16.115076065063477
30.650548934936523
9.390243530273438
27.28463363647461
36.503604888916016
21.41045570373535
8.889968872070312
16.59914779663086
12.648528099060059
6.112157344818115
15.850967407226562
8.503105163574219
26.083589553833008
15.926311492919922
10.194265365600586
17.456073760986328
13.944560050964355
20.53049087524414
29.604475021362305
22.54081916809082
12.925244331359863
12.22946548461914
11.269840240478516
12.62851333618164
9.490790367126465
7.059152603149414
6.361726760864258
6.393328666687012
15.783292770385742
16.30657196044922
18.717252731323242
16.603328704833984
3.205721139907837
5.88525390625
13.048952102661133
7.151667594909668
7.37217378616333
6.402167320251465
18.989667892456055
21.82234001159668
11.584478378295898
26.780447006225586
28.078351974487305
17.604921340942383
11.287850379943848
8.220071792602539
7.161653518676758
5.536154270172119
4.478302955627441
8.419763565063477
7.523021697998047
7.8272013664245605
8.44897174835205
14.995771408081055
10.035040855407715
5.163135528564453
14.486262321472168
16.882766723632812
15.227320671081543
17.36219596862793
18.032419204711914
11.555967330932617
28.3612060546875
19.952327728271484
5.21422004699707
7.122375011444092
11.93824291229248
13.317933082580566
22.342660903930664
10.101311683654785
8.269455909729004
8.80029010772705
24.479337692260742
19.795085906982422
6.77777099609375
17.164196014404297
25.967748641967773
10.766122817993164
18.264108657836914
29.767993927001953
8.419978141784668
15.331013679504395
23.597217559814453
4.700674057006836
13.170598030090332
5.212493419647217
8.116951942443848
4.745359897613525
19.15273094177246
9.081588745117188
12.502620697021484
10.125511169433594
4.741970062255859
4.061455249786377
12.07978343963623
6.270641803741455
19.541614532470703
20.9827938079834
7.630518913269043
27.937427520751953
36.513118743896484
21.50897979736328
8.961041450500488
15.08467960357666
18.003877639770508
7.660521984100342
23.11374282836914
22.549583435058594
16.12815284729004
16.875036239624023
20.37990379333496
9.242359161376953
25.28338050842285
23.976547241210938
19.099149703979492
14.991872787475586
23.748462677001953
24.31566047668457
8.958222389221191
9.180039405822754
12.472269058227539
9.732867240905762
11.86240291595459
8.449317932128906
5.899740695953369
5.929340839385986
7.44895601272583
17.163227081298828
14.503544807434082
6.248814582824707
22.7067813873291
36.67880630493164
23.325578689575195
11.7645845413208
26.296428680419922
17.639848709106445
8.44921875
8.262895584106445
9.270801544189453
3.8209004402160645
5.7132720947265625
9.463608741760254
9.653083801269531
6.062169551849365
3.9338955879211426
16.25901985168457
9.229166984558105
7.502799034118652
6.501098155975342
5.330885887145996
8.499518394470215
9.54248332977295
10.772245407104492
11.92404842376709
13.748610496520996
11.95168399810791
7.583428382873535
6.9202656745910645
10.280335426330566
11.106398582458496
6.0543293952941895
8.454755783081055
9.229454040527344
22.987993240356445
8.695680618286133
18.102699279785156
24.560901641845703
6.399935722351074
4.702275276184082
5.960502624511719
13.068704605102539
15.904541969299316
3.7144339084625244
7.99898624420166
21.95213508605957
14.141793251037598
9.345174789428711
25.98417854309082
19.172992706298828
15.985334396362305
25.385364532470703
11.920831680297852
10.715484619140625
11.1470947265625
11.973572731018066
12.909333229064941
13.729344367980957
5.052053928375244
14.494806289672852
11.287623405456543
9.040838241577148
13.031783103942871
5.226654529571533
2.538919687271118
5.363218307495117
7.097451686859131
4.490478992462158
3.63313364982605
10.88628101348877
10.142136573791504
7.33305025100708
9.023274421691895
3.943626880645752
8.466097831726074
17.805923461914062
12.157306671142578
15.204026222229004
21.156635284423828
17.494203567504883
7.186135292053223
20.204452514648438
17.577999114990234
7.753365993499756
11.096227645874023
18.676734924316406
15.975086212158203
12.561327934265137
11.926361083984375
7.984628200531006
7.282690525054932
9.327737808227539
13.271696090698242
7.590401649475098
6.474356174468994
14.568563461303711
15.059727668762207
11.614937782287598
12.850339889526367
19.052532196044922
6.402505874633789
12.868407249450684
11.601503372192383
14.171631813049316
7.362433433532715
7.273366451263428
5.491527080535889
3.6937296390533447
5.18438720703125
10.889538764953613
9.635279655456543
7.936771869659424
5.324875354766846
6.018790245056152
7.4569315910339355
11.50722599029541
6.917546272277832
5.302702903747559
3.7386634349823
4.439882755279541
6.122934818267822
6.7247843742370605
6.639767169952393
4.783921718597412
5.26068639755249
7.420539855957031
4.651411533355713
11.5687894821167
3.628323793411255
9.536117553710938
21.32151985168457
7.263993740081787
14.687946319580078
17.885299682617188
13.20132064819336
5.432385444641113
4.944633960723877
6.2251996994018555
18.013774871826172
7.597601413726807
4.647739887237549
10.00428295135498
3.7404093742370605
4.859863758087158
11.60315227508545
10.198122024536133
7.029959201812744
17.399927139282227
15.12124252319336
7.937535285949707
18.80979347229004
13.77328872680664
14.508328437805176
11.613882064819336
21.45582389831543
12.702666282653809
10.065683364868164
9.002764701843262
6.160408973693848
12.133557319641113
11.930831909179688
8.352718353271484
13.809738159179688
18.028165817260742
9.067132949829102
9.500445365905762
8.852192878723145
13.456002235412598
4.847239017486572
11.889603614807129
14.080876350402832
9.302502632141113
5.34459924697876
11.46562671661377
9.64676284790039
13.076663970947266
7.91175651550293
15.94933032989502
10.5619478225708
8.861404418945312
8.445793151855469
8.439586639404297
4.40377140045166
5.356991767883301
9.973627090454102
10.32905101776123
10.324810981750488
12.860390663146973
16.55488395690918
10.532734870910645
3.469080924987793
20.701967239379883
25.15514373779297
24.881488800048828
11.085304260253906
21.741546630859375
30.379838943481445
26.726591110229492
23.28044891357422
4.270287990570068
15.442106246948242
23.178192138671875
23.619396209716797
12.345243453979492
9.976318359375
16.436767578125
14.463824272155762
6.984515190124512
9.321564674377441
6.051048278808594
6.705909729003906
10.418042182922363
6.756372451782227
6.574899196624756
18.3035945892334
9.68609619140625
5.417100429534912
8.836430549621582
17.42259979248047
12.836073875427246
12.037925720214844
6.5471720695495605
20.034212112426758
19.92268943786621
4.524962902069092
4.334554195404053
9.81897258758545
13.454854965209961
19.27838134765625
4.46570348739624
9.307806968688965
11.150713920593262
10.561267852783203
14.709671020507812
13.812125205993652
11.65436840057373
6.322009563446045
6.389853000640869
9.32412052154541
9.81336498260498
7.072911262512207
6.096460819244385
3.938302516937256
13.599089622497559
6.226617813110352
10.019078254699707
6.519844055175781
12.057592391967773
7.56651496887207
6.7892069816589355
6.674585342407227
14.747809410095215
9.812834739685059
7.407320022583008
12.529081344604492
6.085230827331543
6.210893630981445
7.7139892578125
5.144349098205566
12.157567024230957
10.372230529785156
7.340047359466553
8.706220626831055
7.68491268157959
12.163850784301758
7.991983413696289
8.335067749023438
6.952110290527344
3.536532402038574
4.751561164855957
3.7775537967681885
13.391742706298828
18.67957878112793
3.7590599060058594
4.388603687286377
11.532976150512695
3.3882784843444824
4.491785526275635
3.286665201187134
12.067877769470215
6.81638765335083
15.216379165649414
9.871681213378906
10.489583969116211
5.5861077308654785
11.57164478302002
19.66142463684082
24.36324119567871
10.558751106262207
6.358520030975342
12.484358787536621
10.811745643615723
5.297186851501465
7.355963706970215
17.688472747802734
9.465436935424805
6.165823936462402
11.771413803100586
17.016921997070312
4.370491027832031
7.0513596534729
6.165299892425537
8.843852043151855
3.1009740829467773
5.012636184692383
12.365317344665527
6.375873565673828
3.2701919078826904
3.5409319400787354
3.6578564643859863
3.189199209213257
10.0530366897583
15.003559112548828
8.847967147827148
3.7105865478515625
8.942753791809082
4.853912353515625
4.514082431793213
4.3911285400390625
6.591669082641602
3.87150239944458
3.499375104904175
11.966133117675781
9.644367218017578
8.623394966125488
6.150586128234863
11.10080337524414
12.595072746276855
11.295207023620605
2.361142873764038
3.213791847229004
12.646354675292969
18.285005569458008
13.436647415161133
17.623638153076172
10.317984580993652
9.441998481750488
6.788733959197998
6.082437515258789
4.170373916625977
20.03944206237793
24.589902877807617
13.808774948120117
10.493913650512695
5.685122489929199
9.626032829284668
19.433046340942383
11.621769905090332
15.371807098388672
4.1542487144470215
10.822809219360352
15.636448860168457
20.581953048706055
5.24316930770874
6.574049472808838
9.968225479125977
15.910272598266602
19.021137237548828
10.084439277648926
10.676137924194336
12.805656433105469
11.89420223236084
16.461889266967773
18.721027374267578
20.201444625854492
3.6439008712768555
3.221175193786621
17.710670471191406
23.918058395385742
17.090110778808594
15.446065902709961
8.01233959197998
5.510704040527344
7.953012943267822
15.352532386779785
15.030508041381836
3.568413019180298
6.889723300933838
13.984906196594238
12.702082633972168
16.483060836791992
4.372844696044922
6.198112964630127
17.688365936279297
13.917914390563965
16.152502059936523
14.984320640563965
5.6173014640808105
3.2823798656463623
17.148569107055664
15.021931648254395
20.07597541809082
5.548737525939941
3.4952099323272705
12.942517280578613
11.114851951599121
19.06793785095215
9.919303894042969
4.9023661613464355
5.25512170791626
17.510684967041016
17.005237579345703
23.89420509338379
2.2799551486968994
8.657840728759766
10.28144359588623
8.473418235778809
2.9375743865966797
5.939700603485107
2.8133466243743896
3.8811755180358887
3.4261281490325928
5.427248001098633
5.43894624710083
5.230157852172852
5.003034591674805
3.4567668437957764
3.465456962585449
6.139229774475098
13.959272384643555
10.148980140686035
3.9941954612731934
4.401003837585449
4.6098103523254395
3.4838016033172607
4.789078712463379
5.220633506774902
12.372432708740234
8.060807228088379
12.14937973022461
4.035905838012695
6.330100059509277
4.76010799407959
3.2729082107543945
6.9481072425842285
8.40145206451416
9.215642929077148
4.743858814239502
4.80917501449585
8.899404525756836
3.707994222640991
6.867949962615967
4.744628429412842
12.424397468566895
13.440462112426758
9.8955659866333
4.8202362060546875
7.283311367034912
9.898234367370605
9.53648853302002
6.16880989074707
9.645843505859375
6.236536026000977
9.984766006469727
4.635128974914551
6.581546306610107
4.2674102783203125
11.622711181640625
10.349674224853516
7.333107948303223
3.225741386413574
12.281434059143066
4.948546409606934
2.9893958568573
12.46732234954834
6.115312099456787
4.583002090454102
4.7437896728515625
8.048263549804688
9.119678497314453
4.274649143218994
2.9472639560699463
11.1668119430542
7.973583698272705
