17.022674560546875
19.163305282592773
18.734901428222656
18.4539794921875
18.551342010498047
18.996959686279297
18.44635581970215
18.712196350097656
18.958341598510742
19.07164192199707
18.697784423828125
18.576078414916992
19.14076042175293
18.81364631652832
16.637645721435547
18.930755615234375
18.508216857910156
18.678903579711914
18.560317993164062
18.629268646240234
19.187944412231445
18.631914138793945
17.344181060791016
18.653013229370117
18.475643157958984
18.762224197387695
18.633056640625
18.729482650756836
18.750778198242188
18.485681533813477
18.371395111083984
18.893102645874023
18.225074768066406
19.020795822143555
18.351999282836914
18.775386810302734
18.232751846313477
18.57118034362793
18.88553810119629
18.309261322021484
18.438247680664062
16.690542221069336
18.104084014892578
18.18859100341797
18.79658317565918
16.305879592895508
17.06903648376465
18.906742095947266
16.395702362060547
16.39055633544922
18.40853500366211
17.62790870666504
17.935510635375977
16.593229293823242
16.280717849731445
18.506675720214844
17.7951602935791
17.247459411621094
17.822086334228516
17.876323699951172
17.940580368041992
17.845966339111328
15.725390434265137
17.98003387451172
15.725419998168945
17.76112174987793
18.035371780395508
15.676900863647461
17.948217391967773
17.515539169311523
17.766204833984375
17.459531784057617
17.601970672607422
16.877580642700195
16.96358299255371
17.310604095458984
16.860563278198242
17.19352149963379
16.91029167175293
17.42315673828125
16.746753692626953
16.883056640625
17.07090950012207
16.170473098754883
15.046059608459473
16.510822296142578
16.344728469848633
14.77780532836914
14.860337257385254
17.167871475219727
16.587007522583008
17.076087951660156
16.39020347595215
16.53603744506836
16.716753005981445
12.66062068939209
16.156644821166992
16.441600799560547
16.620450973510742
16.263437271118164
16.60274314880371
14.45406436920166
16.028989791870117
15.606481552124023
16.058385848999023
14.219346046447754
15.728316307067871
15.691573143005371
15.863805770874023
15.848291397094727
15.957536697387695
15.635104179382324
12.31186294555664
15.44304370880127
15.551000595092773
15.275026321411133
15.330465316772461
15.637514114379883
13.980868339538574
14.969975471496582
14.745569229125977
13.61172103881836
15.240680694580078
15.104986190795898
14.884265899658203
15.133913040161133
15.069127082824707
14.701211929321289
14.668694496154785
14.817747116088867
15.167183876037598
14.949036598205566
15.105267524719238
14.894441604614258
14.51162052154541
13.585541725158691
13.979275703430176
14.132416725158691
14.66446590423584
14.534858703613281
14.089048385620117
14.64248275756836
14.014002799987793
14.56429386138916
14.041359901428223
14.359725952148438
14.124807357788086
14.395145416259766
14.302528381347656
14.253632545471191
14.418829917907715
14.386550903320312
14.033613204956055
14.061321258544922
13.825783729553223
13.825311660766602
13.63485336303711
13.892428398132324
13.940184593200684
12.439592361450195
13.817602157592773
13.67441177368164
13.542577743530273
13.545822143554688
13.931167602539062
13.575922012329102
13.748906135559082
13.139422416687012
13.496889114379883
13.713591575622559
13.390021324157715
13.415404319763184
13.502222061157227
13.602401733398438
13.222545623779297
11.770532608032227
13.402756690979004
13.061387062072754
13.288111686706543
13.468331336975098
12.927118301391602
13.29653549194336
13.452423095703125
13.25550651550293
13.262219429016113
13.318404197692871
12.882566452026367
12.854424476623535
12.926295280456543
13.468988418579102
13.232295989990234
13.129955291748047
11.883776664733887
13.011260986328125
13.519445419311523
13.182039260864258
12.62643051147461
12.79132080078125
12.920805931091309
11.486771583557129
12.740787506103516
12.885432243347168
11.968038558959961
12.667431831359863
12.973858833312988
12.797174453735352
12.691263198852539
13.025503158569336
13.039371490478516
13.086539268493652
11.827004432678223
13.260519981384277
12.352805137634277
12.728647232055664
12.90807819366455
13.047809600830078
12.828741073608398
12.754012107849121
11.931000709533691
12.971217155456543
12.502604484558105
12.81988525390625
11.567028999328613
12.748021125793457
12.576969146728516
12.283344268798828
12.434253692626953
12.712348937988281
11.105329513549805
12.4600830078125
12.723569869995117
12.049938201904297
12.848732948303223
12.162273406982422
12.289009094238281
12.769479751586914
12.535820007324219
12.470413208007812
12.426782608032227
12.651473999023438
12.183378219604492
12.669743537902832
12.40025520324707
12.624964714050293
12.79813003540039
12.39807415008545
12.751189231872559
11.37592887878418
12.897459983825684
12.235989570617676
12.062713623046875
12.529563903808594
12.334117889404297
12.538220405578613
12.31521987915039
11.885133743286133
12.0831298828125
12.10642147064209
12.58631420135498
11.394192695617676
12.513200759887695
12.403706550598145
12.489124298095703
12.525103569030762
12.147551536560059
12.394043922424316
12.59469985961914
12.390737533569336
11.926578521728516
12.135415077209473
12.022933006286621
11.328246116638184
11.646611213684082
12.315701484680176
12.382941246032715
12.120800018310547
12.06757926940918
12.413597106933594
12.278650283813477
12.236184120178223
11.568626403808594
11.433330535888672
11.97408390045166
12.102161407470703
12.092436790466309
12.435998916625977
12.327729225158691
12.026986122131348
12.415621757507324
11.764755249023438
12.401859283447266
11.614909172058105
11.921879768371582
11.492410659790039
12.371925354003906
11.720512390136719
12.159749984741211
12.106962203979492
11.272209167480469
12.207027435302734
12.095372200012207
12.2235689163208
12.609859466552734
11.683242797851562
11.193816184997559
11.143860816955566
12.084891319274902
11.612019538879395
11.672262191772461
12.536029815673828
12.119657516479492
12.034741401672363
12.374841690063477
12.138564109802246
12.022031784057617
12.347419738769531
12.192963600158691
11.951122283935547
12.017203330993652
12.22842025756836
11.670022964477539
12.77454948425293
12.103330612182617
12.145959854125977
12.28603458404541
11.652597427368164
12.102466583251953
11.915716171264648
11.747540473937988
12.305880546569824
12.172782897949219
12.759296417236328
11.784404754638672
11.962757110595703
12.083294868469238
12.013233184814453
12.10444450378418
11.930583000183105
12.171318054199219
12.164381980895996
12.004486083984375
12.003132820129395
12.356912612915039
12.176169395446777
12.117276191711426
12.340285301208496
12.095662117004395
11.776326179504395
12.310649871826172
11.096183776855469
12.238600730895996
12.772944450378418
12.642277717590332
11.980868339538574
11.319047927856445
12.040388107299805
12.125470161437988
12.248292922973633
11.716251373291016
12.403009414672852
12.22861099243164
12.209303855895996
12.378290176391602
11.235114097595215
12.508003234863281
11.250951766967773
12.19015121459961
12.345804214477539
12.099544525146484
12.155278205871582
11.985978126525879
11.500866889953613
11.643851280212402
11.684680938720703
12.237106323242188
12.443530082702637
11.92452621459961
10.71809196472168
12.105303764343262
11.457456588745117
11.772623062133789
11.80785846710205
11.863444328308105
12.36510944366455
11.387073516845703
11.635895729064941
12.049468994140625
11.964933395385742
12.044059753417969
12.060206413269043
11.772610664367676
12.532648086547852
12.417027473449707
11.506444931030273
12.0581693649292
11.572578430175781
12.263278007507324
11.968103408813477
12.087786674499512
11.64154052734375
12.144243240356445
11.338165283203125
12.398762702941895
12.076716423034668
11.503679275512695
12.274773597717285
11.946499824523926
11.978487968444824
11.354331970214844
12.258679389953613
12.012206077575684
11.770305633544922
12.263663291931152
11.907759666442871
11.993041038513184
11.923691749572754
11.194381713867188
12.245598793029785
12.29798412322998
12.125170707702637
12.366293907165527
12.051531791687012
12.174376487731934
12.320595741271973
11.973738670349121
11.862927436828613
12.158402442932129
12.470756530761719
11.731511116027832
11.074817657470703
11.779727935791016
12.040897369384766
11.948745727539062
11.843587875366211
12.063196182250977
11.302595138549805
12.41512393951416
11.92368221282959
12.475587844848633
12.209053993225098
12.403376579284668
11.972344398498535
11.595352172851562
12.06668758392334
11.357820510864258
12.106154441833496
12.262322425842285
11.8655424118042
12.045807838439941
11.856980323791504
11.916382789611816
12.457648277282715
12.176793098449707
12.221129417419434
11.852432250976562
11.73215103149414
11.984164237976074
12.410530090332031
12.204602241516113
12.139140129089355
11.786885261535645
11.590627670288086
12.171601295471191
11.914505958557129
12.320615768432617
12.027327537536621
11.928653717041016
11.789776802062988
11.90640926361084
11.976096153259277
11.740899085998535
12.29295825958252
11.9096097946167
11.313920974731445
12.205049514770508
12.17244815826416
12.371763229370117
12.686593055725098
12.38467788696289
12.362509727478027
11.597477912902832
12.042143821716309
11.405791282653809
11.990755081176758
11.7230806350708
11.895930290222168
12.165072441101074
11.826148986816406
12.18012809753418
11.918279647827148
12.17471694946289
11.973002433776855
11.687420845031738
11.79815673828125
12.294121742248535
12.229568481445312
12.043362617492676
12.044864654541016
11.522099494934082
12.045003890991211
12.328276634216309
11.899110794067383
11.633214950561523
12.201643943786621
12.10390567779541
11.729584693908691
12.046041488647461
12.022923469543457
11.882529258728027
11.681964874267578
11.858760833740234
11.87798023223877
11.992003440856934
12.004437446594238
11.840283393859863
11.241642951965332
12.096354484558105
11.928263664245605
12.168523788452148
11.86219596862793
12.280515670776367
12.116827011108398
11.967586517333984
11.415973663330078
10.911877632141113
11.862984657287598
11.97934627532959
11.930980682373047
11.920846939086914
11.668214797973633
12.265995979309082
12.000701904296875
11.842789649963379
11.858491897583008
12.202649116516113
11.854903221130371
12.152900695800781
12.222552299499512
11.799335479736328
12.397686958312988
11.680729866027832
11.88154125213623
11.764915466308594
11.67917537689209
11.685861587524414
12.27681827545166
11.999433517456055
12.032278060913086
12.029948234558105
12.277158737182617
12.226211547851562
12.623469352722168
12.03762435913086
12.417823791503906
11.486324310302734
9.849991798400879
12.198308944702148
12.089951515197754
12.131874084472656
12.19079303741455
12.064857482910156
11.036081314086914
12.074935913085938
10.74617862701416
12.313750267028809
12.024344444274902
11.920208930969238
12.566118240356445
12.253982543945312
12.513313293457031
12.222920417785645
12.155965805053711
11.727343559265137
12.25590705871582
12.071798324584961
11.951436042785645
11.732271194458008
11.760781288146973
11.696646690368652
12.810179710388184
11.575945854187012
12.133246421813965
12.3135986328125
12.444663047790527
12.090371131896973
12.237444877624512
12.158607482910156
12.210779190063477
11.978086471557617
12.361845970153809
11.907194137573242
11.665660858154297
12.352287292480469
11.845333099365234
11.81550121307373
12.002897262573242
11.89212703704834
11.901498794555664
11.668837547302246
11.676027297973633
12.116938591003418
12.033914566040039
12.181323051452637
12.223280906677246
12.16369915008545
12.315359115600586
12.560083389282227
11.734684944152832
12.45372486114502
12.062681198120117
12.330587387084961
12.673615455627441
12.025420188903809
11.905714988708496
12.167337417602539
12.367362976074219
12.156180381774902
12.154943466186523
11.650603294372559
12.180169105529785
12.115926742553711
11.235676765441895
12.416833877563477
11.764307022094727
11.866987228393555
12.083797454833984
12.086851119995117
12.137568473815918
12.336280822753906
11.475578308105469
12.65213680267334
12.358729362487793
11.799912452697754
10.879243850708008
11.86044979095459
12.207182884216309
11.64423942565918
11.3408784866333
12.129069328308105
11.086004257202148
12.225027084350586
12.385278701782227
12.327666282653809
11.335614204406738
11.50027084350586
12.300082206726074
11.961465835571289
12.206588745117188
11.87767505645752
11.281877517700195
12.309282302856445
11.528491020202637
11.929037094116211
12.450078964233398
11.926512718200684
12.614950180053711
12.156351089477539
10.608255386352539
11.734112739562988
12.18309211730957
12.42514419555664
11.47920036315918
10.728303909301758
12.447258949279785
11.538002014160156
11.95429515838623
11.996399879455566
11.848917007446289
12.22590446472168
11.8362455368042
12.527728080749512
11.678011894226074
12.17521858215332
12.17574691772461
11.391566276550293
12.489206314086914
12.509035110473633
11.939952850341797
12.491941452026367
11.83840274810791
12.276152610778809
12.191472053527832
12.472865104675293
12.07064151763916
11.866206169128418
12.249133110046387
11.308609962463379
10.469449996948242
11.475475311279297
11.9630126953125
12.2067289352417
11.76653003692627
12.08301067352295
12.532779693603516
12.16600227355957
11.990589141845703
10.9022798538208
11.750713348388672
12.848165512084961
12.488847732543945
12.673540115356445
12.28040885925293
11.760024070739746
12.257696151733398
12.05081844329834
11.844898223876953
11.970894813537598
12.140195846557617
12.256755828857422
12.021210670471191
12.095345497131348
11.905580520629883
11.688859939575195
11.893974304199219
11.646132469177246
11.915926933288574
11.814432144165039
12.455674171447754
10.753387451171875
11.525772094726562
11.997786521911621
12.071022033691406
11.41047477722168
12.378541946411133
11.188283920288086
11.9395751953125
12.089848518371582
11.846460342407227
10.886175155639648
12.154454231262207
12.129830360412598
12.32150936126709
11.98396110534668
12.146245002746582
12.047310829162598
11.770698547363281
12.286994934082031
12.36905288696289
12.048336029052734
12.461021423339844
12.151262283325195
11.92880916595459
12.076761245727539
12.125513076782227
12.455582618713379
12.536556243896484
12.471332550048828
11.900588989257812
12.423518180847168
12.375616073608398
11.84740161895752
11.941794395446777
12.037776947021484
11.807818412780762
11.771930694580078
11.853148460388184
12.064783096313477
11.794939041137695
12.188136100769043
12.150765419006348
12.319540977478027
11.818355560302734
12.293482780456543
12.072171211242676
12.069493293762207
11.814746856689453
12.107301712036133
12.224983215332031
12.307866096496582
11.872695922851562
10.285861015319824
11.002952575683594
11.490922927856445
12.632264137268066
12.140572547912598
12.098591804504395
12.029187202453613
12.0541410446167
12.130775451660156
12.057313919067383
12.108885765075684
11.968049049377441
10.940203666687012
12.347712516784668
12.000158309936523
11.089719772338867
11.976653099060059
11.88427448272705
12.049371719360352
12.020713806152344
12.0714111328125
12.14351749420166
12.179795265197754
11.953362464904785
12.245376586914062
11.820502281188965
11.98546314239502
11.400956153869629
12.347121238708496
11.752933502197266
12.531123161315918
12.22497844696045
12.294962882995605
11.831064224243164
11.62242317199707
11.528144836425781
12.089427947998047
11.945085525512695
11.524284362792969
12.421579360961914
12.424356460571289
12.023530006408691
12.077409744262695
11.56345272064209
11.072999954223633
12.289281845092773
11.996661186218262
12.158186912536621
12.182511329650879
12.582001686096191
12.006427764892578
12.035626411437988
12.159623146057129
12.011543273925781
11.749167442321777
12.036219596862793
12.377583503723145
12.113591194152832
12.183438301086426
12.30411148071289
12.16685962677002
12.104535102844238
11.852200508117676
11.07148265838623
11.9395170211792
12.013001441955566
11.956101417541504
12.125083923339844
12.030016899108887
11.888726234436035
10.928253173828125
11.835518836975098
12.1461181640625
11.987205505371094
12.440698623657227
12.191374778747559
12.211337089538574
12.039604187011719
11.685234069824219
12.372647285461426
11.842141151428223
12.290719032287598
11.944881439208984
12.26794147491455
12.065447807312012
12.174981117248535
11.756423950195312
11.799477577209473
11.64365005493164
12.273176193237305
12.369291305541992
11.859284400939941
11.384856224060059
11.999238014221191
12.034782409667969
11.652915954589844
11.6104736328125
11.794222831726074
12.27387523651123
10.869786262512207
12.234743118286133
11.824718475341797
11.745747566223145
11.91539478302002
11.913806915283203
11.74136734008789
11.9429349899292
12.368463516235352
12.310348510742188
12.079496383666992
11.573530197143555
11.687090873718262
11.461015701293945
12.493279457092285
11.648534774780273
11.712111473083496
12.23237419128418
11.853812217712402
11.879363059997559
12.025589942932129
11.858936309814453
11.553617477416992
11.6494140625
12.59840202331543
11.712584495544434
12.234695434570312
12.138010025024414
12.336929321289062
12.473444938659668
11.852166175842285
11.850112915039062
11.869830131530762
12.141023635864258
12.275643348693848
12.536930084228516
12.320080757141113
12.275895118713379
12.085136413574219
12.364209175109863
12.30484390258789
12.345791816711426
11.833318710327148
10.410250663757324
12.33006477355957
11.619999885559082
12.081291198730469
11.77731990814209
11.922253608703613
11.156614303588867
12.078611373901367
12.236342430114746
11.534632682800293
11.178618431091309
12.11524486541748
11.363142967224121
12.205857276916504
11.947637557983398
9.955633163452148
12.05008602142334
11.588960647583008
11.014935493469238
12.701169967651367
11.90321159362793
11.945599555969238
12.208134651184082
12.089699745178223
12.038905143737793
11.78019905090332
11.934728622436523
12.257354736328125
12.160786628723145
11.871806144714355
11.96120548248291
11.123032569885254
12.033556938171387
12.096940040588379
12.213813781738281
12.31325626373291
11.958291053771973
11.803444862365723
12.44864559173584
12.53612232208252
11.700380325317383
11.030425071716309
12.335756301879883
11.71638298034668
12.362136840820312
12.141034126281738
11.426599502563477
11.77163028717041
11.754408836364746
10.794876098632812
11.245259284973145
12.648241996765137
11.601249694824219
12.371655464172363
11.367300987243652
12.003629684448242
11.752471923828125
12.206023216247559
11.722248077392578
11.884075164794922
11.118760108947754
11.312591552734375
12.23891830444336
12.10909366607666
11.82359790802002
12.232043266296387
12.035001754760742
12.287408828735352
11.679423332214355
11.877311706542969
12.179377555847168
11.46941089630127
12.26960563659668
11.676526069641113
12.242634773254395
12.15477180480957
12.404993057250977
11.858474731445312
12.0543794631958
11.103034019470215
12.622480392456055
11.46318531036377
12.28974437713623
12.297922134399414
12.351759910583496
12.17318344116211
12.091116905212402
11.816315650939941
12.130971908569336
11.874271392822266
11.326299667358398
11.681761741638184
12.203712463378906
11.659798622131348
10.736119270324707
11.925196647644043
12.27729320526123
11.271744728088379
10.870376586914062
12.01192569732666
11.888915061950684
11.728270530700684
12.617875099182129
11.815410614013672
12.153898239135742
11.864056587219238
11.372282028198242
12.03394603729248
11.756742477416992
12.076642036437988
11.737245559692383
11.081005096435547
12.461127281188965
12.027641296386719
11.710555076599121
11.95963191986084
11.6422700881958
11.775145530700684
11.861926078796387
11.987903594970703
11.963908195495605
12.023126602172852
11.99539852142334
11.724698066711426
11.916484832763672
11.274069786071777
12.474813461303711
11.505158424377441
12.185713768005371
12.125853538513184
12.095054626464844
12.009526252746582
12.376463890075684
11.816120147705078
11.519709587097168
12.38725471496582
12.272007942199707
11.92215347290039
12.058073997497559
12.134331703186035
12.358816146850586
11.246746063232422
11.940110206604004
12.276311874389648
