123.35688781738281
125.48335266113281
133.21006774902344
146.44577026367188
107.41014099121094
138.36058044433594
134.9947509765625
103.15664672851562
134.216796875
144.5047149658203
144.6865234375
111.46852111816406
131.67086791992188
121.67516326904297
115.79557800292969
141.90628051757812
129.4956817626953
141.2705078125
132.8041534423828
161.31793212890625
115.98896026611328
133.61024475097656
139.03379821777344
123.00956726074219
122.35730743408203
136.69862365722656
144.93588256835938
138.6458282470703
140.09490966796875
108.32193756103516
125.8509750366211
145.0244598388672
115.26595306396484
116.88936614990234
126.18215942382812
137.2366943359375
142.25918579101562
132.7049102783203
117.74388885498047
146.48587036132812
106.5833511352539
113.4864273071289
124.59290313720703
129.6136016845703
140.12908935546875
126.53936767578125
100.5906982421875
103.79441833496094
131.58457946777344
137.91616821289062
120.09673309326172
135.87448120117188
118.5396957397461
96.8894271850586
111.23241424560547
125.2678451538086
137.20018005371094
91.22674560546875
131.98983764648438
71.33407592773438
106.76630401611328
123.1903305053711
88.97274780273438
74.14405822753906
118.30317687988281
75.00125885009766
100.38146209716797
112.75833892822266
104.1053695678711
85.37721252441406
99.57186889648438
106.50674438476562
92.31721496582031
87.2126235961914
74.2593994140625
74.34230041503906
79.59821319580078
84.05243682861328
83.40314483642578
68.85514068603516
81.61748504638672
74.99604797363281
76.32195281982422
64.71955871582031
55.1689338684082
63.754295349121094
64.77918243408203
53.5442008972168
51.27583312988281
50.05148696899414
56.2263298034668
48.642398834228516
38.78289794921875
39.78452682495117
40.463417053222656
35.608089447021484
36.97383117675781
33.092445373535156
33.31584167480469
40.0349235534668
33.4853515625
30.43567657470703
27.735471725463867
27.99422264099121
31.77830696105957
27.37926483154297
26.140625
24.533220291137695
22.142635345458984
19.4660587310791
18.512853622436523
20.649181365966797
16.2640323638916
18.85450553894043
15.498758316040039
15.393828392028809
13.865934371948242
15.22242546081543
11.774486541748047
9.643239974975586
9.631465911865234
8.734932899475098
9.518198013305664
26.751976013183594
9.304420471191406
13.992140769958496
9.008380889892578
10.504484176635742
9.010887145996094
12.083578109741211
12.432093620300293
16.80900001525879
14.770153045654297
12.61978530883789
12.904629707336426
11.480875968933105
10.087414741516113
8.007185935974121
6.431529998779297
7.352166175842285
9.061150550842285
9.082639694213867
8.246410369873047
7.660233497619629
6.404674530029297
9.668359756469727
8.457627296447754
8.923514366149902
8.316065788269043
6.422487735748291
6.006180286407471
7.39118766784668
7.64281702041626
5.272785663604736
6.018763065338135
7.223186016082764
6.3019819259643555
5.4033203125
5.092520236968994
6.4182353019714355
5.36350154876709
8.380712509155273
5.4264702796936035
5.456379413604736
4.962902069091797
4.964819431304932
5.9583916664123535
5.607697486877441
5.447164058685303
5.006885051727295
5.144192695617676
5.074172496795654
5.339049816131592
5.3617730140686035
5.433763027191162
5.273753643035889
4.631812572479248
4.608456134796143
4.976996898651123
4.85878324508667
5.185158729553223
5.188806533813477
5.338181495666504
4.936400890350342
4.228529453277588
4.776660919189453
4.942614555358887
4.626623630523682
4.257359504699707
4.1444878578186035
4.076773166656494
5.119931221008301
4.136237144470215
4.911866664886475
4.128946781158447
4.489960670471191
4.835666179656982
4.882471084594727
4.562262058258057
4.803727626800537
5.275733470916748
4.762173652648926
4.671742916107178
5.228940486907959
6.939365863800049
6.004604816436768
4.886334419250488
4.112729072570801
4.909576416015625
4.413064956665039
4.6944427490234375
5.401604652404785
4.384072303771973
4.62824010848999
4.158577919006348
4.609492778778076
4.932492733001709
4.844075679779053
4.499742031097412
4.431853771209717
5.243832588195801
4.322662353515625
4.277383804321289
4.641758918762207
4.620522975921631
4.233664035797119
4.2041449546813965
4.7463603019714355
5.265772819519043
6.114044666290283
4.769394874572754
4.082663536071777
4.5204267501831055
5.0569748878479
5.53328275680542
4.56831169128418
4.597076892852783
5.281182765960693
5.246679306030273
8.108895301818848
4.475417613983154
4.2234416007995605
4.513244152069092
5.097339630126953
4.919065952301025
4.218060493469238
4.146264553070068
4.490198135375977
5.0310893058776855
4.372414588928223
4.409284591674805
3.621488094329834
3.8090109825134277
5.610321998596191
4.762911319732666
3.6716935634613037
3.598398447036743
3.6961398124694824
4.382467269897461
4.2073163986206055
4.205131530761719
4.2371978759765625
3.9836812019348145
3.448014736175537
3.795408010482788
3.294970750808716
3.46110200881958
3.743509531021118
3.812074661254883
4.43053674697876
4.5166401863098145
3.9555304050445557
4.584369659423828
3.693877935409546
3.5789778232574463
4.544114112854004
4.118300437927246
3.486560583114624
4.14358377456665
4.528600215911865
3.944106101989746
3.847137928009033
3.4370169639587402
3.1610026359558105
3.5522334575653076
3.478426456451416
3.236562728881836
3.5708634853363037
3.8065896034240723
3.3981773853302
3.40275239944458
3.233579397201538
3.428232431411743
3.601280927658081
3.57133412361145
3.742410182952881
3.3408334255218506
3.5996487140655518
3.2552146911621094
3.843278169631958
3.2294516563415527
3.627650499343872
2.9457318782806396
3.3104164600372314
3.3865530490875244
3.4373555183410645
3.5320448875427246
3.852247714996338
3.0708229541778564
3.006641149520874
3.415391445159912
3.873286247253418
3.5493650436401367
3.628391981124878
4.355517387390137
3.4862160682678223
3.8089537620544434
3.350980043411255
3.3693175315856934
3.471456527709961
3.74189829826355
3.2857730388641357
2.658534288406372
2.8080153465270996
3.5389580726623535
2.909071207046509
2.5492613315582275
2.808969736099243
3.0016720294952393
2.977701187133789
3.0808825492858887
2.878397226333618
2.8475165367126465
3.906858205795288
3.0457561016082764
3.139763593673706
2.760298013687134
2.7638492584228516
3.2169013023376465
2.8735458850860596
2.9882280826568604
2.8354318141937256
2.5922327041625977
3.079627275466919
3.017928123474121
2.9094176292419434
2.9661827087402344
2.895825147628784
2.9141507148742676
2.983008861541748
2.7756972312927246
2.792189836502075
2.637448310852051
2.838447093963623
2.605271577835083
2.8659820556640625
2.6815683841705322
2.7937655448913574
2.620011329650879
2.484372138977051
2.506220579147339
2.515972375869751
2.694014310836792
2.717097282409668
2.880862236022949
2.486579656600952
2.4853811264038086
2.9623520374298096
2.6459710597991943
2.7675724029541016
2.8129446506500244
2.7799363136291504
2.483538866043091
2.822706937789917
2.567486047744751
2.8078114986419678
2.9480299949645996
2.769063949584961
2.855193853378296
3.0767970085144043
2.9839138984680176
2.460256576538086
2.9956343173980713
2.8417587280273438
3.0592803955078125
2.8822760581970215
2.662017345428467
2.675812005996704
2.937147855758667
3.0738797187805176
2.891523838043213
2.819643497467041
3.2587177753448486
3.424633741378784
3.239182472229004
2.9201889038085938
3.0360615253448486
3.5692765712738037
3.7499895095825195
2.9698102474212646
2.6726925373077393
3.0550358295440674
4.216830730438232
4.141083240509033
3.5720856189727783
2.727947950363159
2.9745330810546875
3.1570093631744385
3.038153648376465
2.4702816009521484
2.806365966796875
2.9517717361450195
2.4634528160095215
2.924463987350464
2.325913906097412
2.9692819118499756
2.541745901107788
2.627713441848755
2.5216548442840576
2.5228419303894043
2.5437538623809814
2.383800983428955
2.520928382873535
2.5783886909484863
2.8530497550964355
2.618901252746582
2.7864575386047363
2.689955949783325
2.7340779304504395
2.7217867374420166
2.891655206680298
2.6983799934387207
2.2535929679870605
2.7984087467193604
2.542424201965332
2.6681456565856934
2.5147554874420166
2.713765859603882
2.3293821811676025
3.002401113510132
2.364201307296753
2.4539549350738525
2.4933972358703613
2.483035087585449
2.4409005641937256
2.6838202476501465
2.658628463745117
2.479802370071411
2.371056079864502
2.5523581504821777
2.6902310848236084
3.037907600402832
3.174578905105591
2.236027479171753
2.5998902320861816
2.583143949508667
2.2701406478881836
2.4385344982147217
2.5574402809143066
2.619736433029175
3.3741235733032227
2.620983362197876
2.5450034141540527
2.5031304359436035
2.7270305156707764
2.4873757362365723
2.492877721786499
2.897562026977539
2.738264322280884
2.4817538261413574
2.7737364768981934
2.5433263778686523
3.0869193077087402
2.978320837020874
2.450167417526245
2.320997714996338
3.1151974201202393
2.602447271347046
2.1152782440185547
2.353156805038452
2.7653510570526123
2.442800998687744
2.5144877433776855
2.505262613296509
3.2515950202941895
2.8148412704467773
2.7549917697906494
2.8852663040161133
2.7279887199401855
2.801766872406006
2.369983196258545
2.5121805667877197
2.715991497039795
2.9590811729431152
2.4779675006866455
2.628401517868042
2.344593048095703
2.3882617950439453
2.0421931743621826
2.9407100677490234
2.5437402725219727
2.5472614765167236
2.531874895095825
2.756258726119995
2.52116060256958
2.403090715408325
2.512486219406128
2.4430980682373047
3.284417152404785
2.966061592102051
2.9334876537323
3.06671404838562
2.5366783142089844
2.6941704750061035
2.737238883972168
2.2879607677459717
2.5515685081481934
2.5250322818756104
2.2648873329162598
2.4406321048736572
2.693754196166992
2.264902114868164
2.5489823818206787
2.4984068870544434
3.2087907791137695
2.677647829055786
2.4274160861968994
2.4251019954681396
2.717148780822754
2.3063571453094482
2.5941758155822754
2.602057695388794
2.1161324977874756
2.642333745956421
2.4684436321258545
2.487030267715454
2.3195207118988037
2.8082268238067627
2.400601863861084
2.005836009979248
2.3136003017425537
2.3487308025360107
2.4401779174804688
2.552154302597046
2.627211332321167
2.4404659271240234
2.68906307220459
2.741781711578369
2.272465467453003
2.4963743686676025
1.902640700340271
2.0140273571014404
2.50352144241333
2.2127578258514404
2.4397501945495605
2.5795178413391113
2.523263931274414
2.593207597732544
2.340471029281616
2.1469767093658447
2.213172435760498
2.45209002494812
2.4121482372283936
2.531831979751587
2.4320003986358643
2.697725296020508
2.4388961791992188
2.561663866043091
2.262225389480591
2.4959471225738525
2.5423755645751953
3.167701482772827
2.1655821800231934
2.2731096744537354
2.461294412612915
2.426356315612793
2.571249485015869
2.3566391468048096
2.2244303226470947
2.543177604675293
2.44887638092041
2.5479273796081543
2.4137485027313232
2.1000921726226807
2.196841239929199
2.2384488582611084
2.2004904747009277
2.299708604812622
2.2836971282958984
2.074215888977051
2.1844189167022705
2.438897132873535
2.4488823413848877
2.1684930324554443
2.3542113304138184
2.4750351905822754
2.7064192295074463
2.3186287879943848
2.638948678970337
2.9368062019348145
2.6091322898864746
1.9840775728225708
2.6569602489471436
3.300180673599243
2.6553046703338623
2.6506354808807373
2.3729207515716553
2.561877727508545
2.7593891620635986
2.400137186050415
2.325482130050659
2.2184441089630127
2.112987518310547
2.5263497829437256
2.396843433380127
1.8272500038146973
2.41802978515625
2.4511425495147705
2.2872586250305176
1.8931268453598022
2.3896660804748535
2.745478630065918
2.5870344638824463
2.396174669265747
2.513277053833008
2.7810442447662354
3.115931749343872
2.556398391723633
2.1753649711608887
2.405046224594116
2.5598561763763428
2.32536244392395
2.429163932800293
2.286219358444214
2.229015827178955
2.311962842941284
2.4886977672576904
2.776682138442993
2.3526525497436523
2.2118780612945557
2.2380683422088623
2.508391857147217
2.345034599304199
2.441070079803467
2.4040443897247314
2.317570686340332
2.496922016143799
2.525266408920288
2.377195119857788
2.015064001083374
2.2899467945098877
2.4012744426727295
2.4562928676605225
2.313945770263672
2.4387755393981934
2.371995449066162
2.112164258956909
2.279215097427368
2.4409561157226562
2.291640281677246
2.2385902404785156
2.394840717315674
2.482621908187866
1.9827479124069214
2.3615469932556152
2.5669493675231934
2.541003704071045
2.345808267593384
2.114689826965332
2.503127336502075
2.768031358718872
2.7352254390716553
2.4433858394622803
2.574608325958252
2.3720788955688477
2.760814905166626
2.4821596145629883
2.3024349212646484
2.2957890033721924
2.3415722846984863
2.7219207286834717
2.41534686088562
2.28360915184021
2.1624221801757812
2.2700672149658203
2.2598519325256348
2.3096444606781006
2.4508633613586426
2.3439748287200928
2.32598614692688
2.5795302391052246
2.419949531555176
1.8825232982635498
1.903525710105896
2.208003520965576
2.164815664291382
2.4447877407073975
2.319227933883667
1.8420157432556152
1.8993901014328003
2.1037867069244385
2.395284652709961
2.3785862922668457
2.472141742706299
2.2233896255493164
2.1208267211914062
2.1908986568450928
2.319596290588379
2.0514743328094482
2.371934175491333
2.4920566082000732
2.0727782249450684
2.2243916988372803
2.4542906284332275
2.1837997436523438
2.1315698623657227
2.191643476486206
2.810741424560547
2.612224578857422
2.3955202102661133
2.2639524936676025
2.703183889389038
2.6956825256347656
2.8886101245880127
2.2770862579345703
2.3379204273223877
2.65897274017334
2.4461660385131836
2.6002888679504395
2.208239793777466
2.378967046737671
2.20560884475708
2.190094232559204
2.1879994869232178
2.2583279609680176
2.2125096321105957
1.8220889568328857
2.194748878479004
1.9670677185058594
2.12367582321167
2.318143606185913
2.761617660522461
2.3434813022613525
2.167262554168701
2.2980003356933594
2.413214921951294
2.2381057739257812
2.2437944412231445
2.189516067504883
2.367697238922119
2.1595726013183594
2.3259520530700684
2.360682725906372
2.471630573272705
2.369612216949463
2.6212668418884277
1.9967786073684692
2.537813663482666
2.4870448112487793
2.675280809402466
2.2595345973968506
2.4159345626831055
2.246825695037842
2.3654496669769287
2.8537583351135254
3.167801856994629
2.8025598526000977
2.2894747257232666
2.004589796066284
2.0294296741485596
2.2032668590545654
2.2692394256591797
2.2434279918670654
2.569809913635254
2.4724462032318115
3.049560308456421
2.4281022548675537
2.3638699054718018
2.3293018341064453
2.2363433837890625
2.34700608253479
2.55757474899292
2.30631422996521
1.8715519905090332
2.2224514484405518
2.1466026306152344
2.070984125137329
2.3043224811553955
2.310680866241455
2.151430368423462
2.1998870372772217
2.1945886611938477
2.448629856109619
2.316056966781616
1.98160719871521
2.2640857696533203
2.0026872158050537
2.499574661254883
2.1815242767333984
2.666293144226074
2.2412216663360596
2.340536117553711
2.194401264190674
2.306663990020752
2.276320457458496
2.1555747985839844
2.3316259384155273
2.1863439083099365
1.9502729177474976
2.167442798614502
2.3971736431121826
2.3501477241516113
2.0469157695770264
2.2435977458953857
2.1905434131622314
2.1159446239471436
2.279937505722046
2.1321210861206055
2.0691161155700684
2.3912792205810547
2.573148727416992
1.8812270164489746
2.2710299491882324
2.1558120250701904
2.3779261112213135
2.1605772972106934
2.0628585815429688
1.653454303741455
2.0473554134368896
2.1359658241271973
2.2830264568328857
2.1001901626586914
2.1800010204315186
2.133775472640991
1.9523756504058838
2.258650064468384
2.1961958408355713
2.3195443153381348
2.193413019180298
2.0602197647094727
1.8627718687057495
2.139913558959961
2.239255428314209
2.1492726802825928
1.9499030113220215
2.197890520095825
2.3031182289123535
2.2503058910369873
2.354980707168579
2.0793144702911377
2.3081955909729004
2.19054913520813
1.9024932384490967
2.180281162261963
2.3856563568115234
2.0937955379486084
2.050067901611328
2.075640916824341
2.3565852642059326
2.2921667098999023
2.2634589672088623
2.0341150760650635
2.3250575065612793
2.204617738723755
2.2427780628204346
2.515012741088867
1.7779335975646973
2.1136178970336914
2.401583671569824
2.77554988861084
2.3926782608032227
2.3392624855041504
2.1799097061157227
1.7755966186523438
2.086211919784546
2.605771064758301
2.112182855606079
2.0711112022399902
2.1777596473693848
2.213686227798462
2.1063804626464844
2.1875874996185303
2.1564462184906006
2.2206273078918457
2.0781118869781494
1.9029642343521118
2.376823902130127
2.1548550128936768
2.1885640621185303
2.2247331142425537
2.0893917083740234
2.1066553592681885
2.1562340259552
2.114840507507324
2.088282585144043
2.0988056659698486
2.0821783542633057
2.1984541416168213
1.93235182762146
2.2458386421203613
2.014436960220337
1.8169687986373901
1.8008698225021362
2.063234806060791
2.0524919033050537
1.962430715560913
1.7732689380645752
2.057631015777588
1.9672489166259766
2.0755820274353027
2.096400022506714
1.982828140258789
1.919526219367981
1.9724626541137695
2.0502305030822754
2.100536823272705
2.0273897647857666
2.109037399291992
2.036349058151245
1.8786286115646362
2.0534605979919434
1.8433635234832764
2.0828447341918945
2.0308947563171387
2.158879518508911
2.2499399185180664
2.0439066886901855
1.8728575706481934
1.9350149631500244
2.057227849960327
2.031872510910034
2.126927375793457
1.9344844818115234
3.128441333770752
2.110116481781006
2.088433265686035
2.1684460639953613
2.215711832046509
2.152977705001831
2.3134047985076904
2.0887537002563477
1.9113878011703491
2.2773561477661133
2.3375492095947266
2.4004974365234375
2.319291591644287
2.2373952865600586
1.7084243297576904
1.9223953485488892
2.295480251312256
2.5915627479553223
1.9985315799713135
2.2484629154205322
2.097482442855835
1.8503475189208984
1.9342979192733765
2.3997137546539307
1.832959771156311
1.8686068058013916
1.9792802333831787
2.2014594078063965
2.1513969898223877
1.92853844165802
2.0893287658691406
1.995237112045288
1.9701604843139648
2.0406887531280518
1.8616620302200317
1.8396785259246826
1.7962377071380615
1.8535690307617188
1.852720022201538
2.0980823040008545
2.0248911380767822
2.159038543701172
1.9686380624771118
1.8844807147979736
1.9446786642074585
2.356719970703125
1.9261418581008911
1.6736091375350952
2.0463433265686035
2.1252341270446777
1.8871642351150513
2.0224084854125977
2.0396597385406494
2.458587169647217
2.0778748989105225
1.9093250036239624
1.813489556312561
2.049053907394409
1.7952746152877808
1.9052363634109497
1.9119583368301392
1.852765440940857
2.1428792476654053
1.951425313949585
2.011430501937866
1.8630058765411377
1.8391309976577759
1.9772989749908447
2.010963201522827
1.9056649208068848
2.0852653980255127
1.7203948497772217
1.8729687929153442
1.852371096611023
1.874495029449463
1.896796464920044
2.0517842769622803
2.198979377746582
2.0626816749572754
2.00032639503479
1.8988409042358398
2.1419856548309326
2.0082528591156006
2.070077896118164
1.8316035270690918
1.7598642110824585
2.0604562759399414
2.054081916809082
2.014838457107544
2.114015817642212
2.029033660888672
1.7666783332824707
1.9814677238464355
1.866224765777588
2.046863555908203
1.9377644062042236
2.20888352394104
2.0704047679901123
1.9920533895492554
2.0419061183929443
2.0008411407470703
1.8909832239151
2.044471502304077
2.0783462524414062
2.048691987991333
2.0692944526672363
2.106769561767578
2.202061653137207
2.0633225440979004
1.4860596656799316
2.1273579597473145
2.2165722846984863
2.0968966484069824
2.1628570556640625
1.5585477352142334
2.1117498874664307
1.9564625024795532
2.0511116981506348
1.8987033367156982
1.9549401998519897
1.8625520467758179
2.0218708515167236
2.05806303024292
2.1067659854888916
2.0201120376586914
2.114102363586426
1.9862937927246094
2.0046005249023438
2.0508241653442383
2.246507406234741
2.1402788162231445
2.04067325592041
2.2282979488372803
2.069502830505371
2.0162296295166016
1.9352153539657593
2.1061668395996094
1.849056363105774
2.092433214187622
2.039294719696045
2.0712783336639404
2.084373950958252
2.0304245948791504
1.8373512029647827
2.050661325454712
2.1453685760498047
2.052489757537842
1.9419548511505127
2.186699628829956
2.166389226913452
2.0985443592071533
2.112489700317383
1.6863077878952026
1.9579026699066162
2.0518805980682373
2.1275413036346436
1.8163516521453857
1.85219407081604
2.0513553619384766
1.8947174549102783
1.8588662147521973
2.1841912269592285
2.0493054389953613
1.8812679052352905
2.2168805599212646
1.9927551746368408
1.8539007902145386
2.0752012729644775
2.0417697429656982
1.804833173751831
2.059907913208008
1.6299655437469482
1.6763046979904175
2.1400530338287354
2.4354159832000732
1.7425822019577026
2.005331516265869
1.9236398935317993
2.0656282901763916
1.7346528768539429
2.061032772064209
1.8870971202850342
2.1850314140319824
2.0567715167999268
2.00329327583313
1.8613265752792358
1.9210686683654785
2.0689494609832764
1.7018274068832397
1.8308334350585938
1.9594365358352661
1.8580917119979858
2.028085231781006
2.179292678833008
1.9309427738189697
2.0475683212280273
1.9941176176071167
2.1641299724578857
1.460347056388855
1.9395841360092163
1.8922587633132935
1.836982011795044
1.7310857772827148
1.618432641029358
1.9802258014678955
1.8195574283599854
1.8052998781204224
1.8992151021957397
2.0306575298309326
1.813522219657898
1.945809006690979
1.9912476539611816
2.060487747192383
1.869206190109253
2.088743209838867
1.843599557876587
2.1382343769073486
2.182262659072876
2.0378339290618896
1.8322111368179321
1.6337966918945312
2.03987193107605
2.2052578926086426
2.093522787094116
1.4606051445007324
2.077800750732422
1.8741124868392944
1.9385192394256592
2.0492188930511475
2.1961512565612793
2.070509433746338
1.6364219188690186
1.9081072807312012
2.112417459487915
2.0675699710845947
2.0368008613586426
2.1343588829040527
1.6906620264053345
1.8809642791748047
2.0448763370513916
2.1033859252929688
1.905011534690857
2.1167352199554443
