34.01347732543945
33.475341796875
36.38938903808594
38.748199462890625
30.201751708984375
37.29082107543945
36.7906379699707
30.810762405395508
37.31596374511719
38.563011169433594
38.30500793457031
31.30545997619629
36.817420959472656
35.14139175415039
34.44963455200195
38.96162033081055
36.667747497558594
39.515052795410156
38.058570861816406
43.04358673095703
35.35150909423828
39.5312614440918
40.536128997802734
37.24858093261719
38.167320251464844
42.25944900512695
44.39861297607422
44.15574645996094
45.05786895751953
35.65403366088867
43.528350830078125
48.72867965698242
41.434940338134766
43.0567626953125
48.77391815185547
52.08717727661133
54.59904861450195
54.12995147705078
51.870121002197266
61.090476989746094
51.50239944458008
55.916385650634766
60.582191467285156
64.26762390136719
70.065673828125
68.88336181640625
57.76262283325195
62.4619255065918
77.96759796142578
82.55054473876953
78.70729064941406
88.37152099609375
83.45502471923828
72.18657684326172
89.68174743652344
98.2857666015625
107.65424346923828
82.84247589111328
113.56112670898438
76.29754638671875
108.891357421875
122.59793090820312
96.07593536376953
89.5618667602539
134.59803771972656
109.96410369873047
132.6633758544922
147.23829650878906
147.7411346435547
134.2722625732422
156.65940856933594
168.47344970703125
161.5869598388672
150.5670928955078
149.03187561035156
150.7208251953125
164.52163696289062
182.1830291748047
193.36949157714844
161.1157684326172
202.89556884765625
198.95913696289062
208.54757690429688
184.78140258789062
177.56187438964844
205.72422790527344
210.08480834960938
186.88604736328125
131.9810028076172
162.5108642578125
208.74119567871094
186.23880004882812
146.32286071777344
151.70762634277344
125.95669555664062
134.15890502929688
129.6008758544922
92.897216796875
79.0127182006836
122.38920593261719
68.56159210205078
51.24980545043945
30.441181182861328
31.421144485473633
71.66886138916016
18.333967208862305
52.321510314941406
78.70368957519531
69.4760971069336
65.41924285888672
49.233253479003906
101.54552459716797
74.85640716552734
51.55681610107422
95.01862335205078
69.02853393554688
91.92941284179688
56.989768981933594
75.55010223388672
51.256038665771484
40.8476448059082
32.31439971923828
39.53644561767578
216.93536376953125
43.08350372314453
34.57349395751953
63.2366943359375
32.683013916015625
27.923852920532227
86.234130859375
95.80149841308594
133.93582153320312
46.646854400634766
206.46798706054688
225.94253540039062
217.01016235351562
133.22122192382812
112.33709716796875
18.167436599731445
63.434288024902344
145.8380889892578
134.0570831298828
99.8878402709961
43.17760467529297
24.43633460998535
73.1045913696289
82.29467010498047
149.89979553222656
113.70439147949219
69.16962432861328
24.986061096191406
52.49019241333008
96.396240234375
19.04991340637207
48.253475189208984
32.43999099731445
72.51373291015625
20.065412521362305
28.209308624267578
86.66313171386719
35.20756149291992
51.05181884765625
74.79199981689453
18.659780502319336
45.814239501953125
37.8531608581543
34.60495376586914
61.73780822753906
24.88347816467285
12.835556983947754
10.981082916259766
40.80841064453125
41.00919723510742
41.76264190673828
20.533100128173828
23.667531967163086
15.765053749084473
26.207439422607422
25.96396255493164
26.924402236938477
43.29887008666992
39.483482360839844
21.564237594604492
9.040699005126953
35.55125045776367
39.4925651550293
45.03148651123047
29.707517623901367
13.874013900756836
38.6158447265625
10.593925476074219
12.776835441589355
38.544105529785156
23.6058349609375
12.349040031433105
19.57242202758789
72.22196197509766
62.906532287597656
15.067808151245117
88.0052490234375
116.91842651367188
96.51537322998047
22.713199615478516
134.92962646484375
235.79150390625
185.41566467285156
106.4327163696289
26.693294525146484
67.13626861572266
73.21952056884766
36.20790481567383
33.906375885009766
118.79558563232422
106.24756622314453
20.22459602355957
72.7146987915039
107.719482421875
110.33457946777344
32.044376373291016
75.43502044677734
133.60723876953125
91.23750305175781
13.726093292236328
76.68183898925781
87.77066040039062
74.78368377685547
49.665279388427734
128.8821258544922
143.87550354003906
188.97604370117188
97.34439849853516
13.775837898254395
69.5802993774414
119.59553527832031
128.20156860351562
79.58546447753906
24.648530960083008
106.0678482055664
133.46478271484375
115.76298522949219
94.94409942626953
37.980167388916016
85.45591735839844
114.44428253173828
103.10409545898438
100.72401428222656
25.43663215637207
85.65205383300781
135.47412109375
88.55489349365234
88.27995300292969
16.100013732910156
66.04964447021484
135.78469848632812
97.6183090209961
56.836063385009766
17.05527114868164
43.24924850463867
92.53173828125
63.416473388671875
46.432804107666016
57.806785583496094
59.6891975402832
10.130290985107422
43.70846939086914
29.123231887817383
14.96005916595459
48.30010223388672
35.739112854003906
73.09900665283203
105.68498992919922
100.17487335205078
143.02297973632812
75.5229263305664
36.41171646118164
81.49933624267578
84.91970825195312
17.398759841918945
72.91954803466797
73.78028106689453
82.49809265136719
24.28217124938965
15.105622291564941
27.293964385986328
31.770078659057617
42.58341598510742
18.04449462890625
68.49779510498047
60.357582092285156
56.5811767578125
28.19124412536621
50.34318923950195
40.94166564941406
62.36019515991211
49.634212493896484
15.80848217010498
15.015124320983887
76.9100341796875
64.49752807617188
70.45110321044922
16.088993072509766
63.93300247192383
48.355953216552734
44.511016845703125
37.064273834228516
74.88603973388672
70.02528381347656
22.05312156677246
36.85849380493164
22.202163696289062
62.02412414550781
90.69794464111328
61.81562042236328
18.01224136352539
121.02635955810547
99.69080352783203
102.01477813720703
52.135650634765625
46.91370391845703
92.9478988647461
95.54069519042969
57.08781051635742
19.685489654541016
23.010305404663086
80.67171478271484
17.783496856689453
12.085708618164062
8.529908180236816
36.077796936035156
29.080503463745117
25.652828216552734
30.999374389648438
9.57531452178955
69.04098510742188
17.98269271850586
22.845552444458008
17.01958465576172
10.920450210571289
85.17160034179688
36.6238899230957
14.13523006439209
59.101985931396484
54.498939514160156
27.52033805847168
44.18824005126953
14.581474304199219
19.68572998046875
11.553909301757812
11.415011405944824
46.183837890625
37.06553649902344
42.58760452270508
41.68831253051758
9.709874153137207
20.82701873779297
13.32413101196289
22.063011169433594
50.50639724731445
33.082305908203125
16.646080017089844
40.806243896484375
23.410354614257812
9.62434196472168
33.713680267333984
48.07084655761719
8.787283897399902
53.52259826660156
82.52874755859375
20.925111770629883
49.23887634277344
67.876220703125
51.838279724121094
25.082630157470703
10.883329391479492
19.637950897216797
45.26106262207031
60.03144454956055
23.462839126586914
78.61168670654297
102.46138000488281
91.84552764892578
7.502890586853027
87.9848403930664
55.193687438964844
63.25814437866211
22.639896392822266
30.817262649536133
26.86078453063965
45.17656707763672
67.9484634399414
61.64921951293945
12.593732833862305
87.38560485839844
105.42333984375
76.5038070678711
30.330835342407227
76.74742126464844
108.13166046142578
125.32755279541016
69.52247619628906
32.04594039916992
90.24028778076172
152.4652557373047
148.9351806640625
117.83160400390625
55.45737075805664
68.1306381225586
77.66378784179688
64.65501403808594
30.287464141845703
39.5377082824707
42.250057220458984
42.192832946777344
30.89679718017578
20.904081344604492
20.55451202392578
14.291276931762695
34.02423858642578
12.500412940979004
37.073665618896484
32.334205627441406
5.676584243774414
15.497076034545898
31.578073501586914
60.37964630126953
14.753669738769531
52.56393051147461
58.269004821777344
24.7852725982666
35.55385971069336
64.94141387939453
36.97402572631836
20.228160858154297
39.4854850769043
12.7960205078125
6.155287742614746
4.320108413696289
43.798728942871094
14.642290115356445
20.301685333251953
18.67392921447754
10.955671310424805
4.870181560516357
15.79049015045166
30.51144790649414
41.244407653808594
36.031429290771484
44.569766998291016
47.66371154785156
37.10665512084961
20.219738006591797
104.5398178100586
101.93848419189453
69.759033203125
49.692073822021484
22.579002380371094
44.35184097290039
39.320682525634766
11.129196166992188
55.87456130981445
102.416748046875
80.87049865722656
39.22412872314453
27.467016220092773
66.73639678955078
43.587974548339844
13.298885345458984
62.31484603881836
69.7217025756836
58.32463455200195
46.125850677490234
19.824567794799805
85.64063262939453
67.71929168701172
24.70125389099121
9.629841804504395
46.158721923828125
30.29610252380371
24.53192901611328
34.800575256347656
67.75985717773438
56.21394729614258
14.825194358825684
55.9802131652832
94.30558013916016
67.61528015136719
43.976505279541016
48.51015853881836
61.18405532836914
64.43983459472656
9.81139087677002
41.56930923461914
68.92035675048828
69.7828140258789
10.590517044067383
46.91203308105469
26.432588577270508
25.833114624023438
10.235557556152344
56.227970123291016
35.62759017944336
13.412101745605469
44.56844711303711
34.441707611083984
30.821481704711914
40.2088623046875
10.032564163208008
12.28345012664795
92.54638671875
83.44463348388672
77.34823608398438
56.057762145996094
42.97089767456055
39.09375762939453
55.65753936767578
10.55483341217041
29.135202407836914
21.960783004760742
17.258169174194336
24.42238998413086
10.005492210388184
6.539618968963623
27.457538604736328
14.626087188720703
21.72772979736328
44.0744743347168
18.67312240600586
11.711444854736328
54.66914367675781
8.145299911499023
36.43056106567383
20.170833587646484
19.29470443725586
28.145336151123047
7.829101085662842
11.489356994628906
14.303971290588379
21.56915855407715
12.467462539672852
8.843667030334473
14.696477890014648
21.39950942993164
43.53362274169922
16.38446617126465
34.73320388793945
21.632713317871094
52.42790222167969
58.28380584716797
29.505760192871094
5.35814905166626
25.808319091796875
8.79941177368164
24.72779083251953
12.391468048095703
40.58688735961914
22.419031143188477
33.785133361816406
25.453096389770508
8.65569019317627
15.563761711120605
5.9872589111328125
37.44114303588867
23.910724639892578
13.902220726013184
27.606660842895508
49.68854522705078
22.462921142578125
32.84685134887695
30.84171485900879
11.8593111038208
25.04258918762207
20.83943748474121
6.89489221572876
16.719865798950195
23.947715759277344
11.382481575012207
37.18733596801758
8.578280448913574
15.06204891204834
25.339338302612305
13.243680953979492
8.356864929199219
14.019182205200195
6.807925701141357
27.973623275756836
35.64259338378906
9.964635848999023
18.36125373840332
12.905435562133789
6.342961311340332
11.530179977416992
42.50102233886719
58.24861145019531
28.388822555541992
10.378262519836426
41.32099914550781
51.85441970825195
25.81814956665039
58.32464599609375
70.116943359375
39.66943359375
9.575011253356934
69.63209533691406
103.92720794677734
67.04993438720703
69.24980163574219
21.470989227294922
54.04396438598633
59.197540283203125
22.305294036865234
16.337583541870117
11.455039024353027
7.933384895324707
44.2376823425293
40.50860595703125
13.327996253967285
29.592716217041016
36.68912124633789
45.037567138671875
5.016757011413574
32.45816421508789
59.957820892333984
50.61703109741211
31.663711547851562
32.47123336791992
69.49732208251953
77.80789947509766
42.55709457397461
7.8644866943359375
42.75550079345703
41.132904052734375
20.147531509399414
44.572208404541016
32.29026794433594
45.786781311035156
32.72108840942383
39.96384048461914
66.6772689819336
57.939632415771484
39.08219528198242
13.704400062561035
44.0031623840332
36.600318908691406
12.122775077819824
4.481984615325928
2.762622594833374
39.66806411743164
33.002960205078125
6.766909122467041
10.261899948120117
30.14288902282715
14.486572265625
26.30190086364746
41.90658187866211
55.33255386352539
17.303321838378906
21.432109832763672
40.27801513671875
45.30274200439453
4.633785247802734
18.536273956298828
42.06683349609375
12.395225524902344
15.20207691192627
14.936074256896973
51.96250915527344
44.76639175415039
31.79609489440918
9.154793739318848
57.4815673828125
67.8815689086914
78.63089752197266
23.229522705078125
58.060546875
62.5323371887207
79.00444030761719
51.42992401123047
13.779870986938477
12.00851058959961
16.758535385131836
65.36436462402344
46.766361236572266
8.45459270477295
8.436662673950195
40.345130920410156
4.6069416999816895
19.443941116333008
9.918710708618164
57.05782699584961
42.371551513671875
6.527454376220703
33.15310287475586
23.50715446472168
3.7302215099334717
13.123355865478516
25.07840347290039
5.266448974609375
24.507884979248047
4.487020492553711
17.618122100830078
20.104080200195312
12.662544250488281
29.353551864624023
42.746131896972656
24.20743179321289
6.5236005783081055
14.13138198852539
17.59210777282715
12.14360237121582
14.820444107055664
36.29146194458008
5.5523858070373535
42.92230987548828
58.20429229736328
46.02039337158203
28.209400177001953
42.5106201171875
42.50531768798828
61.18682861328125
41.231842041015625
24.1149845123291
74.92961120605469
80.4771957397461
87.77642059326172
53.88347625732422
4.746700763702393
61.95458221435547
55.571533203125
54.0849609375
33.59229278564453
25.57808494567871
34.334320068359375
35.25300216674805
5.43753719329834
13.222765922546387
20.541004180908203
5.251491546630859
10.60719108581543
12.098091125488281
14.801589012145996
37.63864517211914
18.445716857910156
18.88517189025879
11.775760650634766
9.200697898864746
14.959872245788574
13.317866325378418
20.056110382080078
16.51781463623047
43.403900146484375
42.771183013916016
14.921775817871094
48.67855453491211
76.38064575195312
75.73749542236328
73.74202728271484
24.298677444458008
48.969242095947266
78.15178680419922
92.12092590332031
69.83763885498047
13.004813194274902
8.407583236694336
57.394927978515625
91.62796783447266
105.04672241210938
95.12572479248047
25.198652267456055
26.53579330444336
31.410114288330078
42.6232795715332
10.741491317749023
6.634273052215576
70.15502166748047
66.63909149169922
87.6345443725586
59.090335845947266
36.751914978027344
31.731908798217773
38.355648040771484
45.062278747558594
45.07851028442383
17.23756980895996
8.819092750549316
18.367542266845703
17.816844940185547
21.883771896362305
21.029619216918945
22.295690536499023
30.702383041381836
16.630922317504883
48.44322204589844
60.030670166015625
62.80447006225586
40.90828323364258
26.138500213623047
21.27926254272461
67.03939819335938
63.47622299194336
76.32726287841797
25.679780960083008
7.0387773513793945
25.86818504333496
25.882545471191406
13.206246376037598
4.280599117279053
37.29086685180664
35.240753173828125
21.397075653076172
29.913728713989258
60.97118377685547
44.44330596923828
15.850462913513184
23.604047775268555
26.827747344970703
21.696880340576172
32.83268356323242
10.598788261413574
18.441661834716797
9.462981224060059
48.558597564697266
3.7862548828125
16.216291427612305
10.949224472045898
21.986919403076172
28.281909942626953
8.654457092285156
6.570948600769043
6.389326095581055
9.928044319152832
32.928375244140625
5.306209564208984
2.7562406063079834
19.196287155151367
29.45257568359375
22.75267791748047
6.696280002593994
40.03396987915039
37.561256408691406
33.34536361694336
9.282041549682617
8.755841255187988
15.232950210571289
9.448681831359863
4.634526252746582
6.909775733947754
29.248332977294922
13.833653450012207
22.060277938842773
7.7379069328308105
44.873268127441406
46.96803283691406
5.436675548553467
38.686866760253906
58.47135925292969
29.05230712890625
20.700212478637695
26.032068252563477
27.596628189086914
45.591758728027344
19.502174377441406
4.689151763916016
45.776031494140625
51.19408416748047
64.11971282958984
90.1016616821289
23.233165740966797
3.616116523742676
63.260074615478516
80.52948760986328
79.11044311523438
69.7628402709961
21.7214412689209
22.956668853759766
47.82456588745117
62.069068908691406
22.56564712524414
3.97398042678833
14.311405181884766
19.80033302307129
10.518590927124023
33.867740631103516
40.073490142822266
25.656986236572266
6.352271556854248
10.682735443115234
22.586584091186523
11.120548248291016
38.7869987487793
61.3906364440918
36.213478088378906
24.73046875
20.027082443237305
20.185230255126953
25.09435272216797
12.610467910766602
16.09657096862793
36.323246002197266
9.14584732055664
23.2487850189209
24.31081199645996
28.699020385742188
28.833072662353516
11.63211727142334
16.267478942871094
22.25615692138672
21.281658172607422
6.264031887054443
8.153895378112793
18.832612991333008
6.803264617919922
5.544778347015381
13.327333450317383
14.462141990661621
25.683982849121094
10.433966636657715
21.830467224121094
8.829669952392578
32.834007263183594
23.856555938720703
1.9965052604675293
3.251598358154297
26.78072166442871
38.204254150390625
7.020073413848877
48.295021057128906
42.16648483276367
39.1009635925293
18.245067596435547
14.28983211517334
30.215906143188477
43.66892623901367
50.031795501708984
37.77507400512695
32.302490234375
11.828003883361816
27.017518997192383
69.81169128417969
53.8397331237793
41.300209045410156
26.19228172302246
8.789947509765625
35.47634506225586
54.070213317871094
66.79017639160156
72.2879409790039
20.574562072753906
11.589515686035156
25.978116989135742
73.73829650878906
74.44681549072266
42.48625183105469
51.984413146972656
3.3797988891601562
23.3648738861084
45.56254959106445
44.8476448059082
12.154842376708984
11.174816131591797
4.565810203552246
38.17140197753906
22.520231246948242
17.37090492248535
5.957274436950684
15.17521858215332
40.6650390625
42.39342498779297
17.97702980041504
8.716337203979492
7.194319248199463
36.47712326049805
6.1096649169921875
19.75520133972168
3.2011101245880127
3.253692865371704
13.215045928955078
26.2976016998291
22.995737075805664
5.533222198486328
19.28371810913086
17.439964294433594
23.200313568115234
14.326667785644531
2.2707459926605225
23.021148681640625
31.162708282470703
65.94600677490234
15.374242782592773
3.7368345260620117
13.381087303161621
4.4585747718811035
17.68641471862793
5.501055717468262
13.337262153625488
8.798848152160645
52.36188507080078
18.407711029052734
6.180046558380127
27.440670013427734
8.925890922546387
6.382144927978516
6.4520087242126465
11.583333015441895
34.16571807861328
3.83793306350708
15.507651329040527
26.978960037231445
7.517107009887695
7.417620658874512
28.943971633911133
37.89991760253906
8.13255786895752
3.863795518875122
9.824745178222656
17.856796264648438
11.755483627319336
14.942330360412598
5.471019268035889
14.26519775390625
6.622385501861572
11.713242530822754
37.70268249511719
45.7684326171875
14.187044143676758
17.158510208129883
19.948734283447266
8.669737815856934
7.118736743927002
21.898239135742188
11.831160545349121
4.567532062530518
14.40640926361084
9.262134552001953
22.47471046447754
17.55208969116211
19.270381927490234
14.129647254943848
16.756532669067383
9.8806791305542
6.4850311279296875
13.315193176269531
5.384647846221924
12.81356143951416
16.211605072021484
22.783966064453125
6.812255859375
46.846378326416016
10.048870086669922
33.889095306396484
12.840126991271973
12.346714973449707
30.77583885192871
18.595151901245117
13.620896339416504
3.919938564300537
25.546443939208984
37.88037109375
26.6445369720459
46.86677932739258
13.97004222869873
8.795223236083984
35.45003128051758
65.19683074951172
76.25627899169922
70.02377319335938
39.672298431396484
31.038829803466797
13.09925365447998
30.664873123168945
35.64155960083008
48.86898422241211
39.6026496887207
41.562774658203125
5.622467041015625
9.033242225646973
13.309757232666016
17.300277709960938
18.016328811645508
10.211329460144043
7.08293342590332
37.21268844604492
9.545186996459961
6.955636501312256
21.473730087280273
6.211676597595215
15.554160118103027
28.54071807861328
12.23301887512207
19.55187225341797
26.881013870239258
2.7030155658721924
2.879183292388916
24.8188533782959
22.236963272094727
28.367225646972656
3.972979784011841
12.82693862915039
26.307178497314453
8.761894226074219
3.317279577255249
21.173921585083008
49.43251419067383
10.017457008361816
20.70781135559082
10.079593658447266
2.5281717777252197
4.285616397857666
20.461639404296875
19.67536163330078
12.238417625427246
9.055325508117676
20.815460205078125
13.916728973388672
40.080142974853516
14.80252742767334
15.325023651123047
29.816020965576172
34.14413833618164
21.09168815612793
28.724233627319336
18.622026443481445
9.543926239013672
12.423321723937988
5.135481834411621
10.088119506835938
19.082799911499023
19.24376678466797
8.170113563537598
12.821685791015625
21.704683303833008
8.315605163574219
2.0618906021118164
9.557384490966797
20.978214263916016
5.425632953643799
17.676408767700195
28.262453079223633
23.12624168395996
1.5587730407714844
5.459033966064453
14.84242057800293
24.346973419189453
45.635711669921875
7.047467231750488
32.984130859375
3.9402976036071777
35.27838897705078
18.94734764099121
19.162456512451172
43.26084899902344
11.49843692779541
15.296477317810059
24.602577209472656
25.570547103881836
40.757564544677734
2.2509052753448486
12.294197082519531
7.496099472045898
17.834613800048828
12.852703094482422
3.204038381576538
3.281177520751953
9.663527488708496
26.281902313232422
7.001914024353027
2.971625804901123
20.800884246826172
19.160810470581055
20.783597946166992
6.770266056060791
6.583267688751221
23.353652954101562
53.49824142456055
51.23707580566406
32.521114349365234
14.585882186889648
