176.06655883789062
169.78759765625
164.7010955810547
150.1270294189453
184.8387451171875
157.47503662109375
151.61532592773438
156.19534301757812
154.99371337890625
168.07803344726562
165.5526885986328
144.7027130126953
170.43690490722656
174.349365234375
163.6892852783203
157.97579956054688
168.74041748046875
151.65370178222656
142.31307983398438
147.99940490722656
158.5077362060547
154.57748413085938
169.08265686035156
151.38525390625
148.1747283935547
149.9392852783203
107.34049224853516
171.30661010742188
139.8199920654297
145.94602966308594
111.94542694091797
141.08551025390625
156.28244018554688
151.2692108154297
142.3947296142578
132.95924377441406
137.2126922607422
139.34854125976562
138.8760986328125
132.9339141845703
126.37926483154297
102.29722595214844
147.28182983398438
119.46683502197266
118.46341705322266
119.25440979003906
139.58692932128906
128.09364318847656
107.93592071533203
130.91842651367188
126.71623992919922
107.84654998779297
116.83433532714844
97.53620147705078
110.72110748291016
125.45153045654297
119.31043243408203
107.98252868652344
99.5599594116211
93.6273193359375
100.82130432128906
92.1340103149414
113.4604263305664
112.3739242553711
110.19692993164062
111.02743530273438
107.85629272460938
82.03752899169922
93.59130096435547
110.93207550048828
84.04547119140625
72.88113403320312
71.50940704345703
94.63519287109375
76.05917358398438
89.64326477050781
76.60713958740234
82.9263916015625
56.97758102416992
61.24692153930664
57.49846267700195
78.44158172607422
59.22749710083008
42.01329040527344
55.57720947265625
49.41841125488281
71.87620544433594
62.24295425415039
39.97226333618164
31.710330963134766
44.606327056884766
37.65728759765625
53.88663101196289
30.249706268310547
54.024593353271484
40.69524002075195
28.401418685913086
37.13628387451172
27.122512817382812
26.98985481262207
26.768871307373047
36.172019958496094
18.24954605102539
21.34254264831543
16.525705337524414
36.253116607666016
41.97793197631836
20.23667335510254
25.926633834838867
35.73311996459961
15.461426734924316
19.983591079711914
20.490230560302734
24.56797981262207
31.80393409729004
18.654661178588867
37.98896026611328
26.325729370117188
21.086511611938477
27.82398796081543
48.01837158203125
41.58074951171875
30.683258056640625
41.52140426635742
26.052547454833984
23.87082862854004
30.127168655395508
22.190532684326172
25.86752700805664
37.058170318603516
25.761688232421875
25.886306762695312
41.98175048828125
28.03679847717285
45.50093078613281
34.81534957885742
30.95984649658203
20.590381622314453
20.57776641845703
31.738170623779297
41.081092834472656
25.185104370117188
37.19454574584961
25.30744743347168
31.163406372070312
49.62760925292969
28.246036529541016
34.83041000366211
28.784563064575195
31.692855834960938
27.30060577392578
32.79054260253906
34.508201599121094
33.48027038574219
18.436281204223633
25.75200653076172
38.66054153442383
39.204593658447266
26.958614349365234
32.16715621948242
20.210554122924805
25.80250358581543
16.757898330688477
26.52631187438965
25.323545455932617
22.338003158569336
27.66158103942871
32.732845306396484
36.0350341796875
17.83599090576172
16.43609046936035
27.386802673339844
33.98715591430664
24.150497436523438
31.01789665222168
15.539517402648926
17.59831428527832
72.20741271972656
25.049325942993164
26.574092864990234
28.303892135620117
30.22797203063965
17.320240020751953
23.50994110107422
12.103038787841797
37.11811447143555
27.229089736938477
45.263973236083984
81.58534240722656
34.62827682495117
26.818105697631836
32.68705749511719
32.4989013671875
28.985841751098633
23.245779037475586
27.55745506286621
13.46137523651123
17.45362091064453
22.967937469482422
47.232208251953125
30.929473876953125
24.997241973876953
55.858604431152344
30.184425354003906
17.03326988220215
15.122243881225586
49.089656829833984
35.375343322753906
27.114633560180664
22.770790100097656
40.06947326660156
29.022153854370117
53.561641693115234
27.06899642944336
24.159685134887695
11.566338539123535
30.140687942504883
20.486047744750977
23.437633514404297
51.84352111816406
32.24986267089844
23.089506149291992
26.338157653808594
42.15336608886719
17.892282485961914
30.27403450012207
34.65827560424805
23.40266990661621
30.504913330078125
23.186614990234375
33.759010314941406
20.348102569580078
19.629615783691406
44.90285873413086
28.12590217590332
21.59871482849121
31.222108840942383
24.043737411499023
21.76032257080078
19.399816513061523
20.09892463684082
23.416126251220703
24.222929000854492
24.158428192138672
41.84754180908203
18.76936912536621
23.32305335998535
25.25543212890625
40.89757537841797
33.02781295776367
25.592103958129883
20.34364891052246
27.223966598510742
31.494781494140625
21.601926803588867
30.49606704711914
28.551300048828125
38.05924987792969
24.912084579467773
22.07895278930664
20.21864128112793
20.828771591186523
16.83498191833496
31.925020217895508
11.91650390625
34.3317985534668
29.740676879882812
33.33974838256836
22.791767120361328
29.4415283203125
18.4561767578125
31.29779052734375
41.38321304321289
59.59158706665039
30.968826293945312
39.11886215209961
35.229984283447266
42.61179733276367
32.94269561767578
33.32378005981445
17.61048698425293
14.855897903442383
31.931167602539062
24.533851623535156
27.74399757385254
27.8753719329834
36.603118896484375
29.493623733520508
37.508514404296875
18.634464263916016
25.11286735534668
15.784687995910645
13.362197875976562
19.609851837158203
19.982967376708984
18.73380470275879
41.60173797607422
31.893457412719727
22.370853424072266
23.200908660888672
21.74811363220215
24.808927536010742
24.90635871887207
25.405567169189453
18.114681243896484
36.63245391845703
17.633987426757812
22.40886878967285
46.076560974121094
38.40632247924805
20.986726760864258
41.81559753417969
76.43638610839844
17.46381187438965
50.789878845214844
56.78913879394531
27.040374755859375
29.33614730834961
17.06087875366211
39.46513748168945
50.916507720947266
32.102474212646484
31.75752830505371
22.912111282348633
54.529964447021484
31.908899307250977
23.226043701171875
28.4621639251709
21.481264114379883
31.23208236694336
19.137664794921875
23.2357234954834
19.00684356689453
32.98598098754883
28.67023277282715
24.62226104736328
10.83737564086914
18.64565086364746
18.88686752319336
23.263824462890625
18.74705696105957
18.515743255615234
22.096437454223633
20.685514450073242
22.50969123840332
32.73481750488281
17.802152633666992
17.17938804626465
28.65451431274414
31.14678192138672
28.13484001159668
61.198974609375
18.36467742919922
23.022586822509766
22.68937873840332
24.296512603759766
21.646696090698242
15.903887748718262
20.123123168945312
26.713680267333984
36.05796432495117
31.974536895751953
23.38633155822754
18.529041290283203
15.0747652053833
21.569019317626953
41.43147277832031
31.09613800048828
26.90406608581543
13.759696006774902
26.639507293701172
15.1538667678833
21.25959014892578
14.917118072509766
26.53518295288086
22.249238967895508
41.61342239379883
20.393495559692383
13.824211120605469
28.349407196044922
35.1535530090332
19.73064422607422
24.361135482788086
27.15906524658203
18.978652954101562
27.3981876373291
16.31568145751953
16.91020965576172
26.199451446533203
26.278968811035156
24.374032974243164
32.67630386352539
25.17024040222168
25.277803421020508
12.233651161193848
23.1403751373291
20.753570556640625
24.581968307495117
34.35210418701172
26.431678771972656
20.453895568847656
19.14020347595215
24.785654067993164
21.842716217041016
30.256866455078125
13.746593475341797
27.304819107055664
20.007877349853516
19.4089298248291
30.62771987915039
26.648534774780273
16.58263397216797
38.0638542175293
32.04261779785156
16.331613540649414
12.250060081481934
26.179229736328125
22.550018310546875
18.113704681396484
14.510440826416016
64.16079711914062
18.757659912109375
32.011268615722656
21.856307983398438
37.5869140625
48.497901916503906
34.9107666015625
14.982731819152832
23.065229415893555
22.19985580444336
23.759014129638672
17.725507736206055
15.386860847473145
19.708953857421875
33.930355072021484
15.90465259552002
26.178300857543945
18.730405807495117
13.960143089294434
19.04596519470215
22.610103607177734
26.364330291748047
22.33918571472168
37.887840270996094
14.956192970275879
28.488218307495117
23.539432525634766
24.49349021911621
38.52248764038086
10.647782325744629
12.272104263305664
35.20167541503906
26.97917938232422
27.682212829589844
30.617380142211914
83.00454711914062
17.324047088623047
18.66829490661621
27.9658145904541
14.779349327087402
35.8015251159668
31.53593635559082
29.892179489135742
39.27421188354492
27.06576919555664
20.411582946777344
17.648605346679688
22.47548484802246
15.550621032714844
46.78371810913086
18.441715240478516
19.13968276977539
36.681800842285156
31.78395652770996
26.927696228027344
33.997947692871094
24.182584762573242
26.244850158691406
26.166017532348633
13.910609245300293
45.28034973144531
22.617128372192383
28.986026763916016
25.858854293823242
35.56346130371094
69.9109115600586
46.478599548339844
28.23235321044922
30.678293228149414
27.534547805786133
15.218481063842773
15.818997383117676
20.94253158569336
47.75310516357422
77.3460922241211
12.18763256072998
16.9876708984375
22.638896942138672
20.083784103393555
21.80756378173828
21.67845916748047
19.69635581970215
27.786211013793945
21.711811065673828
19.667734146118164
24.16555404663086
18.10271644592285
15.091532707214355
35.232505798339844
15.089577674865723
17.804119110107422
40.09218215942383
36.53902816772461
10.876036643981934
22.44967269897461
13.594610214233398
60.337398529052734
21.43235969543457
13.553261756896973
26.052907943725586
36.95932388305664
35.77680587768555
20.093923568725586
22.191186904907227
12.923654556274414
22.918914794921875
35.94908905029297
15.781838417053223
13.307026863098145
22.38370132446289
18.074073791503906
21.208812713623047
27.912351608276367
18.702739715576172
27.14453125
55.900360107421875
40.182655334472656
21.18036651611328
19.957542419433594
26.19354820251465
14.97987174987793
23.261484146118164
34.998619079589844
16.295324325561523
63.01527404785156
13.412005424499512
24.376300811767578
56.00885772705078
16.52620506286621
33.19289016723633
37.03011703491211
19.776185989379883
13.157027244567871
26.586658477783203
45.38204574584961
17.22242546081543
19.46024513244629
29.701135635375977
33.515316009521484
17.067235946655273
16.64086151123047
27.00132179260254
26.86371421813965
38.359642028808594
38.8359489440918
28.667346954345703
15.146145820617676
12.916169166564941
17.12993049621582
14.804458618164062
18.96415138244629
18.8146915435791
20.122262954711914
17.677980422973633
42.474639892578125
27.023723602294922
22.074607849121094
19.582616806030273
73.72113037109375
21.68498420715332
13.204669952392578
52.39773941040039
20.046972274780273
13.819158554077148
29.80013084411621
35.32208251953125
31.90677261352539
36.4774284362793
34.333091735839844
12.534131050109863
14.927895545959473
16.440507888793945
15.56264591217041
16.993728637695312
27.444108963012695
16.62973403930664
17.23685646057129
32.54718780517578
36.066158294677734
16.02687644958496
15.98111629486084
15.637856483459473
13.312762260437012
16.109771728515625
31.027698516845703
14.923484802246094
18.595443725585938
19.2761173248291
17.028026580810547
15.840652465820312
20.052947998046875
14.162784576416016
20.15086555480957
16.6130428314209
35.47834777832031
21.758647918701172
24.595705032348633
44.064510345458984
16.461034774780273
22.60957145690918
22.31659507751465
29.367761611938477
12.962817192077637
13.688852310180664
12.840508460998535
33.7126579284668
23.228017807006836
52.67013168334961
19.62401008605957
21.028629302978516
19.907766342163086
23.617948532104492
21.382898330688477
39.14317321777344
18.271833419799805
13.476367950439453
17.01614761352539
28.860389709472656
13.733798027038574
23.780498504638672
15.690138816833496
17.604032516479492
18.406055450439453
21.09764289855957
26.041200637817383
13.137160301208496
18.9544620513916
13.264209747314453
33.1821174621582
20.603260040283203
21.075138092041016
15.30838680267334
42.23490905761719
21.299423217773438
17.828290939331055
25.9494571685791
12.091617584228516
13.760807991027832
10.43259334564209
19.564552307128906
11.585447311401367
9.939311027526855
19.13799285888672
16.953123092651367
11.833688735961914
13.761808395385742
11.120037078857422
15.117441177368164
24.641326904296875
29.861635208129883
16.07853126525879
23.50979232788086
15.741117477416992
17.277952194213867
13.864069938659668
10.93596363067627
9.687628746032715
27.757400512695312
34.723209381103516
17.810163497924805
17.99734115600586
18.634572982788086
13.31100845336914
13.089729309082031
17.86268424987793
10.112677574157715
16.02842140197754
17.123586654663086
96.8321533203125
34.56294250488281
25.827470779418945
18.398710250854492
18.833051681518555
28.520679473876953
32.76530075073242
29.605819702148438
25.04576301574707
35.759395599365234
31.05597686767578
13.932641983032227
14.7232027053833
12.399893760681152
39.808837890625
16.785600662231445
19.04294204711914
28.92333221435547
18.040809631347656
23.546106338500977
21.954540252685547
19.078401565551758
25.08365821838379
10.430293083190918
16.235246658325195
18.859106063842773
25.852327346801758
19.27466583251953
18.888206481933594
23.93178367614746
42.762046813964844
47.93986129760742
24.449623107910156
14.091670989990234
22.818811416625977
26.59010887145996
24.682653427124023
25.03084373474121
16.344221115112305
29.449207305908203
15.92829418182373
12.423676490783691
14.836498260498047
10.471902847290039
12.852714538574219
45.04204177856445
17.640884399414062
12.762228012084961
26.993560791015625
29.737335205078125
40.35369110107422
20.13723373413086
15.677204132080078
18.364023208618164
39.77473068237305
13.69493293762207
23.165443420410156
17.939979553222656
39.97380828857422
11.5558500289917
25.982864379882812
19.911361694335938
14.809255599975586
13.527329444885254
27.83319664001465
29.499135971069336
26.774089813232422
11.883959770202637
25.516620635986328
17.910961151123047
17.403369903564453
11.682080268859863
25.240203857421875
20.6861515045166
21.406593322753906
16.866374969482422
18.01886749267578
26.43236541748047
32.84088134765625
21.68486213684082
16.716270446777344
22.324052810668945
15.207554817199707
19.496990203857422
15.127138137817383
34.4533576965332
15.561637878417969
15.308892250061035
14.389761924743652
19.212779998779297
13.567160606384277
27.736957550048828
24.385473251342773
12.276936531066895
41.134307861328125
21.712369918823242
30.274202346801758
27.440231323242188
47.169559478759766
16.91458511352539
23.458253860473633
26.981212615966797
16.207582473754883
9.092366218566895
34.92483901977539
19.7442626953125
31.841140747070312
24.000200271606445
22.34817886352539
22.041776657104492
26.307706832885742
13.530672073364258
9.557063102722168
11.612634658813477
19.278705596923828
11.694634437561035
20.940698623657227
11.618021965026855
20.162405014038086
12.626059532165527
14.39401912689209
22.549978256225586
14.449755668640137
13.926011085510254
17.17521095275879
15.156511306762695
11.843514442443848
8.031009674072266
19.8424072265625
15.132095336914062
16.03004264831543
21.37631607055664
23.41839599609375
9.333938598632812
28.713848114013672
21.315744400024414
24.6514949798584
28.36233901977539
18.279083251953125
18.648996353149414
26.100849151611328
16.945709228515625
15.668731689453125
9.638216972351074
12.809694290161133
14.21664810180664
22.56140899658203
8.118974685668945
12.799532890319824
24.3637638092041
11.444798469543457
24.09812355041504
17.426586151123047
33.14504623413086
17.306337356567383
40.812435150146484
17.440601348876953
10.996986389160156
11.676041603088379
22.873973846435547
16.175125122070312
33.90309143066406
13.04869270324707
15.916230201721191
51.57969665527344
12.61605167388916
23.313520431518555
9.914122581481934
18.287134170532227
25.72847557067871
17.485401153564453
17.242198944091797
11.756306648254395
22.400569915771484
30.85036277770996
27.306365966796875
12.57571792602539
10.64944839477539
49.57416534423828
38.13594436645508
27.72627067565918
49.223793029785156
28.657724380493164
19.324798583984375
13.760855674743652
25.753103256225586
14.187836647033691
18.72758674621582
33.23200225830078
33.071372985839844
21.328697204589844
33.42003631591797
18.965913772583008
33.87767791748047
18.64891242980957
57.39291763305664
23.08097267150879
20.853591918945312
16.64928436279297
26.267269134521484
19.117151260375977
15.336994171142578
18.968595504760742
24.21833038330078
29.451162338256836
15.895597457885742
16.33536148071289
11.717044830322266
12.300865173339844
51.22482681274414
10.266106605529785
16.922765731811523
11.039681434631348
12.954058647155762
10.857406616210938
19.00913429260254
15.558234214782715
19.814321517944336
22.69911003112793
12.5562162399292
10.298473358154297
11.192806243896484
16.433834075927734
29.75480079650879
52.25239181518555
26.826215744018555
16.14714241027832
18.98213005065918
30.116140365600586
14.708466529846191
20.936307907104492
12.04356861114502
23.974939346313477
19.66990852355957
35.646026611328125
15.262232780456543
19.886110305786133
10.473678588867188
9.46934700012207
9.982070922851562
14.926403999328613
12.897608757019043
15.45350456237793
20.871145248413086
14.178643226623535
43.428627014160156
10.662971496582031
18.429950714111328
24.91886329650879
25.144926071166992
16.993816375732422
10.873695373535156
12.718082427978516
13.74617862701416
13.786739349365234
11.52737808227539
11.715998649597168
12.474482536315918
14.259970664978027
10.060254096984863
14.87719440460205
25.765464782714844
12.947683334350586
13.331435203552246
28.494260787963867
16.289960861206055
11.351411819458008
21.250574111938477
14.925710678100586
11.820962905883789
19.349258422851562
19.051002502441406
14.897963523864746
31.81292152404785
18.581815719604492
13.75631046295166
8.599698066711426
61.565940856933594
36.55369186401367
28.536617279052734
29.256669998168945
17.18596076965332
14.241851806640625
9.780981063842773
14.938100814819336
42.18523406982422
19.795093536376953
18.614850997924805
17.344318389892578
15.020097732543945
45.116981506347656
11.356303215026855
23.163551330566406
7.940173625946045
17.3850040435791
9.737454414367676
42.94767379760742
11.583272933959961
11.322649955749512
10.511094093322754
19.864782333374023
11.738418579101562
15.625744819641113
15.454870223999023
13.803135871887207
14.175182342529297
23.50168228149414
28.799278259277344
18.058122634887695
13.680655479431152
50.360206604003906
25.007776260375977
14.999938011169434
15.519906044006348
11.648040771484375
11.16372299194336
34.888038635253906
11.305092811584473
8.223831176757812
38.98006057739258
23.534976959228516
15.860343933105469
13.344133377075195
29.240964889526367
20.214704513549805
10.849349021911621
31.051401138305664
20.073232650756836
26.2077693939209
18.100252151489258
25.665042877197266
8.497766494750977
9.163106918334961
22.641376495361328
14.429676055908203
13.272589683532715
25.14670753479004
9.16620922088623
10.437129020690918
68.30908203125
16.18208885192871
44.38674545288086
19.43825912475586
13.369751930236816
18.877878189086914
17.017330169677734
13.634576797485352
34.158199310302734
9.32629108428955
15.151140213012695
11.707916259765625
39.713497161865234
17.04595184326172
9.141136169433594
24.233427047729492
21.016765594482422
46.245418548583984
20.48862648010254
9.9774169921875
18.926916122436523
23.696422576904297
13.533939361572266
12.04468822479248
22.72772979736328
13.090118408203125
7.108513355255127
45.738033294677734
34.59258270263672
20.481271743774414
14.840946197509766
11.945088386535645
20.23381233215332
22.45331573486328
20.356111526489258
17.683713912963867
12.135161399841309
16.979387283325195
10.519109725952148
9.61981201171875
8.540582656860352
27.61785316467285
27.53173065185547
12.8787841796875
24.1461181640625
40.6161994934082
23.989212036132812
13.285964012145996
20.283767700195312
15.384269714355469
16.71922492980957
20.826316833496094
29.016267776489258
40.483863830566406
48.01465606689453
86.36872863769531
42.11185073852539
34.63238525390625
24.341360092163086
13.85407829284668
28.061939239501953
15.548254013061523
20.6866512298584
33.27871322631836
34.73798751831055
22.926218032836914
18.66753387451172
17.3465518951416
39.73094177246094
31.32378578186035
25.389251708984375
14.724790573120117
25.593774795532227
20.127763748168945
31.674484252929688
13.078536987304688
24.443096160888672
22.927785873413086
15.610851287841797
41.533565521240234
12.016741752624512
11.25355052947998
14.660541534423828
11.104972839355469
12.81466293334961
11.031989097595215
23.33140754699707
12.196001052856445
10.430115699768066
12.711281776428223
9.198894500732422
18.021469116210938
12.905230522155762
24.57965850830078
20.843036651611328
13.812420845031738
24.813779830932617
18.150575637817383
13.198708534240723
14.753336906433105
10.308255195617676
26.690725326538086
16.40264320373535
13.287629127502441
14.716145515441895
27.311439514160156
14.622288703918457
16.785234451293945
36.13329315185547
10.662378311157227
49.220298767089844
26.668394088745117
11.493109703063965
8.794198989868164
31.460838317871094
10.707759857177734
25.4521427154541
20.50235366821289
40.261497497558594
11.358238220214844
17.069528579711914
22.109512329101562
37.980098724365234
11.402548789978027
43.48883056640625
24.710847854614258
18.23287010192871
30.823259353637695
10.61333179473877
12.643790245056152
27.745920181274414
11.726795196533203
9.038493156433105
10.057838439941406
25.28121566772461
12.339054107666016
12.275788307189941
12.032856941223145
12.786706924438477
12.628007888793945
13.193260192871094
18.40850257873535
11.893303871154785
11.403313636779785
13.328680038452148
17.3021240234375
10.263911247253418
10.431071281433105
23.287195205688477
15.56964111328125
20.41939353942871
18.106081008911133
47.096839904785156
37.29631042480469
11.508481979370117
13.433587074279785
8.248570442199707
24.289344787597656
12.46080493927002
11.391469955444336
11.490450859069824
12.623214721679688
13.204540252685547
12.836336135864258
15.05558967590332
8.344707489013672
8.061796188354492
9.27324390411377
11.064831733703613
14.78415584564209
7.0541839599609375
12.797121047973633
22.388463973999023
10.295499801635742
16.568511962890625
9.689257621765137
33.44809341430664
18.719141006469727
21.140857696533203
15.471803665161133
10.5335054397583
8.708962440490723
12.148234367370605
31.978660583496094
16.879749298095703
10.450826644897461
8.393529891967773
8.959739685058594
15.100639343261719
15.218035697937012
8.320422172546387
14.690747261047363
16.28280258178711
21.74350357055664
11.13418197631836
39.674102783203125
11.106639862060547
25.309341430664062
13.834267616271973
12.444704055786133
13.426267623901367
22.656219482421875
11.775290489196777
6.911044120788574
19.480005264282227
15.845160484313965
20.364599227905273
14.709089279174805
7.797794818878174
14.18980884552002
10.942039489746094
10.787481307983398
17.278810501098633
14.228509902954102
26.658143997192383
11.235912322998047
11.175415992736816
9.557698249816895
25.88749122619629
18.878137588500977
10.644145011901855
24.86604881286621
9.149478912353516
9.647705078125
28.535804748535156
9.803020477294922
13.894405364990234
8.336496353149414
7.939764976501465
7.525959014892578
14.293618202209473
25.6390438079834
10.43438720703125
16.271766662597656
9.192964553833008
12.5509614944458
15.429911613464355
13.057270050048828
11.063480377197266
16.41277503967285
21.415241241455078
9.765915870666504
11.389766693115234
18.63559913635254
17.193208694458008
23.95281982421875
12.677240371704102
18.049930572509766
13.374157905578613
10.520134925842285
11.173383712768555
13.510740280151367
10.837964057922363
9.644277572631836
10.583966255187988
12.095203399658203
19.827133178710938
10.038190841674805
20.28683090209961
20.472375869750977
29.623878479003906
10.187140464782715
11.674899101257324
11.36288070678711
29.693435668945312
16.168569564819336
30.847097396850586
17.0463924407959
28.765501022338867
27.74665641784668
21.62345314025879
28.598356246948242
10.870333671569824
20.678030014038086
21.58253288269043
15.955787658691406
15.289083480834961
29.119699478149414
7.8063507080078125
13.135269165039062
13.993744850158691
12.39795207977295
24.5299072265625
22.1983585357666
8.272501945495605
10.213624000549316
10.39931869506836
19.728713989257812
34.98754119873047
11.006153106689453
24.01555061340332
7.730880260467529
13.626290321350098
40.25669860839844
9.1957368850708
9.34359359741211
10.985684394836426
17.84222412109375
7.912365913391113
19.444549560546875
26.240703582763672
10.018647193908691
35.14130401611328
8.709936141967773
7.2283430099487305
8.877057075500488
9.95911979675293
9.617265701293945
14.832722663879395
13.177057266235352
9.113851547241211
10.564831733703613
15.468429565429688
14.062978744506836
9.458001136779785
22.41368865966797
18.46593475341797
16.83066749572754
14.3927583694458
18.79366111755371
22.335346221923828
8.239949226379395
9.856831550598145
6.570575714111328
15.91494083404541
10.827747344970703
21.02360725402832
14.091368675231934
9.783978462219238
8.310983657836914
12.377357482910156
13.489706039428711
14.057806968688965
11.39411735534668
15.600801467895508
8.64663028717041
7.539902210235596
13.72780990600586
24.56106948852539
18.521072387695312
10.722329139709473
9.094897270202637
16.446556091308594
36.604068756103516
15.339709281921387
12.739745140075684
20.242618560791016
9.625031471252441
17.20349884033203
16.309823989868164
23.589265823364258
20.234867095947266
39.33076858520508
36.39220428466797
11.465394973754883
19.99484634399414
20.869110107421875
37.53032302856445
20.010229110717773
18.871139526367188
11.756893157958984
28.588396072387695
8.333569526672363
13.524264335632324
13.161944389343262
20.64821434020996
19.812618255615234
9.405813217163086
39.12175750732422
10.49399471282959
15.643721580505371
11.971583366394043
12.573866844177246
21.756839752197266
16.327564239501953
11.118005752563477
14.912861824035645
16.562223434448242
21.256118774414062
11.181473731994629
40.05931091308594
8.927350044250488
14.557369232177734
21.160743713378906
28.322599411010742
11.469100952148438
18.855823516845703
7.31860876083374
12.298199653625488
15.407416343688965
13.03630256652832
18.554420471191406
30.904863357543945
9.885468482971191
9.211950302124023
10.875898361206055
16.328041076660156
11.280553817749023
10.395794868469238
15.964980125427246
6.891073226928711
21.495113372802734
14.774742126464844
11.584282875061035
7.121771812438965
9.424723625183105
15.901801109313965
8.691701889038086
12.264908790588379
14.212364196777344
59.3670654296875
15.370829582214355
8.064094543457031
17.257761001586914
11.56690502166748
10.58562183380127
37.43619918823242
8.323752403259277
11.651046752929688
23.89450454711914
11.19701099395752
9.01930046081543
19.520015716552734
20.45071029663086
41.50067901611328
50.89958953857422
11.193244934082031
11.57368278503418
14.623623847961426
8.319908142089844
41.636680603027344
9.596431732177734
9.513193130493164
16.80830192565918
6.81135368347168
8.467910766601562
9.502219200134277
8.94159984588623
9.406041145324707
7.66163969039917
18.760868072509766
8.59573745727539
32.88296127319336
11.833606719970703
9.519209861755371
8.401325225830078
26.91294288635254
18.391237258911133
28.071535110473633
19.346757888793945
23.371252059936523
22.094058990478516
19.762672424316406
13.2274751663208
8.810409545898438
15.86373233795166
13.042316436767578
13.617345809936523
42.18647003173828
11.913590431213379
9.31313705444336
9.830709457397461
26.526599884033203
11.436396598815918
7.56895112991333
22.12034797668457
11.109387397766113
22.770540237426758
11.989627838134766
11.625615119934082
11.198334693908691
30.513742446899414
10.593191146850586
31.98817253112793
20.106460571289062
60.761558532714844
22.590620040893555
18.161663055419922
9.93576717376709
23.455425262451172
30.91935157775879
18.388931274414062
10.096802711486816
20.424175262451172
17.36970329284668
12.49747371673584
9.430218696594238
18.799917221069336
5.727647304534912
11.163834571838379
15.483824729919434
11.931424140930176
18.961862564086914
13.191437721252441
11.845453262329102
8.76305103302002
42.05525588989258
24.139175415039062
36.461341857910156
29.850128173828125
27.214962005615234
47.28032684326172
12.594990730285645
10.665051460266113
15.552196502685547
13.244376182556152
33.930477142333984
9.058965682983398
15.131314277648926
9.742698669433594
18.207317352294922
25.287172317504883
20.89019012451172
25.44236946105957
15.18289566040039
29.042251586914062
14.148360252380371
26.45433235168457
16.737905502319336
12.288660049438477
8.850910186767578
9.598003387451172
15.920266151428223
10.559517860412598
20.048315048217773
10.419927597045898
15.03219985961914
13.011844635009766
18.481904983520508
12.878660202026367
10.638239860534668
42.41985321044922
25.01462173461914
8.752760887145996
28.805269241333008
18.73291015625
23.098979949951172
9.165961265563965
25.64963150024414
7.842193603515625
21.736618041992188
23.080949783325195
11.663146018981934
9.828028678894043
21.017623901367188
12.549482345581055
8.208880424499512
9.05616283416748
10.56818962097168
7.176440715789795
15.348352432250977
13.746309280395508
21.493152618408203
10.386072158813477
9.015522956848145
10.041618347167969
24.36618995666504
10.369670867919922
9.99443244934082
9.196000099182129
14.147391319274902
12.397343635559082
11.607757568359375
9.669060707092285
9.536564826965332
12.157646179199219
37.34136199951172
15.654125213623047
7.750681400299072
25.109621047973633
21.316144943237305
33.1357536315918
27.117584228515625
7.838369369506836
11.447000503540039
10.168562889099121
9.43099308013916
14.619887351989746
34.117008209228516
14.178519248962402
12.162238121032715
21.68916130065918
6.739619255065918
16.313629150390625
41.77180480957031
26.42061996459961
8.275562286376953
10.152338027954102
8.473197937011719
7.277440071105957
6.59880256652832
14.536441802978516
11.89510440826416
9.163436889648438
8.955727577209473
18.93689727783203
9.41250228881836
14.320792198181152
18.756546020507812
41.47168731689453
21.45669937133789
15.561725616455078
10.836298942565918
12.640276908874512
39.588172912597656
8.888955116271973
8.22299861907959
23.52472496032715
10.749861717224121
8.876991271972656
10.608312606811523
17.896080017089844
37.56634521484375
8.938054084777832
12.903564453125
32.22812271118164
9.715700149536133
13.857748031616211
18.53108787536621
9.254005432128906
12.243860244750977
8.553075790405273
13.627002716064453
21.971126556396484
11.289660453796387
31.303176879882812
43.19844055175781
27.596649169921875
9.156667709350586
51.338748931884766
16.454795837402344
10.602117538452148
11.89387035369873
9.959399223327637
11.926512718200684
15.137839317321777
13.754408836364746
12.164406776428223
19.254493713378906
27.991703033447266
12.543160438537598
9.308012008666992
11.547470092773438
21.367881774902344
14.848941802978516
9.73833179473877
17.87253189086914
14.426918983459473
8.212234497070312
8.398326873779297
22.220714569091797
16.785310745239258
10.831748962402344
11.341035842895508
8.580605506896973
8.773674964904785
6.681882858276367
15.888365745544434
9.263427734375
9.10301685333252
31.064456939697266
8.670907020568848
55.36831283569336
11.416284561157227
13.569689750671387
21.275846481323242
9.820833206176758
8.790709495544434
13.085344314575195
11.590414047241211
33.692264556884766
14.68217945098877
14.013446807861328
18.146543502807617
21.0734920501709
19.86431312561035
28.57715606689453
25.608449935913086
34.68806838989258
11.316478729248047
14.826388359069824
16.57933807373047
6.065688133239746
9.589897155761719
11.012932777404785
8.561074256896973
8.839563369750977
11.553564071655273
26.442806243896484
9.879725456237793
7.001743316650391
12.6037015914917
12.06799602508545
17.118392944335938
21.83530616760254
16.876619338989258
10.545516014099121
20.774805068969727
13.696952819824219
26.569894790649414
8.801804542541504
8.412493705749512
10.888278007507324
20.601537704467773
15.283761024475098
11.568517684936523
7.0411152839660645
21.579755783081055
14.46144962310791
11.14251708984375
28.282251358032227
13.219318389892578
23.64059066772461
28.461362838745117
5.655677318572998
8.983704566955566
19.07377052307129
9.789968490600586
10.163651466369629
12.92099666595459
6.293513774871826
19.984783172607422
8.132200241088867
9.064627647399902
10.410228729248047
17.27044105529785
19.982349395751953
14.04053783416748
19.718942642211914
9.177262306213379
53.36772918701172
18.54503631591797
22.981229782104492
20.819183349609375
15.789915084838867
8.882555961608887
18.90291404724121
16.93309783935547
11.596159934997559
15.097528457641602
8.974459648132324
14.41834831237793
9.96643352508545
11.330798149108887
10.00948715209961
8.580904960632324
38.81785583496094
7.885119915008545
10.352660179138184
12.035511016845703
9.321950912475586
8.5087251663208
12.655608177185059
23.608556747436523
7.526524066925049
15.100478172302246
6.321105003356934
9.39953327178955
6.546739101409912
30.196693420410156
16.15338706970215
21.645118713378906
13.974258422851562
8.368122100830078
28.510648727416992
9.759150505065918
9.550031661987305
8.135645866394043
12.593650817871094
11.541218757629395
26.875755310058594
9.057637214660645
11.185060501098633
14.316798210144043
20.080551147460938
8.556102752685547
19.1146183013916
9.28115177154541
14.053050994873047
17.329830169677734
12.78794002532959
44.03212356567383
10.739025115966797
6.12391471862793
9.186511993408203
7.905389308929443
23.81352996826172
10.982573509216309
11.29740047454834
7.2667059898376465
26.377628326416016
8.308396339416504
11.264142990112305
7.725180625915527
18.118309020996094
9.96216869354248
14.841035842895508
11.125022888183594
12.784904479980469
9.03207778930664
14.944334030151367
23.441354751586914
29.001953125
7.921662330627441
9.64493465423584
23.416353225708008
7.485028266906738
30.64295768737793
21.061580657958984
18.09914779663086
35.74997329711914
12.736115455627441
19.925195693969727
25.254352569580078
19.346908569335938
10.237712860107422
21.27072525024414
16.187803268432617
24.84993553161621
21.348445892333984
9.255552291870117
20.01396369934082
13.365025520324707
7.897537708282471
12.6185884475708
9.092619895935059
5.950030326843262
23.358469009399414
9.078062057495117
9.410662651062012
15.271583557128906
18.139060974121094
8.733450889587402
10.679144859313965
9.385529518127441
9.581511497497559
7.167471408843994
14.131734848022461
7.064197063446045
7.207542419433594
31.019804000854492
10.789730072021484
12.886439323425293
19.03753662109375
19.87026023864746
15.006237983703613
12.219026565551758
13.831449508666992
10.811203956604004
8.038299560546875
13.349855422973633
16.012178421020508
9.939192771911621
8.549345970153809
11.679153442382812
23.31852149963379
20.447620391845703
10.746487617492676
15.277657508850098
8.52457332611084
19.071592330932617
10.815384864807129
19.24018669128418
36.828975677490234
17.68207359313965
10.728343963623047
30.143489837646484
22.53215789794922
36.299217224121094
19.984487533569336
22.013330459594727
21.908859252929688
11.399347305297852
20.725563049316406
12.460541725158691
7.108432769775391
9.419445037841797
11.221368789672852
14.690044403076172
35.750099182128906
9.254414558410645
13.579492568969727
5.472654819488525
8.826335906982422
23.077545166015625
6.3503193855285645
15.029156684875488
12.604869842529297
28.936004638671875
15.416278839111328
24.07285499572754
28.46569061279297
20.60739517211914
11.123934745788574
14.329916000366211
33.423675537109375
14.138051986694336
8.1947603225708
18.377042770385742
13.633745193481445
8.585755348205566
26.255329132080078
7.701291084289551
13.832365989685059
11.201397895812988
20.75618553161621
6.495666027069092
13.995280265808105
11.884840965270996
33.33177185058594
36.989322662353516
11.439656257629395
51.87028121948242
20.457632064819336
29.98173713684082
8.618014335632324
12.696728706359863
49.65021514892578
31.43044662475586
14.763839721679688
10.742535591125488
11.407076835632324
19.611726760864258
9.521380424499512
8.613982200622559
8.572157859802246
10.590781211853027
21.886659622192383
8.902853965759277
13.267356872558594
13.870904922485352
13.32748794555664
35.04600143432617
10.02441120147705
10.368342399597168
22.6094970703125
14.838944435119629
8.521217346191406
8.701642036437988
10.023032188415527
46.73263168334961
12.883978843688965
7.742809772491455
12.93655014038086
12.948549270629883
7.686802387237549
13.053628921508789
13.545990943908691
8.675024032592773
7.404411792755127
11.629007339477539
11.25674057006836
35.90487289428711
44.01063919067383
9.983726501464844
18.129714965820312
11.676647186279297
9.32424259185791
17.114301681518555
9.022406578063965
19.296297073364258
11.088665962219238
11.934102058410645
8.63727855682373
12.581183433532715
17.63570213317871
10.99394416809082
9.088940620422363
18.680370330810547
15.910919189453125
16.898439407348633
8.377337455749512
13.310018539428711
8.234816551208496
10.404747009277344
7.222072601318359
9.04743480682373
6.8448486328125
8.7567777633667
6.291662216186523
6.868670463562012
49.45515823364258
18.477924346923828
11.276786804199219
6.984152317047119
28.737829208374023
22.543415069580078
6.339704990386963
31.875764846801758
14.830853462219238
26.185766220092773
13.575224876403809
23.27850341796875
13.473431587219238
20.96336555480957
16.244281768798828
12.52017593383789
12.121187210083008
15.850150108337402
19.35638999938965
16.203746795654297
8.108914375305176
16.53750228881836
30.06525993347168
29.22186279296875
13.532167434692383
17.117603302001953
17.69019317626953
14.634060859680176
8.203293800354004
6.333013534545898
11.743330001831055
26.049041748046875
7.819117069244385
22.208337783813477
10.707232475280762
10.52029037475586
16.004169464111328
13.718804359436035
31.37186050415039
33.41093444824219
19.74106216430664
9.587760925292969
14.383642196655273
18.6788330078125
14.276530265808105
13.022357940673828
26.007577896118164
12.960699081420898
17.398822784423828
9.10532283782959
7.5422043800354
8.294354438781738
15.452189445495605
10.790101051330566
16.30879783630371
7.57496976852417
11.995911598205566
12.50129222869873
15.213479042053223
9.563422203063965
8.621452331542969
6.195226192474365
8.214168548583984
15.04561996459961
6.261107921600342
30.27688217163086
9.791828155517578
13.439030647277832
19.701595306396484
8.486371040344238
16.740365982055664
23.948875427246094
11.564913749694824
13.956734657287598
25.700374603271484
7.889090538024902
6.5769267082214355
6.167874813079834
14.49332046508789
16.704612731933594
18.425865173339844
7.24660062789917
8.97326374053955
17.79644775390625
12.22391414642334
16.82457733154297
16.432903289794922
11.853463172912598
13.866209030151367
9.212944030761719
11.966469764709473
16.179515838623047
13.296443939208984
8.321640968322754
5.738004684448242
5.4990668296813965
9.539047241210938
13.557988166809082
18.4700984954834
13.483048439025879
24.24492073059082
