4740.845703125
4374.8271484375
4446.8681640625
4571.4267578125
4426.41650390625
4397.13037109375
4408.00048828125
4424.57861328125
4482.35595703125
4447.931640625
4364.87646484375
4682.49560546875
4285.60546875
4435.96875
4456.11865234375
4317.001953125
4221.28759765625
4318.87646484375
4263.32958984375
4383.822265625
4433.4482421875
4193.07958984375
4283.52099609375
4109.88427734375
4278.37255859375
4022.857666015625
4059.68701171875
4271.0712890625
4005.697265625
4204.267578125
4204.771484375
4034.441162109375
4137.56201171875
4070.586669921875
4127.052734375
3896.13134765625
3975.17529296875
3879.677734375
3726.18310546875
3915.578125
4008.263427734375
3896.293212890625
3903.566162109375
3782.69384765625
3735.316162109375
3665.697998046875
3573.624755859375
3615.611083984375
3646.90283203125
3581.963623046875
3541.61669921875
3524.0048828125
3497.645751953125
3548.674560546875
3356.942138671875
3504.7626953125
3443.498291015625
3319.260498046875
3282.89990234375
3228.2998046875
3076.45361328125
3129.479248046875
3119.021728515625
3148.718505859375
3001.868408203125
2907.112060546875
2922.829833984375
2929.834228515625
2788.149169921875
2788.750732421875
2661.27734375
2658.9013671875
2686.10888671875
2581.731201171875
2367.825439453125
2490.696533203125
2410.804931640625
2339.759521484375
2254.432861328125
2171.791259765625
2159.917724609375
2139.732177734375
1936.109375
1957.286865234375
2075.31884765625
1800.880615234375
1687.17578125
1702.33447265625
1767.0206298828125
1565.791259765625
1563.106201171875
1271.26220703125
1398.4931640625
1193.8916015625
1184.5850830078125
1038.987548828125
1133.0589599609375
825.1383666992188
726.0178833007812
678.066650390625
735.1199951171875
495.3686218261719
458.9251708984375
374.6777038574219
352.887939453125
504.83758544921875
364.1347351074219
382.5856628417969
411.45721435546875
477.5086364746094
357.2541198730469
377.26959228515625
247.06143188476562
588.7429809570312
385.4425964355469
418.41693115234375
639.1557006835938
369.21728515625
216.85943603515625
509.6986999511719
106.29261016845703
406.6577453613281
150.0022735595703
449.1205139160156
382.34295654296875
197.5835723876953
220.26634216308594
329.1086730957031
445.92706298828125
347.96527099609375
434.7601013183594
186.91468811035156
425.6958923339844
410.5472106933594
228.6341552734375
497.43975830078125
405.0412292480469
271.7306823730469
319.6317138671875
186.5714569091797
176.63421630859375
254.90780639648438
512.7526245117188
338.62933349609375
534.9225463867188
358.9210205078125
644.4927368164062
186.03125
472.4068298339844
357.1539001464844
398.02655029296875
147.32492065429688
813.2633666992188
220.13043212890625
218.38682556152344
280.1048278808594
451.209716796875
106.367919921875
214.62445068359375
199.01568603515625
396.6823425292969
257.04144287109375
218.0226287841797
291.18212890625
279.51025390625
255.56607055664062
184.68197631835938
192.29429626464844
184.6481170654297
274.3924560546875
264.79718017578125
473.1802673339844
318.83807373046875
337.1087341308594
284.0081787109375
185.06317138671875
652.0211181640625
352.7911682128906
340.4723205566406
87.75865173339844
261.5632629394531
395.5887756347656
516.4563598632812
96.7792739868164
256.4039306640625
232.77850341796875
432.3627624511719
205.66845703125
313.6546936035156
221.41578674316406
243.0227508544922
264.8480529785156
399.9840087890625
155.27410888671875
65.8946533203125
499.0529479980469
263.1859436035156
223.42152404785156
376.492919921875
298.76593017578125
215.22789001464844
266.13641357421875
281.23760986328125
435.531982421875
287.9693298339844
365.320068359375
357.4074401855469
325.07061767578125
119.99478912353516
370.7568359375
340.08258056640625
92.93085479736328
254.8165283203125
163.63922119140625
214.06661987304688
249.85504150390625
299.1519470214844
272.74041748046875
551.48583984375
365.49468994140625
152.1253662109375
231.6892547607422
125.34281921386719
183.38941955566406
298.110595703125
139.0727081298828
234.77940368652344
319.0830383300781
162.99151611328125
409.5459289550781
363.407470703125
319.9834899902344
221.2803192138672
132.00914001464844
234.6214141845703
183.2965545654297
309.3754577636719
349.04132080078125
360.2476806640625
386.6278076171875
519.7316284179688
149.76173400878906
50.02919006347656
237.67352294921875
296.53009033203125
169.40638732910156
216.6217498779297
405.6517639160156
253.5242919921875
140.74549865722656
528.3370361328125
258.50775146484375
214.532470703125
291.45025634765625
398.7325744628906
212.354248046875
289.42584228515625
244.87147521972656
475.1855773925781
106.1094741821289
386.3216247558594
128.2122344970703
134.82318115234375
242.90550231933594
255.29046630859375
246.74432373046875
146.4244842529297
438.7965393066406
170.5142364501953
263.56951904296875
95.41437530517578
242.6815948486328
347.8433837890625
194.30703735351562
141.97613525390625
344.3137512207031
328.51568603515625
488.725341796875
224.32183837890625
213.65478515625
168.10806274414062
294.0961608886719
318.4883728027344
191.454345703125
123.87580108642578
366.8648376464844
420.1175842285156
368.7293395996094
216.35079956054688
193.40179443359375
446.2295837402344
430.07623291015625
134.0003662109375
137.0906524658203
362.5779113769531
348.66192626953125
301.50640869140625
539.60986328125
159.50982666015625
201.09922790527344
190.42332458496094
298.236083984375
153.802490234375
196.56040954589844
272.91168212890625
121.60124206542969
117.96627807617188
135.01708984375
124.46562194824219
187.15663146972656
173.27305603027344
112.13065338134766
175.0643310546875
364.1076965332031
193.08535766601562
436.4283142089844
231.55299377441406
496.0009460449219
158.9763641357422
165.7609100341797
343.10528564453125
119.35684204101562
401.09429931640625
220.72865295410156
231.6865234375
155.9239959716797
138.5218963623047
172.5080108642578
369.4967956542969
209.65965270996094
183.92117309570312
123.4004898071289
193.17495727539062
281.3412780761719
466.97869873046875
304.78656005859375
105.74519348144531
309.04010009765625
484.253662109375
214.08555603027344
96.4970703125
186.79739379882812
126.16917419433594
294.23828125
331.97259521484375
207.6205596923828
370.8951416015625
163.3904571533203
212.65708923339844
206.7916259765625
460.9248962402344
145.54820251464844
206.8317108154297
156.81227111816406
96.32042694091797
100.9988021850586
409.5043640136719
355.5227355957031
443.6068420410156
154.60650634765625
248.28675842285156
202.5867156982422
190.51239013671875
212.7706756591797
121.07282257080078
187.2089385986328
189.0173797607422
255.22207641601562
192.9622344970703
408.9371643066406
241.72715759277344
197.6066131591797
134.0507049560547
280.3708190917969
369.4317932128906
278.9505310058594
279.219970703125
160.91053771972656
170.62921142578125
195.5514373779297
159.9314422607422
383.270263671875
163.94052124023438
66.63018035888672
224.9307098388672
238.64517211914062
351.0968322753906
279.795166015625
174.27911376953125
267.09906005859375
169.96978759765625
268.34796142578125
192.47750854492188
195.76596069335938
332.7818298339844
254.5472869873047
378.4063720703125
98.6501235961914
144.6051788330078
239.81900024414062
227.58554077148438
144.07447814941406
340.54376220703125
108.41464233398438
215.55691528320312
341.1284484863281
224.7157440185547
180.51205444335938
216.6791534423828
182.163818359375
381.8448181152344
146.37486267089844
223.19735717773438
136.7498321533203
199.07611083984375
122.13333892822266
114.03604888916016
192.385986328125
161.11085510253906
214.67379760742188
230.02114868164062
210.01756286621094
151.1177978515625
203.36778259277344
218.65719604492188
391.0074768066406
163.83946228027344
293.7001647949219
176.9246063232422
292.0632019042969
204.87754821777344
119.92594909667969
249.18482971191406
292.7913513183594
190.9408416748047
243.5996856689453
92.71334838867188
297.2796325683594
303.5135192871094
278.0905456542969
209.38510131835938
157.8072967529297
129.403564453125
254.98013305664062
109.64323425292969
155.75013732910156
157.89599609375
190.21731567382812
115.63709259033203
205.9978790283203
221.0804901123047
138.1849822998047
93.67639923095703
144.5022430419922
346.0736389160156
398.586181640625
338.5938720703125
173.36227416992188
159.81405639648438
119.92579650878906
216.19345092773438
115.18634796142578
171.5255889892578
231.13555908203125
112.40989685058594
155.94895935058594
151.81866455078125
128.3550262451172
77.27078247070312
272.4249267578125
154.35243225097656
117.2511978149414
105.82929229736328
106.47093200683594
223.748291015625
330.7224426269531
158.71249389648438
153.09024047851562
175.01263427734375
204.81748962402344
208.76866149902344
295.02593994140625
145.7580108642578
253.1290740966797
361.1278991699219
136.75845336914062
135.61398315429688
205.5235137939453
265.567626953125
275.6454772949219
191.59518432617188
214.77609252929688
130.60902404785156
134.51026916503906
99.63726806640625
56.04767990112305
181.79690551757812
118.7402114868164
210.82859802246094
284.60833740234375
277.0346374511719
114.00589752197266
243.40623474121094
167.3026123046875
379.6535949707031
197.61676025390625
221.58358764648438
153.98936462402344
160.58575439453125
137.86624145507812
271.2003479003906
121.13372802734375
119.05744171142578
84.57797241210938
428.2060546875
77.12010955810547
58.08790969848633
178.22799682617188
209.3815155029297
139.9883575439453
145.4584503173828
133.287353515625
214.7819366455078
203.6768798828125
297.94012451171875
243.67474365234375
124.73225402832031
365.9561462402344
200.0115966796875
107.72750854492188
209.29095458984375
215.0834197998047
134.69032287597656
278.05072021484375
147.75048828125
227.0054931640625
259.0372619628906
271.44976806640625
192.0087890625
101.88034057617188
111.75506591796875
115.06158447265625
150.10366821289062
190.02297973632812
128.4408416748047
122.36026763916016
185.11708068847656
101.10250091552734
109.5712661743164
162.63723754882812
204.74749755859375
247.30055236816406
321.4951477050781
260.4282531738281
308.7459411621094
267.2336730957031
263.16339111328125
154.25833129882812
118.9232177734375
175.5955810546875
231.1302032470703
451.3228759765625
115.6344985961914
174.54136657714844
159.517333984375
322.34527587890625
213.68588256835938
195.46372985839844
263.5415954589844
276.2451477050781
222.02578735351562
234.19163513183594
78.04530334472656
169.77578735351562
208.6490936279297
158.56639099121094
91.94796752929688
181.20411682128906
110.5133056640625
285.4046630859375
107.37057495117188
115.07749938964844
151.0360565185547
103.5882568359375
170.5609893798828
415.1358337402344
371.2524108886719
251.410888671875
413.9493713378906
164.372314453125
187.69302368164062
228.40858459472656
185.50595092773438
105.0898666381836
96.22798919677734
123.91998291015625
211.985595703125
148.73077392578125
128.73953247070312
103.85253143310547
159.3495330810547
115.36727142333984
91.83524322509766
171.97389221191406
175.8286590576172
181.00863647460938
169.3336639404297
108.59298706054688
172.87850952148438
110.8367691040039
62.84003448486328
207.25242614746094
194.5791778564453
176.89768981933594
153.62454223632812
211.51559448242188
281.84991455078125
193.7195281982422
119.71237182617188
326.73016357421875
208.3675079345703
197.65185546875
107.34647369384766
197.17245483398438
200.55502319335938
194.38768005371094
277.5936584472656
79.2337875366211
339.5728759765625
255.13507080078125
181.26573181152344
195.41627502441406
194.1440887451172
141.5273895263672
197.8995819091797
162.51895141601562
125.81179809570312
108.91903686523438
152.97227478027344
143.9893798828125
102.24720001220703
82.03754425048828
142.5330810546875
93.0621337890625
157.00582885742188
117.76639556884766
349.62615966796875
185.8491973876953
142.23416137695312
151.986328125
194.27822875976562
160.375732421875
151.0452880859375
138.54833984375
136.0325164794922
267.2217712402344
199.413818359375
197.45889282226562
240.7705841064453
143.41912841796875
243.7772674560547
130.02037048339844
126.7793960571289
138.32064819335938
239.6414794921875
110.76656341552734
125.23307037353516
271.4425354003906
154.00408935546875
125.13816833496094
142.33900451660156
86.15103912353516
82.1462173461914
165.96591186523438
153.33615112304688
216.03041076660156
214.67044067382812
110.62333679199219
82.95421600341797
239.21542358398438
302.83966064453125
92.42137908935547
159.2183074951172
109.61277770996094
95.22183227539062
198.75706481933594
320.1246032714844
177.77908325195312
74.67594909667969
390.85906982421875
238.2732391357422
119.27696990966797
107.86494445800781
129.2918243408203
124.96251678466797
242.49708557128906
186.7573699951172
127.74097442626953
198.8916015625
188.7626495361328
178.8480987548828
237.26756286621094
96.3340835571289
131.49563598632812
88.956787109375
163.8877716064453
122.72486114501953
119.4952621459961
85.47071838378906
146.85195922851562
95.34434509277344
135.16891479492188
132.83106994628906
92.18072509765625
199.1578826904297
161.11578369140625
149.08267211914062
144.15113830566406
170.0990753173828
394.8872985839844
369.1487731933594
167.9779052734375
82.21492004394531
182.44320678710938
157.62596130371094
147.4131317138672
196.35101318359375
150.62356567382812
304.6332092285156
337.656982421875
246.55747985839844
82.42056274414062
170.69371032714844
144.529541015625
172.8356170654297
207.33596801757812
196.58145141601562
278.3429870605469
166.56399536132812
199.97474670410156
212.39553833007812
179.88099670410156
81.05509948730469
209.56808471679688
286.01312255859375
218.26498413085938
259.90948486328125
130.75621032714844
147.63243103027344
80.7751693725586
212.873291015625
251.30491638183594
173.2736358642578
127.2321548461914
96.17984008789062
91.8424301147461
79.62530517578125
157.5444793701172
198.4470672607422
159.90757751464844
154.8910675048828
196.618896484375
359.6618957519531
139.87997436523438
243.13327026367188
123.79920196533203
111.45134735107422
96.48005676269531
90.24191284179688
151.8340301513672
214.89639282226562
155.12611389160156
271.2896728515625
230.78167724609375
175.2157745361328
99.37430572509766
84.76354217529297
98.1634521484375
142.33148193359375
95.03008270263672
85.4905776977539
128.65699768066406
148.50332641601562
128.59739685058594
179.92526245117188
83.33403778076172
126.18814086914062
173.9898681640625
144.3850860595703
209.29080200195312
148.15792846679688
220.4294891357422
243.9025115966797
163.06959533691406
202.53097534179688
286.1324157714844
236.90676879882812
121.9500503540039
112.6736831665039
74.29783630371094
210.7969207763672
192.43356323242188
422.6122741699219
271.2418212890625
449.9225769042969
304.07269287109375
247.0927734375
140.1334686279297
126.33592987060547
75.34426879882812
55.72441482543945
181.9526824951172
214.2653350830078
259.28399658203125
182.30226135253906
283.1940002441406
266.4242248535156
138.7172393798828
194.56932067871094
123.79252624511719
91.69288635253906
255.43539428710938
221.32705688476562
210.26841735839844
180.87918090820312
62.21232604980469
204.1010284423828
166.653564453125
198.25897216796875
114.9014892578125
76.89327239990234
44.1567268371582
101.61085510253906
129.045654296875
172.77279663085938
75.9719009399414
97.09341430664062
61.10980224609375
161.71726989746094
138.87135314941406
91.5643539428711
121.98307037353516
92.4118881225586
237.62342834472656
167.41380310058594
93.4125747680664
140.60494995117188
106.25780487060547
70.23076629638672
115.88163757324219
142.5059356689453
208.13519287109375
83.42269134521484
82.20311737060547
69.05296325683594
168.04864501953125
84.94074249267578
165.96258544921875
283.7491760253906
127.29273223876953
74.2456283569336
76.29521179199219
109.18327331542969
260.07464599609375
118.31126403808594
208.3910369873047
40.028560638427734
167.51959228515625
156.11512756347656
143.6143035888672
165.0165557861328
127.81809997558594
102.2825698852539
384.0083923339844
71.08779907226562
102.09713745117188
126.44155883789062
210.01283264160156
123.5554428100586
107.75609588623047
215.47592163085938
118.71674346923828
145.26268005371094
121.6955795288086
120.09878540039062
173.05657958984375
131.80104064941406
103.0564193725586
41.77617263793945
63.61486053466797
141.8527374267578
150.0491180419922
127.97484588623047
107.90470886230469
211.34092712402344
83.45475006103516
148.7935028076172
269.2717590332031
150.83653259277344
40.1235466003418
172.16946411132812
177.4871368408203
212.4405517578125
154.00900268554688
141.53355407714844
66.3644790649414
192.09927368164062
81.37772369384766
143.1304168701172
110.3275146484375
91.43323516845703
54.793006896972656
103.4093017578125
166.8368377685547
87.52037048339844
112.36976623535156
133.61814880371094
110.56707763671875
132.32901000976562
87.54170227050781
123.00685119628906
105.3824462890625
147.46702575683594
83.27330780029297
169.37086486816406
318.64739990234375
301.26495361328125
324.57501220703125
83.24391174316406
53.42371368408203
118.0538558959961
159.35708618164062
248.1210174560547
97.16968536376953
137.53929138183594
171.1013641357422
62.97590255737305
78.76065063476562
143.6363983154297
142.85934448242188
235.76666259765625
185.67848205566406
111.52031707763672
107.8302993774414
113.19546508789062
78.69417572021484
113.21137237548828
126.86254119873047
109.92015838623047
139.98919677734375
226.82131958007812
162.42184448242188
95.62242889404297
119.11576843261719
100.24235534667969
73.21249389648438
57.52238082885742
272.4066162109375
87.04138946533203
76.84294128417969
212.6629180908203
337.8819580078125
208.56202697753906
205.87461853027344
94.61109924316406
145.2935028076172
154.74180603027344
82.5340576171875
284.744140625
202.41470336914062
278.72088623046875
330.6779479980469
248.96484375
93.71424102783203
239.63198852539062
105.34483337402344
348.6037902832031
306.62640380859375
472.913330078125
300.5824279785156
373.2127685546875
91.20582580566406
169.3802947998047
91.65084838867188
73.82520294189453
172.66383361816406
163.7510986328125
227.13693237304688
122.4470443725586
176.13502502441406
98.40522003173828
73.4644546508789
82.64228057861328
92.0626449584961
184.74520874023438
126.24010467529297
83.66240692138672
113.03471374511719
73.99543762207031
119.7374267578125
154.09507751464844
182.3573455810547
84.14598083496094
175.02334594726562
182.65968322753906
178.8370819091797
118.79864501953125
51.721832275390625
161.6172637939453
195.4853973388672
203.834716796875
183.80523681640625
155.97686767578125
244.8517303466797
487.104736328125
376.1589660644531
145.320068359375
107.02001190185547
162.59764099121094
69.96305084228516
111.5146713256836
215.878662109375
79.28839874267578
114.23275756835938
174.08724975585938
117.2421646118164
163.1399383544922
68.28909301757812
153.9162139892578
127.95297241210938
105.78963470458984
96.60643005371094
51.42439651489258
87.76109313964844
104.64610290527344
144.51795959472656
77.161376953125
85.54939270019531
105.34700012207031
124.38723754882812
260.8738708496094
80.93058776855469
93.50342559814453
139.46629333496094
77.21829223632812
105.07083892822266
154.2797393798828
283.2076110839844
257.80450439453125
407.5215148925781
161.7784881591797
262.0660400390625
254.63638305664062
211.1259307861328
45.214542388916016
143.3129425048828
126.5657730102539
221.21310424804688
172.53945922851562
235.41995239257812
118.8762435913086
455.3485412597656
163.10061645507812
129.64549255371094
201.20526123046875
168.87435913085938
72.65404510498047
116.54690551757812
67.71061706542969
65.90035247802734
116.76026916503906
313.2701110839844
248.48809814453125
309.6331787109375
165.3848114013672
76.8891830444336
67.51303100585938
174.8374786376953
208.91217041015625
154.56101989746094
226.5835723876953
121.5311050415039
230.23428344726562
83.14950561523438
166.11599731445312
106.9603500366211
133.38677978515625
69.81702423095703
188.72608947753906
49.829429626464844
349.9346618652344
103.52677154541016
105.28932189941406
342.12060546875
148.57997131347656
227.7962646484375
126.58399200439453
43.102325439453125
220.4578094482422
249.0020751953125
240.9966583251953
282.8422546386719
72.23274993896484
174.9910125732422
129.52487182617188
124.6771011352539
103.34014129638672
120.01758575439453
157.21786499023438
108.94855499267578
128.56192016601562
147.93064880371094
142.93096923828125
232.6494140625
87.72222900390625
71.12848663330078
154.29530334472656
209.04244995117188
82.1761703491211
128.35084533691406
89.07384490966797
62.13629150390625
61.6017951965332
205.22657775878906
65.7950210571289
152.11883544921875
110.25948333740234
199.80101013183594
95.58702087402344
98.07694244384766
149.259521484375
160.41143798828125
167.70953369140625
208.41946411132812
117.51416778564453
52.88178634643555
64.19277954101562
92.98993682861328
163.78834533691406
216.90444946289062
196.37937927246094
122.22663116455078
144.49264526367188
57.865169525146484
75.50314331054688
64.88713073730469
119.5743179321289
44.9081916809082
152.8994598388672
187.58641052246094
90.12117767333984
266.8896789550781
45.431636810302734
76.89285278320312
39.92149353027344
78.96332550048828
162.39956665039062
65.32283020019531
221.47799682617188
137.87857055664062
105.35414123535156
73.29911804199219
93.84527587890625
168.88058471679688
127.91779327392578
120.43793487548828
148.09649658203125
119.94320678710938
85.76852416992188
111.0578842163086
104.14398193359375
160.56553649902344
221.11456298828125
153.27291870117188
135.03916931152344
82.90995788574219
112.31311798095703
67.79954528808594
87.52686309814453
247.38380432128906
89.08810424804688
233.94297790527344
254.389892578125
160.3865966796875
75.93634033203125
118.53684997558594
142.4881134033203
61.98019027709961
228.18035888671875
133.93165588378906
32.82319259643555
157.41226196289062
289.1527404785156
122.70779418945312
110.77156066894531
125.52534484863281
102.3279037475586
129.5273895263672
184.03785705566406
175.2950897216797
49.941749572753906
68.41558074951172
112.27688598632812
74.3206558227539
121.77950286865234
96.16239166259766
108.49092102050781
131.7154998779297
129.03196716308594
36.68290710449219
105.01028442382812
70.91314697265625
56.755367279052734
95.4289779663086
116.0496597290039
103.08439636230469
79.96015167236328
89.89859008789062
94.43180847167969
117.18236541748047
81.67440795898438
97.1716079711914
56.248626708984375
78.09090423583984
79.84294891357422
58.916961669921875
135.9187774658203
70.64418029785156
114.9609146118164
90.6145248413086
71.5336685180664
54.00672149658203
31.650739669799805
111.7476806640625
143.8537139892578
160.75479125976562
285.4850158691406
168.6823272705078
173.4752655029297
148.26527404785156
94.6023178100586
159.2838897705078
90.525634765625
93.40481567382812
111.92277526855469
100.78685760498047
169.76171875
277.03387451171875
118.82059478759766
118.5572509765625
104.36428833007812
122.21768951416016
64.48152160644531
118.87950134277344
289.4117126464844
76.2011947631836
59.709877014160156
82.11747741699219
90.48812103271484
74.7123031616211
254.68716430664062
113.11592102050781
104.89922332763672
104.4911880493164
50.56910705566406
153.3266143798828
123.3829116821289
102.97348022460938
198.63795471191406
103.0771713256836
79.45502471923828
53.3890266418457
154.0991668701172
234.78285217285156
65.27967071533203
79.9572525024414
98.4498519897461
165.28326416015625
165.24072265625
91.8021011352539
72.22383117675781
78.10871124267578
151.3982391357422
76.96123504638672
76.93894958496094
187.52272033691406
61.16468811035156
41.317237854003906
110.34616088867188
63.77579879760742
95.99666595458984
130.21575927734375
172.6499786376953
138.76499938964844
162.95974731445312
112.28413391113281
83.1593017578125
122.98353576660156
59.98647689819336
59.96604919433594
204.48605346679688
63.2407341003418
208.83807373046875
85.00605773925781
114.20165252685547
64.32766723632812
132.5384979248047
61.851200103759766
93.78024291992188
67.68340301513672
59.7503662109375
173.38629150390625
104.41619873046875
76.96874237060547
51.83769607543945
103.50544738769531
183.16836547851562
160.24327087402344
128.9356689453125
118.0398941040039
49.57760238647461
125.48927307128906
152.12547302246094
114.39569091796875
257.2886657714844
181.92393493652344
84.44951629638672
83.9896469116211
112.81099700927734
145.63491821289062
154.7153778076172
89.7911376953125
103.74200439453125
94.3075942993164
103.33797454833984
121.5122299194336
66.91307830810547
73.42443084716797
71.72117614746094
268.1119079589844
126.38826751708984
171.51406860351562
159.54832458496094
198.92141723632812
219.31747436523438
165.4977569580078
201.64064025878906
112.74752044677734
76.617919921875
87.64111328125
63.149959564208984
107.91698455810547
94.45683288574219
179.53076171875
112.97061157226562
60.08320236206055
64.86580657958984
250.53529357910156
176.04197692871094
85.35509490966797
57.275699615478516
206.72244262695312
120.7866439819336
229.84552001953125
43.376121520996094
95.5260238647461
131.0908660888672
167.1197052001953
121.06732940673828
109.51741790771484
95.94853210449219
51.51618957519531
56.67524719238281
286.9917907714844
126.45684814453125
237.047607421875
57.02548599243164
282.87579345703125
128.0448455810547
36.00237274169922
187.8452911376953
140.4634552001953
133.54397583007812
141.12123107910156
123.04700469970703
58.33952713012695
185.0839385986328
64.72989654541016
266.98907470703125
159.02073669433594
84.64356994628906
35.79465866088867
87.72669219970703
176.01902770996094
64.84925079345703
68.6119155883789
81.0023422241211
67.12422943115234
180.7190704345703
121.21424102783203
71.33700561523438
39.698177337646484
70.27147674560547
150.68865966796875
72.25719451904297
121.82061004638672
48.57918167114258
170.85165405273438
253.6588897705078
91.8753433227539
155.72445678710938
60.823604583740234
104.27327728271484
52.28316879272461
82.23965454101562
104.09515380859375
77.62202453613281
65.6573486328125
162.39794921875
92.38359069824219
177.81825256347656
115.69127655029297
102.96070098876953
142.36317443847656
73.72962951660156
128.30230712890625
69.962646484375
139.24156188964844
70.64659118652344
114.68437957763672
46.95652389526367
169.77845764160156
146.5157928466797
53.2076530456543
126.21049499511719
206.29103088378906
316.35162353515625
195.40008544921875
126.74076843261719
27.24497413635254
77.68640899658203
84.46502685546875
110.2425537109375
53.705810546875
71.51280975341797
81.3852310180664
62.61314392089844
155.6184844970703
148.02667236328125
71.19495391845703
89.81436920166016
50.49917984008789
80.35592651367188
97.47872161865234
112.02973175048828
29.0804500579834
78.93213653564453
80.4338607788086
105.45513916015625
121.53459930419922
122.29854583740234
186.17385864257812
97.03226470947266
58.09231185913086
136.57391357421875
68.68753051757812
152.96224975585938
141.48841857910156
78.68171691894531
83.18742370605469
66.67588806152344
131.3480224609375
317.7933044433594
76.45950317382812
116.38806915283203
56.80544662475586
113.49586486816406
161.86410522460938
55.38277053833008
43.23677062988281
84.6773910522461
91.73772430419922
23.4224853515625
74.31280517578125
64.70662689208984
97.81319427490234
89.25508117675781
39.026851654052734
69.94172668457031
95.92573547363281
209.5160675048828
64.52044677734375
66.68260192871094
155.14773559570312
119.03508758544922
43.669498443603516
69.7664566040039
198.27430725097656
117.6364517211914
141.87240600585938
107.53303527832031
107.16259002685547
52.273826599121094
48.2509765625
104.29940032958984
197.726318359375
45.244022369384766
193.2621307373047
138.45004272460938
171.93698120117188
103.2165298461914
147.13209533691406
85.47184753417969
103.1868667602539
51.61274719238281
75.98655700683594
86.53071594238281
202.74154663085938
53.3602294921875
90.1543960571289
131.64476013183594
111.2668685913086
247.87042236328125
152.5426025390625
72.93280029296875
326.9146728515625
129.19837951660156
172.21319580078125
146.24212646484375
63.33687210083008
57.33878707885742
93.64002990722656
71.95878601074219
53.74370574951172
161.4657440185547
77.91644287109375
123.29894256591797
88.58257293701172
26.64362907409668
47.514747619628906
43.72038269042969
137.3580780029297
130.232421875
60.81996536254883
214.6168670654297
141.43385314941406
185.64773559570312
82.98665618896484
205.92576599121094
28.405323028564453
109.59693908691406
83.05653381347656
74.77352905273438
132.43882751464844
152.2653350830078
83.74452209472656
112.51364135742188
70.11824798583984
141.8192596435547
143.43292236328125
120.22994995117188
61.216609954833984
127.90679931640625
101.19631958007812
111.65216827392578
50.24226379394531
79.23030090332031
141.7622833251953
130.02503967285156
125.75419616699219
195.0425567626953
56.20279312133789
69.67445373535156
88.07465362548828
59.8835334777832
88.65371704101562
51.78514099121094
96.01070404052734
74.73643493652344
157.72836303710938
161.02200317382812
66.38971710205078
54.78015899658203
74.80342102050781
76.0132827758789
79.28032684326172
68.19722747802734
95.55551147460938
161.17514038085938
63.914642333984375
98.08651733398438
172.0798797607422
47.67860794067383
100.8824462890625
227.5531768798828
188.532470703125
89.60963439941406
149.17868041992188
43.363685607910156
66.0044937133789
72.78820037841797
73.13114166259766
127.88562774658203
82.32986450195312
125.66476440429688
84.95315551757812
81.77596282958984
99.7785415649414
193.0194549560547
82.30239868164062
107.65071105957031
56.46468734741211
72.62879180908203
50.13947296142578
75.29580688476562
52.169891357421875
408.9072570800781
102.2315444946289
64.84233856201172
49.10787582397461
88.49687957763672
45.7082405090332
79.78229522705078
195.80381774902344
75.43274688720703
184.57232666015625
133.09796142578125
75.61975860595703
94.28887176513672
64.92993927001953
188.64601135253906
173.64183044433594
86.83068084716797
51.36421203613281
71.79550170898438
115.87521362304688
79.9466323852539
139.9757080078125
97.80496978759766
82.35523223876953
86.46739196777344
76.0620346069336
134.8771209716797
174.50466918945312
57.465885162353516
87.82551574707031
43.98906707763672
145.28807067871094
187.50526428222656
121.53553771972656
214.2723388671875
232.01919555664062
49.553470611572266
218.27883911132812
233.8277587890625
150.623291015625
114.67877960205078
153.40428161621094
63.45539474487305
203.52447509765625
149.1204376220703
139.32052612304688
117.87619018554688
94.80387115478516
65.27457427978516
105.86512756347656
46.046730041503906
136.1881866455078
107.21538543701172
108.80740356445312
19.011350631713867
97.51734924316406
147.7002410888672
69.4939193725586
50.232688903808594
91.49308013916016
149.5090789794922
167.86326599121094
103.64680480957031
127.38565063476562
52.692405700683594
49.01979446411133
130.4969940185547
64.85012817382812
56.870792388916016
58.919403076171875
123.36727905273438
105.59500885009766
144.2943115234375
57.81635665893555
110.96997833251953
84.85269927978516
126.97610473632812
54.1212043762207
164.465576171875
124.2071762084961
49.339908599853516
96.56710052490234
63.4236946105957
94.72825622558594
57.62939453125
296.00341796875
120.39653015136719
54.00803756713867
84.01869201660156
64.93742370605469
195.07203674316406
85.1209945678711
90.11186981201172
56.39651870727539
102.40253448486328
69.17208862304688
75.1895751953125
95.41852569580078
116.4268569946289
109.3815689086914
60.910789489746094
57.859886169433594
111.17646026611328
118.70293426513672
100.85558319091797
116.19943237304688
99.29390716552734
53.90907287597656
156.07371520996094
167.46319580078125
97.945556640625
208.1927032470703
95.08124542236328
159.5003662109375
109.79927825927734
82.92561340332031
198.7537841796875
117.6463623046875
72.33226776123047
105.7821044921875
110.64812469482422
134.9614715576172
170.0859375
48.744632720947266
155.1732940673828
148.7039794921875
156.8528289794922
59.04863739013672
121.67626953125
120.40555572509766
102.5703353881836
89.02887725830078
65.76203918457031
97.28479766845703
106.19268035888672
106.22004699707031
72.98321533203125
82.83204650878906
101.4668960571289
224.91522216796875
83.4874038696289
123.85282897949219
87.98858642578125
136.3951416015625
91.70360565185547
79.5750961303711
120.13626098632812
104.81724548339844
99.17386627197266
91.60881042480469
117.78230285644531
65.42084503173828
163.02386474609375
84.23529815673828
138.5527801513672
59.40518569946289
103.5371322631836
20.870830535888672
88.9635009765625
152.7186279296875
144.55023193359375
133.08985900878906
110.21465301513672
119.37843322753906
77.1312484741211
70.254150390625
84.50261688232422
133.97030639648438
176.23692321777344
131.30430603027344
142.28466796875
24.446340560913086
85.34230041503906
163.89649963378906
38.24406814575195
21.028982162475586
78.11402130126953
55.90047836303711
129.00177001953125
131.8350830078125
120.5419921875
112.15397644042969
121.9135513305664
45.462581634521484
17.861644744873047
39.55371856689453
104.60218811035156
99.45397186279297
98.9772720336914
59.12211608886719
110.62175750732422
93.1102523803711
52.86650466918945
150.22898864746094
141.0316619873047
95.86314392089844
105.97663116455078
74.30464935302734
189.05621337890625
58.74864196777344
71.99689483642578
85.35633087158203
51.91401290893555
75.86051940917969
71.05512237548828
99.0735092163086
189.3474578857422
46.251304626464844
77.31124114990234
142.54347229003906
45.193115234375
37.6548957824707
39.58088684082031
96.3609619140625
205.82870483398438
96.61627960205078
109.08435821533203
186.8155975341797
139.1590576171875
149.9827880859375
166.32232666015625
115.5501480102539
118.12236785888672
73.95195007324219
23.002975463867188
78.40564727783203
49.54634094238281
112.08377838134766
111.45158386230469
75.84468078613281
64.66057586669922
90.17257690429688
60.563716888427734
303.1297302246094
281.1009216308594
