211.3004150390625
220.8111114501953
223.31019592285156
261.1799621582031
302.6461486816406
272.5511779785156
236.17738342285156
283.0462951660156
263.9584655761719
256.5023193359375
288.7036437988281
282.47344970703125
283.3621520996094
241.388671875
234.16644287109375
295.77691650390625
248.0020751953125
286.9300231933594
258.628662109375
284.43939208984375
250.91015625
286.2431945800781
308.57110595703125
252.17832946777344
270.8183288574219
283.07965087890625
277.2458190917969
288.92999267578125
221.03012084960938
292.9547119140625
282.2461242675781
244.4856719970703
275.16302490234375
275.5418701171875
183.65179443359375
285.9582214355469
279.3494873046875
269.738525390625
278.8841857910156
254.3898468017578
250.0579833984375
306.9205017089844
276.06396484375
276.77032470703125
256.583984375
286.78564453125
252.58729553222656
279.5673828125
263.6363525390625
267.59100341796875
248.2468719482422
257.47711181640625
275.134765625
259.046142578125
257.1795959472656
263.7118225097656
275.2984313964844
305.9232482910156
259.1042175292969
292.563232421875
301.15045166015625
246.4349365234375
280.19158935546875
292.80010986328125
256.7929382324219
314.7908630371094
254.11961364746094
269.6685791015625
292.9760437011719
248.82481384277344
318.5380554199219
280.8590087890625
299.753662109375
328.20294189453125
311.76708984375
227.22097778320312
284.99493408203125
246.94056701660156
278.9503173828125
280.02850341796875
244.05589294433594
222.93511962890625
214.38320922851562
206.44813537597656
187.4297332763672
160.8721466064453
179.5567169189453
137.0514373779297
119.53205871582031
94.49418640136719
87.9430923461914
137.94985961914062
84.2963638305664
103.71021270751953
66.93517303466797
102.26437377929688
95.8800277709961
109.923828125
101.24581909179688
104.45294952392578
92.09502410888672
109.46942138671875
87.64634704589844
70.52610778808594
82.48352813720703
83.2303695678711
77.07062530517578
89.46687316894531
65.55168914794922
38.98150634765625
46.22883224487305
35.591575622558594
57.19521713256836
44.345359802246094
46.33168411254883
55.49341583251953
44.53130340576172
37.06319046020508
35.88910675048828
18.517227172851562
27.74971580505371
38.13704299926758
70.58727264404297
56.82366943359375
34.380001068115234
27.155363082885742
16.627971649169922
19.939836502075195
12.239396095275879
32.9372444152832
17.535158157348633
6.738826751708984
23.564088821411133
19.0188045501709
13.225050926208496
13.114572525024414
9.289749145507812
13.117233276367188
9.686387062072754
17.569272994995117
15.612153053283691
10.54541015625
9.45264720916748
15.125775337219238
11.830256462097168
11.149930953979492
16.966550827026367
11.057226181030273
14.203812599182129
11.035584449768066
8.822516441345215
11.93898868560791
9.529213905334473
14.609846115112305
11.496479988098145
16.426279067993164
18.619335174560547
11.73361587524414
4.909919261932373
8.9511137008667
11.552284240722656
6.652489185333252
12.2778959274292
11.440753936767578
16.97298812866211
15.35056209564209
10.467089653015137
9.932793617248535
18.332223892211914
9.45135498046875
11.312037467956543
11.438812255859375
5.649862289428711
18.448619842529297
16.827693939208984
11.699298858642578
18.835081100463867
9.316619873046875
12.756629943847656
14.238507270812988
5.40300178527832
16.490861892700195
13.929464340209961
12.031648635864258
15.086603164672852
9.549222946166992
8.367401123046875
8.177207946777344
9.210718154907227
18.114696502685547
8.044337272644043
12.486063003540039
8.226420402526855
7.590953350067139
12.38110065460205
8.256407737731934
5.424850940704346
11.550043106079102
15.043920516967773
10.910832405090332
9.49375057220459
11.06775188446045
8.47210693359375
18.122549057006836
9.556534767150879
7.763854503631592
7.623913764953613
5.644230842590332
5.83834981918335
7.061026573181152
12.076233863830566
7.795217514038086
6.638896465301514
5.0940399169921875
13.5945405960083
15.27246379852295
11.276298522949219
10.651638984680176
11.715497970581055
7.882877826690674
11.65221881866455
14.756620407104492
12.445513725280762
13.151657104492188
15.10468864440918
8.348827362060547
10.869653701782227
7.551882743835449
12.749228477478027
13.256876945495605
7.94213342666626
14.68501091003418
11.784965515136719
6.7734527587890625
17.99824333190918
12.440757751464844
8.65316390991211
8.899385452270508
12.573578834533691
16.90488624572754
6.467992305755615
9.505209922790527
10.366713523864746
10.665640830993652
17.96321678161621
17.26095199584961
11.88706111907959
9.82168960571289
8.041221618652344
6.601469993591309
11.771718978881836
7.102532386779785
9.42238712310791
14.93462085723877
6.824717044830322
5.279317855834961
5.840229034423828
9.919426918029785
11.498204231262207
5.750591278076172
9.941665649414062
7.275582313537598
8.709367752075195
14.189179420471191
15.214444160461426
14.149904251098633
7.2321929931640625
6.731120586395264
11.860116004943848
5.902027606964111
5.9609222412109375
10.64700984954834
11.357368469238281
7.470347881317139
4.929880619049072
9.660198211669922
7.419757843017578
7.841396808624268
4.889865875244141
8.487764358520508
7.760716438293457
9.801469802856445
8.24402904510498
9.348037719726562
5.896810531616211
10.374712944030762
9.334972381591797
7.1387104988098145
8.286827087402344
6.60638952255249
8.823589324951172
6.632617473602295
7.273175239562988
6.022493362426758
5.99622917175293
5.069058895111084
4.818603515625
6.690614223480225
7.286672592163086
6.687503814697266
7.921237468719482
7.550531387329102
3.225158929824829
8.368666648864746
7.6973490715026855
6.465030670166016
6.340621471405029
8.624813079833984
11.519105911254883
8.156550407409668
7.781208515167236
8.139337539672852
16.423072814941406
9.674020767211914
4.301836013793945
5.974031925201416
6.565792083740234
7.196146011352539
8.488015174865723
6.326382160186768
9.591499328613281
9.01263427734375
6.904211521148682
8.435042381286621
10.340577125549316
7.577566146850586
8.005197525024414
8.193469047546387
6.466191291809082
14.149614334106445
7.539819240570068
4.8423333168029785
7.220075607299805
7.541414737701416
10.360361099243164
10.548847198486328
5.330837249755859
6.449045181274414
7.025393962860107
5.165063858032227
6.477980613708496
7.737973690032959
5.412630081176758
9.015249252319336
8.052700996398926
8.953304290771484
6.983850479125977
7.454493522644043
4.951601505279541
7.876175403594971
9.649662017822266
10.343439102172852
5.496047019958496
7.304511547088623
10.231704711914062
3.7014615535736084
5.847677230834961
6.704781532287598
6.3700714111328125
9.764002799987793
6.58168888092041
6.785642623901367
8.782148361206055
6.001062393188477
4.869074821472168
9.446710586547852
13.704816818237305
9.387740135192871
7.009913921356201
8.70136547088623
10.344491004943848
9.405842781066895
8.304590225219727
6.613281726837158
8.787468910217285
7.265647888183594
6.539161205291748
9.050739288330078
12.032352447509766
8.033408164978027
4.997502326965332
6.014278411865234
7.268827438354492
10.47379207611084
6.874432563781738
7.445693492889404
7.850528240203857
6.6902265548706055
5.386900901794434
6.053976058959961
8.84292984008789
9.765645980834961
5.695593357086182
10.51602840423584
10.021724700927734
11.505820274353027
6.21784782409668
7.050637722015381
5.664883613586426
9.041555404663086
6.953919410705566
8.726493835449219
9.121932983398438
12.073821067810059
9.158196449279785
7.354587554931641
8.118644714355469
5.4836297035217285
10.210653305053711
8.220321655273438
10.855533599853516
7.772375583648682
11.271671295166016
5.705471038818359
6.32427978515625
7.336669921875
6.613797664642334
5.851567268371582
9.122344970703125
10.100399017333984
4.946601867675781
10.155457496643066
5.802196502685547
5.278817653656006
7.736788272857666
9.168766021728516
7.6277666091918945
6.014042377471924
9.074657440185547
7.869100570678711
7.454303741455078
6.887939929962158
9.110546112060547
8.24334716796875
6.284500598907471
6.011898040771484
6.515172958374023
6.818869113922119
7.325689792633057
7.3270392417907715
3.6218223571777344
6.02947473526001
6.036768436431885
8.664963722229004
7.233813285827637
4.675438404083252
8.303609848022461
4.65404748916626
8.311302185058594
6.137746334075928
8.054699897766113
9.0593900680542
7.574163913726807
8.401895523071289
3.7052221298217773
11.662165641784668
10.996675491333008
8.07890510559082
11.63597583770752
10.291658401489258
8.963482856750488
12.160263061523438
10.29180908203125
7.599112510681152
9.995420455932617
9.181988716125488
9.008209228515625
6.573992729187012
8.948311805725098
9.054144859313965
6.5971999168396
8.833548545837402
9.84614372253418
8.854884147644043
6.208595275878906
4.591683387756348
8.043825149536133
5.811002731323242
7.783114910125732
7.242646217346191
4.359317779541016
7.367924690246582
7.0841898918151855
8.102713584899902
5.649069309234619
5.56921911239624
4.961266040802002
6.711816787719727
7.1560258865356445
4.574460029602051
8.568018913269043
3.47810697555542
6.594762802124023
6.001703262329102
6.1012372970581055
7.937484264373779
5.121760845184326
5.471377849578857
6.4316864013671875
6.073964595794678
4.395440101623535
4.610548973083496
3.199552059173584
5.742698669433594
6.129424095153809
6.9581618309021
4.740914344787598
6.009777545928955
7.3569464683532715
4.164029121398926
2.5767970085144043
6.68723726272583
5.97274923324585
4.306356430053711
4.054617881774902
6.653051853179932
5.286096572875977
5.044140815734863
5.487082481384277
6.80666446685791
8.431808471679688
3.8497135639190674
7.138655662536621
7.38861083984375
6.4076313972473145
8.024482727050781
4.2175612449646
4.276332855224609
4.498027801513672
4.139331817626953
4.109846591949463
5.607473850250244
6.291207313537598
8.654730796813965
5.492990493774414
4.528285503387451
2.7602550983428955
6.1569600105285645
6.504953861236572
4.816075801849365
6.413644313812256
6.65182638168335
5.397561073303223
7.4743194580078125
7.359818458557129
3.8295483589172363
5.41871452331543
3.4091389179229736
6.3841938972473145
7.747884273529053
6.576344966888428
4.506585597991943
4.033093452453613
4.334129810333252
4.92802095413208
5.587220668792725
4.402044296264648
4.213309288024902
7.7231879234313965
7.5722455978393555
5.5438361167907715
6.465072154998779
5.766509056091309
2.884721279144287
5.259209632873535
6.622859001159668
10.034537315368652
4.895841598510742
6.769333839416504
9.809816360473633
6.939808368682861
6.906970024108887
7.13826322555542
5.70540189743042
4.907441139221191
5.940557479858398
7.048406600952148
4.943078994750977
4.378176212310791
5.405386447906494
4.745584011077881
5.608410358428955
6.11470365524292
8.261611938476562
7.31423282623291
5.836955547332764
6.5320634841918945
4.304749488830566
4.722320556640625
3.692857265472412
5.310335159301758
4.074087142944336
4.421448707580566
3.7735838890075684
5.075682640075684
5.552313327789307
6.535098075866699
4.859443187713623
5.376424312591553
6.310617446899414
6.107759952545166
4.110645294189453
4.008025169372559
5.746857166290283
5.592153549194336
2.9392831325531006
6.308226585388184
7.577851295471191
3.8760128021240234
3.834242820739746
3.8236098289489746
4.942769527435303
4.369001865386963
3.555159330368042
3.6250667572021484
3.3052661418914795
3.711935043334961
4.196982383728027
4.382378101348877
3.6783273220062256
3.581568717956543
4.951508045196533
3.0805256366729736
3.9328484535217285
2.691741943359375
3.3407633304595947
4.8794379234313965
3.577538013458252
4.085737228393555
3.563049793243408
3.860753297805786
4.19965124130249
4.502676963806152
3.325310230255127
4.6383748054504395
4.164468288421631
4.272139072418213
4.767538547515869
6.277311325073242
5.546957015991211
3.5016043186187744
3.054086923599243
3.1415374279022217
2.514453172683716
3.5333967208862305
3.4732491970062256
4.424354553222656
3.6991658210754395
3.8061201572418213
4.865004062652588
4.744632720947266
5.229881763458252
4.027296543121338
5.015932559967041
5.680480480194092
2.7059898376464844
5.698354721069336
3.720393180847168
5.7929301261901855
3.4508442878723145
5.8252739906311035
5.233107566833496
4.193528652191162
4.235416412353516
3.4238414764404297
3.731135606765747
4.470766067504883
4.305109977722168
2.752446413040161
2.8534200191497803
6.04981803894043
8.077293395996094
4.428226947784424
5.661736011505127
4.559231281280518
3.502979040145874
3.591956853866577
3.8693830966949463
4.3350300788879395
4.287139892578125
3.5567281246185303
5.197260856628418
3.184107780456543
4.516896724700928
2.7912964820861816
5.864247798919678
3.922563076019287
2.737926959991455
3.8111186027526855
3.8644726276397705
3.0900964736938477
3.7313332557678223
2.5294454097747803
3.7497265338897705
2.6846485137939453
2.4735474586486816
4.628874778747559
5.202031135559082
3.56514573097229
1.3622190952301025
3.0486068725585938
5.67917013168335
3.371854305267334
4.507238388061523
2.7959446907043457
4.604732036590576
4.090974807739258
3.972923755645752
3.056668758392334
4.512973308563232
3.6056249141693115
3.7028675079345703
2.9590108394622803
1.9998712539672852
4.488318920135498
2.482820510864258
2.5960490703582764
4.83190393447876
3.615919589996338
4.4419121742248535
3.9617161750793457
4.7416768074035645
4.743365287780762
2.281604290008545
5.180376052856445
4.166018009185791
4.282783031463623
2.447218656539917
7.011041164398193
7.078732967376709
5.616323947906494
5.5665812492370605
3.8733534812927246
4.39550256729126
5.087113857269287
4.086616516113281
3.927683115005493
5.120351791381836
4.615629196166992
3.907792091369629
3.784670114517212
2.952310085296631
2.7229487895965576
4.397566795349121
4.616735935211182
4.155788898468018
3.9845237731933594
3.019604206085205
4.5998640060424805
3.2892813682556152
2.5810890197753906
2.965060234069824
4.250179290771484
3.6480631828308105
2.449103355407715
2.9301042556762695
4.126590251922607
3.966012716293335
3.1048786640167236
1.9871925115585327
3.962017774581909
3.4869914054870605
2.682271957397461
2.818692207336426
2.855907678604126
3.5407657623291016
3.0732858180999756
2.991565704345703
3.455688953399658
4.230775356292725
3.3426146507263184
2.2824456691741943
4.870548248291016
3.3771772384643555
3.6835427284240723
3.8862831592559814
4.083188533782959
3.926427125930786
2.1473500728607178
7.3870038986206055
5.595027446746826
3.038806200027466
7.081450939178467
7.151975631713867
6.597622871398926
4.240760803222656
7.089383125305176
10.463872909545898
3.4225685596466064
5.444896697998047
6.545228004455566
4.686922550201416
2.7900428771972656
4.199131965637207
5.643680095672607
3.261451244354248
4.596380233764648
3.281949996948242
3.2306902408599854
4.0792412757873535
3.9106738567352295
3.7800393104553223
3.0233800411224365
2.591262102127075
3.721555709838867
3.039280652999878
2.922605276107788
3.0468335151672363
3.7255544662475586
4.032890796661377
4.204265594482422
2.7791054248809814
2.187298059463501
5.206822395324707
3.938735008239746
2.960094451904297
3.7087795734405518
3.2402780055999756
4.899164199829102
2.408613443374634
5.316679000854492
5.542397499084473
3.5852913856506348
3.7099430561065674
5.023814678192139
4.9886932373046875
3.0517215728759766
5.198173522949219
4.896932125091553
1.8526874780654907
4.345393657684326
4.091568946838379
3.2731287479400635
2.616227149963379
1.9348154067993164
2.676313877105713
2.1944828033447266
2.1394846439361572
2.8154101371765137
2.621140241622925
2.074841022491455
3.5643136501312256
2.815239429473877
3.9231998920440674
4.984275817871094
2.368419647216797
2.027754306793213
1.9584203958511353
5.526315689086914
2.7299935817718506
2.260283946990967
2.438709020614624
2.2805898189544678
3.4054408073425293
1.8703187704086304
1.9562193155288696
3.817143201828003
2.996936082839966
2.1698238849639893
4.523404598236084
2.808459758758545
2.2232539653778076
2.6331238746643066
2.03640079498291
3.335890769958496
2.518002986907959
3.7653350830078125
3.2846806049346924
2.5310657024383545
3.165461540222168
2.937659740447998
1.901329517364502
2.364410638809204
4.50283145904541
1.860504150390625
2.873462200164795
1.725964903831482
1.7694131135940552
2.4673960208892822
2.7417922019958496
2.1860063076019287
2.1303913593292236
3.352782726287842
3.725914239883423
2.6252386569976807
3.155162811279297
2.3357107639312744
1.83723783493042
4.188797950744629
6.14630126953125
5.1197004318237305
3.6246678829193115
2.8569021224975586
6.015595436096191
6.655099868774414
5.0501604080200195
2.881225109100342
4.305501461029053
4.390293598175049
3.9579849243164062
4.574873924255371
2.7234678268432617
2.5070602893829346
2.5837557315826416
2.512601137161255
1.9758068323135376
1.213205099105835
1.6828277111053467
2.4366796016693115
3.145118474960327
3.54794979095459
2.9127554893493652
2.639531373977661
2.6283581256866455
2.3348278999328613
2.66276478767395
3.0713088512420654
2.6888954639434814
6.091760635375977
4.270020961761475
4.377368927001953
4.899603843688965
5.586052417755127
2.4625794887542725
4.600890159606934
6.20167350769043
4.2102484703063965
2.9880518913269043
3.41064715385437
4.171239852905273
2.2761309146881104
2.218207359313965
3.5858070850372314
3.024484634399414
1.8679293394088745
1.5309743881225586
3.4863014221191406
5.689628601074219
4.121192455291748
2.924670934677124
2.781846523284912
3.431262254714966
4.783955097198486
3.876303195953369
2.506955146789551
3.112790584564209
2.7175419330596924
2.200056552886963
2.1239523887634277
4.054045677185059
5.2699294090271
2.340803861618042
5.589489936828613
3.2054173946380615
3.3960928916931152
3.234778642654419
3.1436667442321777
2.069002151489258
2.9559996128082275
5.669788360595703
5.69598913192749
4.080638408660889
3.387052297592163
6.759256839752197
4.893523693084717
3.7306103706359863
3.606205701828003
4.2495341300964355
3.3573532104492188
4.572739124298096
3.6263229846954346
3.004288673400879
3.8308725357055664
3.9491024017333984
4.144033908843994
3.7288413047790527
3.7992753982543945
3.7632532119750977
3.6556081771850586
3.5439796447753906
3.5565004348754883
4.975757598876953
3.648042917251587
2.5183520317077637
3.1836585998535156
3.7566518783569336
2.640122413635254
3.711716651916504
4.2724609375
5.865905284881592
4.0703535079956055
2.4657723903656006
4.278139114379883
5.326017379760742
5.178039073944092
4.756709098815918
3.6488888263702393
1.8517855405807495
3.1606969833374023
3.1890599727630615
1.4555797576904297
3.10896372795105
1.9080766439437866
3.831071376800537
3.488396167755127
1.8206900358200073
2.6075005531311035
3.0720012187957764
3.2750134468078613
1.7814381122589111
1.74417245388031
1.8252416849136353
3.746706962585449
3.3956775665283203
3.235537528991699
2.14074969291687
2.7440602779388428
1.7210745811462402
2.7627172470092773
2.5715882778167725
3.092839479446411
1.8346576690673828
2.3056952953338623
2.553783893585205
2.669320821762085
1.8730086088180542
3.294806718826294
3.2163033485412598
2.9719743728637695
2.399603843688965
3.253408193588257
2.048309326171875
3.506819725036621
1.944908618927002
4.306657791137695
2.6945862770080566
4.1146769523620605
2.7590904235839844
2.218651056289673
2.878194570541382
3.3264882564544678
2.6710033416748047
2.717445135116577
2.727997064590454
2.0604071617126465
2.7902114391326904
2.6431939601898193
1.6907042264938354
3.1006290912628174
5.870828151702881
2.1032814979553223
2.0826210975646973
2.844857931137085
2.592921733856201
3.034933567047119
2.368582248687744
4.5000834465026855
2.793623685836792
2.76084041595459
2.3918800354003906
3.161968231201172
5.102639675140381
2.470830202102661
3.0494801998138428
2.842512845993042
3.074843406677246
1.6909998655319214
3.131986141204834
5.850561618804932
2.8278276920318604
2.7125024795532227
1.9747931957244873
1.880792260169983
3.562500476837158
5.410715103149414
2.476685047149658
2.370469808578491
2.3924760818481445
2.1501405239105225
2.274162769317627
1.2659692764282227
2.037304639816284
2.430604934692383
2.1695525646209717
3.2344162464141846
2.0888216495513916
2.3541994094848633
3.6886115074157715
1.9689898490905762
2.296496868133545
3.5474679470062256
2.3175270557403564
3.128772020339966
1.597056269645691
1.6671650409698486
3.4942164421081543
2.3698055744171143
1.866223931312561
1.610957384109497
1.6488375663757324
1.295563817024231
2.3808791637420654
1.6215124130249023
2.313631534576416
1.942565679550171
1.6088119745254517
2.004506826400757
1.2456095218658447
1.7854806184768677
1.3887901306152344
1.6140518188476562
1.3188910484313965
1.1957316398620605
1.5194976329803467
1.645965337753296
2.133465051651001
4.231265544891357
2.550863742828369
1.8253377676010132
1.5824068784713745
1.3783668279647827
1.9248322248458862
1.8116354942321777
1.4486132860183716
1.9494601488113403
1.981033205986023
1.146988034248352
1.7111514806747437
2.236842155456543
2.050779104232788
2.797839641571045
1.4510942697525024
1.6214001178741455
2.3471248149871826
1.8574451208114624
1.383531093597412
1.6203354597091675
1.3442779779434204
1.6371601819992065
1.8489302396774292
1.9229365587234497
1.6499440670013428
1.29656183719635
1.3206133842468262
1.8057760000228882
2.1412181854248047
1.4619338512420654
2.413302183151245
2.7638418674468994
1.956845998764038
1.4089096784591675
2.0845890045166016
2.1077706813812256
2.3529505729675293
3.2135672569274902
3.3381142616271973
3.358774423599243
1.9089311361312866
1.1950656175613403
1.9723871946334839
2.4957518577575684
4.083616256713867
1.5558782815933228
1.978846549987793
2.109781503677368
2.216325521469116
2.84146785736084
2.4206879138946533
2.2252604961395264
2.3026742935180664
2.4117965698242188
2.084516763687134
2.1691808700561523
1.8259397745132446
2.3699915409088135
3.9351303577423096
