18.806947708129883
17.90987205505371
17.674076080322266
18.373455047607422
18.803932189941406
17.968591690063477
17.757556915283203
15.218790054321289
18.491100311279297
17.748464584350586
18.04871368408203
17.576250076293945
17.71765899658203
18.328256607055664
18.098012924194336
17.35561752319336
17.764535903930664
17.649747848510742
14.732807159423828
17.16230583190918
17.507272720336914
17.750511169433594
17.609756469726562
17.638097763061523
17.421052932739258
16.55062484741211
13.205120086669922
18.02302360534668
16.515995025634766
16.436586380004883
16.5831241607666
16.337059020996094
16.86280059814453
17.061410903930664
16.89179229736328
16.64719581604004
16.8015193939209
16.72046661376953
16.609817504882812
16.4976863861084
16.51492691040039
12.94922924041748
16.315261840820312
15.89057445526123
16.142053604125977
16.29289436340332
16.64406967163086
16.06389045715332
14.887372016906738
15.814216613769531
15.963693618774414
15.250426292419434
15.186784744262695
15.194303512573242
15.18812084197998
15.447577476501465
15.69749641418457
15.579693794250488
15.362494468688965
15.053730010986328
14.58716106414795
14.633722305297852
15.12578010559082
14.535548210144043
14.619996070861816
15.051732063293457
14.69741439819336
14.220235824584961
14.206841468811035
14.0471773147583
14.533862113952637
14.6926851272583
11.103776931762695
13.47617244720459
13.645206451416016
13.831788063049316
13.559771537780762
13.13831615447998
11.473030090332031
13.605870246887207
13.04692268371582
13.271053314208984
13.708703994750977
11.163107872009277
10.961795806884766
13.074516296386719
13.468038558959961
12.885480880737305
13.078925132751465
13.059653282165527
13.584611892700195
12.436847686767578
12.636558532714844
12.835379600524902
13.332170486450195
10.956910133361816
13.836965560913086
12.13692569732666
12.307304382324219
12.41663646697998
13.149016380310059
12.618940353393555
12.809608459472656
12.13150691986084
12.429572105407715
12.187108039855957
11.603931427001953
13.174664497375488
12.333134651184082
13.067911148071289
12.49069595336914
13.100295066833496
12.088580131530762
12.707747459411621
12.822486877441406
11.98757553100586
12.799809455871582
12.899557113647461
12.952301025390625
12.801098823547363
11.65551471710205
12.546586036682129
12.684420585632324
11.27255916595459
12.996798515319824
12.55517578125
13.099081039428711
12.58080768585205
12.453001976013184
12.661409378051758
12.468138694763184
12.170241355895996
12.04643726348877
11.76301097869873
12.088543891906738
11.943172454833984
12.260509490966797
12.522939682006836
12.876262664794922
10.841475486755371
12.389351844787598
12.001124382019043
10.801177978515625
12.86137580871582
11.907459259033203
12.87050724029541
12.674321174621582
12.501161575317383
12.488436698913574
12.775083541870117
12.192432403564453
12.484610557556152
13.11390209197998
12.939882278442383
12.578909873962402
12.396653175354004
12.711355209350586
12.958656311035156
12.361051559448242
12.000100135803223
12.882457733154297
12.389191627502441
13.645503044128418
12.213817596435547
13.05043888092041
12.386344909667969
12.35724925994873
12.436671257019043
12.20632553100586
12.540155410766602
12.93885612487793
12.726312637329102
12.429183959960938
12.737602233886719
12.055871963500977
12.656694412231445
12.23642349243164
10.780280113220215
12.642135620117188
13.05205249786377
12.63521671295166
12.114205360412598
12.206522941589355
13.167574882507324
12.241393089294434
12.374638557434082
12.188448905944824
12.500959396362305
9.230119705200195
12.800105094909668
12.989826202392578
12.873093605041504
11.9461030960083
12.804609298706055
10.39306926727295
13.202001571655273
12.880802154541016
12.507270812988281
12.432374954223633
10.964920997619629
12.274168968200684
12.50438404083252
12.168476104736328
12.445819854736328
11.730551719665527
12.311115264892578
11.15965461730957
13.034241676330566
12.664506912231445
12.439891815185547
12.509961128234863
12.866732597351074
12.999282836914062
12.345722198486328
12.517972946166992
12.055723190307617
11.919890403747559
12.411107063293457
13.109405517578125
13.399574279785156
12.04875659942627
12.915246963500977
12.350358963012695
12.833386421203613
12.706589698791504
12.618964195251465
12.83405590057373
12.3743314743042
12.020642280578613
12.228646278381348
12.141654014587402
12.584577560424805
12.557114601135254
12.818869590759277
13.389681816101074
12.852778434753418
12.762913703918457
12.558199882507324
12.336222648620605
12.464876174926758
13.207807540893555
12.141592025756836
12.770187377929688
12.634636878967285
13.123157501220703
12.506056785583496
12.52478313446045
12.329198837280273
12.486506462097168
11.770177841186523
12.328734397888184
12.112037658691406
12.948092460632324
12.739592552185059
11.92929744720459
12.077103614807129
12.522916793823242
12.852056503295898
12.963831901550293
12.367608070373535
12.373892784118652
12.946778297424316
12.551665306091309
11.971587181091309
12.323075294494629
12.139137268066406
12.286078453063965
11.939502716064453
11.63662052154541
11.667393684387207
12.226544380187988
12.548063278198242
13.090243339538574
12.845866203308105
12.261560440063477
11.855299949645996
12.166525840759277
10.35515022277832
12.700794219970703
11.3954439163208
12.593772888183594
12.377359390258789
12.498212814331055
12.634269714355469
11.9952392578125
12.949381828308105
10.672216415405273
12.655680656433105
12.712924003601074
12.048300743103027
12.497753143310547
12.532100677490234
12.764588356018066
12.290233612060547
12.794976234436035
13.074670791625977
13.107125282287598
13.225534439086914
12.694623947143555
12.433050155639648
12.456063270568848
12.268733024597168
12.363056182861328
12.468289375305176
10.71750545501709
11.835745811462402
12.544245719909668
13.030426979064941
12.322952270507812
13.113815307617188
11.977179527282715
12.6797513961792
11.122017860412598
12.019423484802246
10.60801887512207
11.263544082641602
12.273926734924316
12.519282341003418
12.26159954071045
12.283267974853516
12.044191360473633
11.061149597167969
12.305630683898926
12.318140029907227
12.299514770507812
12.136515617370605
12.535743713378906
12.170650482177734
12.654810905456543
12.546552658081055
12.36310863494873
12.542943954467773
12.28986644744873
12.872533798217773
12.582292556762695
12.314717292785645
12.264825820922852
12.501799583435059
12.564133644104004
11.901419639587402
13.03818416595459
12.389108657836914
12.586943626403809
12.075735092163086
11.802350997924805
12.225831031799316
12.663558006286621
12.744893074035645
11.728128433227539
12.153960227966309
12.571425437927246
10.83863353729248
12.109440803527832
12.384053230285645
12.43200397491455
12.314082145690918
12.324565887451172
12.936738014221191
12.158836364746094
12.293764114379883
10.397209167480469
12.142762184143066
12.25542163848877
12.25929069519043
11.662199020385742
13.123738288879395
13.131950378417969
12.13863754272461
11.585515022277832
12.510096549987793
12.682611465454102
12.1592378616333
12.146249771118164
11.919490814208984
11.549711227416992
12.400670051574707
13.041472434997559
11.63986587524414
11.872322082519531
12.99231243133545
12.795756340026855
12.763084411621094
12.869903564453125
12.596643447875977
12.283341407775879
11.923663139343262
12.306197166442871
12.08788776397705
12.557642936706543
12.037544250488281
12.277571678161621
12.426913261413574
12.151223182678223
11.779458045959473
12.580841064453125
11.868451118469238
11.737316131591797
12.180292129516602
12.870895385742188
12.6648530960083
12.19234561920166
11.871735572814941
11.926090240478516
12.800702095031738
11.859186172485352
11.893875122070312
12.630712509155273
12.107904434204102
12.597489356994629
12.160109519958496
11.814248085021973
11.650951385498047
11.742475509643555
12.43563461303711
12.794774055480957
11.898316383361816
12.3785400390625
12.237606048583984
12.22802448272705
12.06356143951416
11.057011604309082
12.680498123168945
12.409951210021973
12.650405883789062
10.730807304382324
12.342567443847656
12.255293846130371
11.981247901916504
11.952113151550293
12.490778923034668
12.83318042755127
12.129215240478516
12.680937767028809
12.00378704071045
12.622357368469238
12.42378044128418
12.042317390441895
12.486623764038086
12.227686882019043
12.773016929626465
10.415294647216797
11.885194778442383
12.612613677978516
12.684436798095703
10.311732292175293
12.505053520202637
12.17702579498291
12.261707305908203
12.390706062316895
11.643290519714355
12.294023513793945
12.86631965637207
12.215846061706543
11.266683578491211
12.644318580627441
10.886794090270996
11.852205276489258
12.43851089477539
12.392073631286621
12.393280982971191
12.209785461425781
12.273188591003418
12.01226806640625
12.18196964263916
12.023002624511719
12.79558277130127
12.047365188598633
12.52842903137207
11.808676719665527
10.700825691223145
12.118690490722656
12.535001754760742
12.851960182189941
12.516100883483887
11.226481437683105
9.953036308288574
11.645853042602539
12.586671829223633
12.282941818237305
12.099719047546387
10.38974666595459
12.204837799072266
12.019827842712402
12.258788108825684
10.656184196472168
12.135696411132812
12.331027030944824
12.237985610961914
11.97536849975586
12.37543773651123
12.766580581665039
12.176379203796387
12.650129318237305
12.695904731750488
11.45057201385498
12.046945571899414
12.506092071533203
12.14958381652832
11.849410057067871
12.466012954711914
12.416793823242188
12.434908866882324
12.536788940429688
12.027615547180176
12.75610637664795
11.524430274963379
12.0550537109375
11.91341495513916
12.240861892700195
12.777017593383789
12.8138427734375
11.914199829101562
11.962961196899414
12.483190536499023
12.42900276184082
12.01928997039795
11.32714557647705
11.571619987487793
11.655152320861816
12.429617881774902
13.007925987243652
11.982626914978027
11.770249366760254
12.165847778320312
11.677573204040527
11.854193687438965
12.029302597045898
12.210822105407715
12.18635368347168
12.971991539001465
11.8975248336792
12.396736145019531
11.802367210388184
11.894831657409668
12.319560050964355
10.393657684326172
12.830291748046875
12.050551414489746
12.636151313781738
11.588748931884766
11.420548439025879
12.693690299987793
10.449463844299316
12.081809997558594
11.043813705444336
11.437093734741211
12.076730728149414
11.636871337890625
11.895151138305664
12.545137405395508
11.996244430541992
11.742328643798828
12.570918083190918
11.951080322265625
12.721283912658691
12.30609130859375
12.59978199005127
12.432210922241211
12.572210311889648
12.552652359008789
12.066113471984863
10.71880054473877
12.58901309967041
11.659891128540039
11.432862281799316
12.467403411865234
11.879274368286133
12.401308059692383
12.250555992126465
12.453202247619629
11.932340621948242
12.59303092956543
12.782638549804688
13.153111457824707
11.767964363098145
12.311705589294434
11.968240737915039
12.189373016357422
11.367596626281738
12.345989227294922
12.108418464660645
10.516173362731934
12.483316421508789
11.582499504089355
12.740967750549316
12.547721862792969
11.660407066345215
11.466647148132324
11.727341651916504
12.0614595413208
12.062848091125488
11.753253936767578
12.259499549865723
12.25245475769043
12.531925201416016
12.066826820373535
12.065073013305664
12.600253105163574
12.409322738647461
11.631620407104492
12.343998908996582
12.548474311828613
12.558714866638184
11.97469425201416
12.227981567382812
11.865142822265625
12.334098815917969
12.170665740966797
12.587486267089844
12.550328254699707
11.738859176635742
12.411062240600586
12.256714820861816
11.760805130004883
12.806975364685059
12.019930839538574
12.602982521057129
13.289168357849121
12.151049613952637
11.803959846496582
11.945530891418457
12.200782775878906
12.028510093688965
12.335688591003418
12.419288635253906
12.64482593536377
12.661580085754395
11.046049118041992
12.493511199951172
12.378811836242676
12.639636993408203
11.488862991333008
11.863107681274414
10.179422378540039
12.391502380371094
12.684325218200684
12.339102745056152
12.23721694946289
12.418289184570312
12.387237548828125
11.676502227783203
11.960165023803711
12.445096969604492
11.90882682800293
11.561508178710938
12.383841514587402
12.181952476501465
12.159037590026855
11.43570613861084
11.625578880310059
12.204477310180664
12.286409378051758
12.809855461120605
12.518001556396484
12.270621299743652
12.839900016784668
12.53166389465332
12.160141944885254
12.462895393371582
11.504953384399414
11.888236999511719
12.458612442016602
11.58515453338623
12.18704605102539
12.23668384552002
12.061885833740234
12.13890266418457
12.427734375
11.981815338134766
12.416655540466309
11.892684936523438
11.627887725830078
12.559382438659668
12.202858924865723
12.351018905639648
12.533832550048828
12.806164741516113
11.60002326965332
11.550469398498535
12.70174789428711
12.670217514038086
11.92249584197998
11.484394073486328
12.139942169189453
12.012495994567871
12.324345588684082
12.16581916809082
11.659141540527344
11.491089820861816
11.952609062194824
12.519046783447266
11.756087303161621
12.421761512756348
11.969137191772461
11.744402885437012
12.764759063720703
12.129042625427246
9.961840629577637
10.717467308044434
11.71764850616455
12.461516380310059
12.250144958496094
11.761138916015625
11.950904846191406
13.010411262512207
11.603767395019531
11.906479835510254
12.344325065612793
11.8422212600708
11.601716995239258
12.358699798583984
12.071632385253906
12.025275230407715
12.435538291931152
11.511700630187988
11.979937553405762
11.6571626663208
12.8385591506958
12.708680152893066
10.260090827941895
12.273385047912598
12.405608177185059
12.879384994506836
11.634374618530273
12.078667640686035
11.962211608886719
12.083047866821289
11.388175010681152
12.66964054107666
11.867375373840332
12.660233497619629
12.007049560546875
11.866759300231934
10.310567855834961
11.477498054504395
12.117444038391113
12.952214241027832
12.3738374710083
12.064023971557617
11.977953910827637
12.299538612365723
12.188333511352539
12.193483352661133
12.672687530517578
12.082881927490234
11.974365234375
10.758742332458496
12.581132888793945
11.837862968444824
12.419026374816895
12.190320014953613
11.928651809692383
11.653053283691406
12.452802658081055
12.687936782836914
12.176493644714355
11.878199577331543
12.66739273071289
12.080389976501465
12.292545318603516
11.545820236206055
12.301188468933105
10.051064491271973
12.248051643371582
10.309234619140625
12.017373085021973
11.853012084960938
11.796977043151855
12.629076957702637
12.397604942321777
12.444029808044434
12.179546356201172
11.411331176757812
12.177447319030762
12.599064826965332
11.691704750061035
12.524495124816895
12.524274826049805
12.262505531311035
11.907476425170898
11.964776992797852
12.2304048538208
11.22230339050293
11.271217346191406
12.6288423538208
12.694875717163086
12.714284896850586
11.568373680114746
12.668360710144043
12.22097396850586
12.113689422607422
12.331857681274414
11.066521644592285
12.249862670898438
12.468555450439453
12.660395622253418
12.395028114318848
11.630501747131348
10.710254669189453
12.621028900146484
12.233647346496582
12.069425582885742
12.0870943069458
12.643498420715332
12.135015487670898
12.76522159576416
12.062788963317871
12.782246589660645
12.39921760559082
11.790369033813477
12.259915351867676
11.902129173278809
12.423219680786133
12.578874588012695
11.892565727233887
11.529427528381348
12.124369621276855
11.811417579650879
12.452204704284668
12.213706016540527
11.999211311340332
12.249032020568848
11.722923278808594
10.514982223510742
12.387826919555664
12.132955551147461
12.714960098266602
11.928793907165527
12.075114250183105
12.639323234558105
12.415284156799316
11.94417667388916
12.53706169128418
12.193839073181152
11.773477554321289
12.03469181060791
12.000654220581055
12.472951889038086
11.737112045288086
12.49648380279541
12.50556755065918
10.650331497192383
11.849310874938965
12.511946678161621
12.515495300292969
12.044554710388184
11.619028091430664
11.959650039672852
12.155608177185059
10.923538208007812
12.12414264678955
12.089319229125977
10.763260841369629
12.810746192932129
12.111357688903809
12.524943351745605
10.674824714660645
11.790820121765137
12.524101257324219
12.19620132446289
12.600196838378906
12.133261680603027
11.754011154174805
12.10460376739502
12.126110076904297
11.923613548278809
10.746403694152832
12.394681930541992
12.149431228637695
10.742015838623047
11.84290885925293
12.239503860473633
12.369952201843262
11.32433032989502
12.34912109375
12.573883056640625
12.057494163513184
12.165034294128418
12.448500633239746
11.84721851348877
12.734480857849121
11.409671783447266
12.125984191894531
10.991005897521973
12.22757339477539
12.263935089111328
11.573147773742676
12.183838844299316
11.997345924377441
11.874797821044922
12.454004287719727
11.874422073364258
11.769914627075195
12.863603591918945
12.042145729064941
12.031911849975586
11.634531021118164
10.367494583129883
11.747109413146973
11.783935546875
12.572498321533203
12.429343223571777
12.00102424621582
12.294564247131348
12.070637702941895
11.34286117553711
11.47270679473877
12.608858108520508
11.424392700195312
12.14262580871582
12.24958324432373
11.925172805786133
12.510945320129395
12.318867683410645
12.06944465637207
12.14733600616455
11.916719436645508
11.817700386047363
12.251132011413574
11.437623977661133
11.912793159484863
12.111201286315918
12.041058540344238
12.344338417053223
11.938020706176758
12.619697570800781
12.06846809387207
12.009419441223145
12.556174278259277
12.4273042678833
12.399767875671387
11.765776634216309
12.393094062805176
10.6892671585083
12.449551582336426
11.863909721374512
13.075384140014648
11.296473503112793
12.155112266540527
12.011491775512695
11.179410934448242
11.699579238891602
12.107623100280762
11.944147109985352
11.990447044372559
12.033626556396484
12.313173294067383
12.002253532409668
12.34758186340332
9.83719539642334
12.163185119628906
11.97659683227539
11.836379051208496
12.097947120666504
12.597376823425293
11.72027587890625
11.840410232543945
12.160905838012695
12.003827095031738
11.664532661437988
12.454924583435059
12.456843376159668
10.853484153747559
12.368339538574219
11.681998252868652
10.899371147155762
12.28115463256836
12.405489921569824
12.526272773742676
12.41102409362793
12.193416595458984
11.921653747558594
11.508593559265137
10.859278678894043
12.214423179626465
12.387231826782227
11.874334335327148
12.22037410736084
11.097282409667969
12.358869552612305
12.10222053527832
12.095346450805664
11.759841918945312
12.24079418182373
10.98079776763916
12.483943939208984
12.236186981201172
12.254852294921875
12.110125541687012
12.164054870605469
11.839920997619629
12.135366439819336
12.271424293518066
12.278132438659668
11.902956008911133
12.709901809692383
11.705474853515625
12.07319164276123
10.659542083740234
12.305032730102539
12.132898330688477
12.027551651000977
12.65475845336914
12.676371574401855
9.96152114868164
12.173998832702637
12.185378074645996
11.56777572631836
12.61734676361084
12.288191795349121
12.649506568908691
12.422616004943848
12.182795524597168
12.012105941772461
11.741089820861816
12.325797080993652
12.636375427246094
11.79301929473877
11.372156143188477
11.859512329101562
12.0863618850708
12.39509105682373
11.883504867553711
12.118489265441895
12.43598461151123
12.22232723236084
11.894121170043945
10.747546195983887
11.539013862609863
11.100659370422363
11.939665794372559
11.896747589111328
12.421252250671387
12.52885627746582
12.152751922607422
11.375223159790039
12.01515007019043
11.8190336227417
12.550189018249512
12.724737167358398
12.74443244934082
12.289907455444336
12.6337890625
11.73429012298584
10.66280460357666
12.3208589553833
12.342984199523926
12.547410011291504
12.239648818969727
12.36865520477295
12.440805435180664
12.35813045501709
12.14912223815918
11.608752250671387
12.294568061828613
11.68982982635498
12.088214874267578
12.113828659057617
12.233170509338379
12.262988090515137
12.986485481262207
12.415656089782715
12.76401424407959
12.306243896484375
11.893535614013672
12.319091796875
12.250326156616211
12.074207305908203
9.880256652832031
11.717634201049805
11.964231491088867
12.546584129333496
12.179606437683105
12.152098655700684
12.364103317260742
12.298283576965332
11.302754402160645
11.092031478881836
12.717416763305664
12.306116104125977
12.659326553344727
12.781699180603027
10.367653846740723
12.32440185546875
12.479927062988281
12.20607852935791
12.09605598449707
9.845542907714844
12.217612266540527
12.001265525817871
12.293869972229004
11.895018577575684
12.404586791992188
10.121466636657715
10.466211318969727
12.28691577911377
12.268317222595215
12.557528495788574
10.28916072845459
12.142281532287598
12.139513969421387
10.548977851867676
12.158196449279785
11.175132751464844
12.42839527130127
11.83570384979248
12.60519027709961
11.698556900024414
12.097451210021973
12.339747428894043
11.21888256072998
12.901456832885742
12.888455390930176
11.58989429473877
12.690279960632324
12.462148666381836
12.32142162322998
12.153194427490234
12.149724006652832
12.3385648727417
11.909197807312012
12.42165470123291
11.956130981445312
12.273207664489746
12.564129829406738
12.623852729797363
12.640827178955078
11.83151626586914
11.954639434814453
12.011474609375
12.852863311767578
11.931187629699707
11.464625358581543
11.746306419372559
11.299673080444336
12.917460441589355
12.035177230834961
10.885356903076172
11.616272926330566
12.575777053833008
11.64272403717041
12.444979667663574
11.492989540100098
12.470454216003418
12.374187469482422
10.089735984802246
12.370269775390625
12.620211601257324
12.198505401611328
11.761804580688477
12.039936065673828
11.945405006408691
12.305624961853027
12.057008743286133
9.657364845275879
11.888136863708496
12.069791793823242
12.649184226989746
12.28612232208252
12.919119834899902
12.011792182922363
11.312888145446777
12.021343231201172
11.940800666809082
11.689465522766113
11.9468412399292
11.808889389038086
12.471016883850098
12.721098899841309
12.382895469665527
12.261601448059082
12.465880393981934
12.455580711364746
11.878032684326172
12.613460540771484
12.593008995056152
12.253791809082031
11.968385696411133
12.125823974609375
10.82913589477539
10.654075622558594
11.804953575134277
12.328840255737305
12.107311248779297
12.20528793334961
12.342650413513184
12.267109870910645
12.251631736755371
11.641777038574219
12.006038665771484
12.13956356048584
12.598797798156738
12.162572860717773
12.119155883789062
12.014131546020508
12.169358253479004
12.22536849975586
12.181037902832031
11.75600528717041
12.853821754455566
12.182315826416016
11.741433143615723
12.212179183959961
10.427356719970703
11.907434463500977
12.002120971679688
12.185040473937988
12.777698516845703
11.972384452819824
12.487015724182129
11.405816078186035
12.735995292663574
12.224747657775879
12.032188415527344
12.09542179107666
12.290895462036133
12.437320709228516
12.211703300476074
12.44591236114502
11.96235179901123
9.950927734375
12.05013656616211
10.5791654586792
12.471879005432129
12.133228302001953
12.11136531829834
11.967976570129395
12.555233001708984
13.14378833770752
11.567811012268066
12.071581840515137
12.109580993652344
11.477195739746094
12.207928657531738
12.106157302856445
11.716963768005371
11.505126953125
11.94413948059082
11.907625198364258
12.254814147949219
11.905669212341309
12.61648178100586
11.826701164245605
11.962042808532715
12.168596267700195
12.24742317199707
12.084022521972656
12.48667049407959
12.597941398620605
12.15594482421875
12.463834762573242
11.596336364746094
11.712297439575195
11.934395790100098
11.919150352478027
11.610420227050781
12.294764518737793
12.572954177856445
11.901644706726074
11.678874969482422
11.790013313293457
12.215559005737305
11.392899513244629
11.89940357208252
12.508929252624512
12.16464614868164
12.065196990966797
11.70032787322998
12.118325233459473
12.808655738830566
12.181609153747559
12.232232093811035
11.919083595275879
12.006373405456543
11.81713581085205
12.130474090576172
12.176265716552734
12.442309379577637
11.887042045593262
11.837596893310547
12.318806648254395
12.449515342712402
11.648784637451172
11.972168922424316
12.39700984954834
11.855993270874023
12.46980094909668
12.125662803649902
11.903034210205078
12.104907035827637
12.326047897338867
12.507360458374023
12.473053932189941
11.811490058898926
11.804078102111816
11.807315826416016
11.764602661132812
11.619474411010742
12.549894332885742
11.747513771057129
12.244508743286133
12.602826118469238
12.739248275756836
11.95561695098877
12.348297119140625
12.03376579284668
12.62264633178711
12.30123519897461
12.634112358093262
12.09694766998291
12.097013473510742
12.78052806854248
12.471543312072754
12.459385871887207
9.901805877685547
11.345410346984863
12.784097671508789
11.765722274780273
12.670633316040039
11.767739295959473
10.33821964263916
12.011472702026367
12.340557098388672
11.839588165283203
12.369268417358398
12.073375701904297
11.41995620727539
12.472515106201172
12.176824569702148
10.53575611114502
11.989782333374023
12.24370288848877
11.977958679199219
11.87347412109375
12.337467193603516
12.261589050292969
12.458906173706055
12.507378578186035
12.924392700195312
12.307243347167969
12.22204875946045
12.54161262512207
11.856435775756836
12.039515495300293
12.429746627807617
12.652002334594727
12.24632453918457
12.345742225646973
11.992023468017578
12.1781644821167
12.36388111114502
12.909602165222168
11.875638008117676
11.713045120239258
11.705029487609863
11.839618682861328
12.276078224182129
11.613728523254395
11.807085037231445
12.387727737426758
11.925811767578125
12.256369590759277
12.674613952636719
12.43685531616211
12.442249298095703
12.789482116699219
12.09396743774414
12.559579849243164
12.352235794067383
12.538310050964355
11.090975761413574
12.067627906799316
12.674302101135254
11.982425689697266
12.467231750488281
12.560521125793457
12.426424026489258
10.942110061645508
11.508036613464355
12.16129207611084
10.232281684875488
11.966920852661133
10.23534870147705
12.646286964416504
10.14118480682373
11.432897567749023
12.816911697387695
12.522893905639648
12.390536308288574
11.9248685836792
12.198115348815918
12.446915626525879
11.71975326538086
12.239288330078125
12.177870750427246
10.623645782470703
11.9803466796875
11.865854263305664
12.001327514648438
12.282662391662598
12.08947467803955
11.680158615112305
11.849994659423828
12.203153610229492
12.053912162780762
11.432147979736328
12.224607467651367
12.75060749053955
11.542518615722656
11.40720272064209
12.122864723205566
12.152762413024902
12.767922401428223
12.454656600952148
11.927780151367188
12.67229175567627
10.428078651428223
11.917180061340332
12.046016693115234
10.311200141906738
12.474553108215332
12.326597213745117
12.2167387008667
11.918111801147461
12.51404094696045
12.539445877075195
12.717668533325195
12.529253005981445
12.158607482910156
12.383572578430176
12.295601844787598
12.375144004821777
12.418174743652344
12.308263778686523
12.016980171203613
12.456624031066895
11.889602661132812
10.673612594604492
12.23714542388916
12.04788589477539
12.333366394042969
12.070258140563965
12.162683486938477
11.50106143951416
12.028327941894531
11.78048038482666
12.089722633361816
11.691426277160645
12.03410530090332
12.193896293640137
11.305907249450684
10.60863971710205
10.351408004760742
11.84769058227539
11.937416076660156
12.190814971923828
11.833464622497559
11.503609657287598
12.169951438903809
12.507339477539062
12.246453285217285
12.772407531738281
12.296926498413086
13.010945320129395
12.407505989074707
12.62591552734375
11.613473892211914
12.424240112304688
12.093497276306152
10.102446556091309
11.625186920166016
12.328705787658691
12.086525917053223
11.904284477233887
11.74951457977295
11.792131423950195
11.83523178100586
11.657445907592773
12.007417678833008
11.835693359375
12.433734893798828
11.878207206726074
12.195053100585938
11.925294876098633
11.325809478759766
12.458028793334961
12.548940658569336
12.029008865356445
12.271527290344238
10.110332489013672
11.865857124328613
12.625024795532227
12.070021629333496
11.659996032714844
10.43294906616211
12.41151237487793
12.229344367980957
12.718958854675293
9.983205795288086
12.04348373413086
11.456657409667969
12.481624603271484
8.41779899597168
11.77513313293457
12.268224716186523
11.5960111618042
12.10310173034668
11.942414283752441
12.601275444030762
12.08341121673584
12.352910995483398
12.41086196899414
11.797446250915527
12.09834098815918
12.695197105407715
11.796571731567383
11.721292495727539
11.686396598815918
11.742691040039062
11.935791015625
11.641079902648926
11.916610717773438
12.086944580078125
10.809052467346191
12.292766571044922
12.43416976928711
11.20513916015625
12.21634292602539
10.21175765991211
12.750967025756836
12.340843200683594
12.34257698059082
12.41868782043457
10.955733299255371
11.965970039367676
12.2417631149292
11.92966079711914
12.476394653320312
12.013165473937988
10.569049835205078
11.955897331237793
12.279851913452148
11.866713523864746
12.271427154541016
10.730925559997559
11.837573051452637
12.725995063781738
11.834131240844727
12.647729873657227
11.938732147216797
12.26557731628418
12.365586280822754
12.28703784942627
11.71534538269043
11.941911697387695
12.23122787475586
11.896281242370605
11.491852760314941
12.893414497375488
12.393766403198242
11.605144500732422
12.515341758728027
11.742039680480957
11.748209953308105
11.991242408752441
12.992569923400879
11.954312324523926
12.854384422302246
11.443207740783691
12.238483428955078
12.199646949768066
12.193095207214355
12.280001640319824
12.200429916381836
12.462897300720215
12.14913558959961
12.530416488647461
12.202256202697754
12.171712875366211
12.35112476348877
12.309259414672852
11.747265815734863
11.473812103271484
12.420663833618164
12.209918975830078
12.230271339416504
11.395015716552734
12.28973388671875
11.584698677062988
12.041398048400879
11.834149360656738
12.246468544006348
11.46903133392334
12.032651901245117
12.452593803405762
11.329428672790527
11.143895149230957
12.400482177734375
9.78140640258789
12.134799003601074
12.08004379272461
11.642207145690918
12.044543266296387
11.920439720153809
11.99785327911377
10.435895919799805
11.821015357971191
12.246649742126465
12.520347595214844
11.879383087158203
12.11611557006836
10.349013328552246
12.630661964416504
11.703620910644531
12.384461402893066
12.015572547912598
11.531142234802246
12.064269065856934
12.274636268615723
12.20083999633789
12.069293022155762
12.424135208129883
12.061969757080078
11.843355178833008
12.103915214538574
11.536239624023438
10.926580429077148
12.427284240722656
12.555234909057617
11.884162902832031
11.809335708618164
10.432097434997559
12.494161605834961
11.895445823669434
12.600679397583008
12.044085502624512
12.00680160522461
12.079388618469238
11.817145347595215
10.850912094116211
12.020490646362305
12.294282913208008
11.951154708862305
12.91866683959961
12.041921615600586
11.892533302307129
12.058138847351074
11.458176612854004
12.227519035339355
12.220915794372559
12.482444763183594
12.098718643188477
12.573759078979492
11.110237121582031
12.473831176757812
11.278546333312988
10.453254699707031
11.302203178405762
12.5088472366333
12.190225601196289
12.523195266723633
12.267011642456055
12.001601219177246
12.385132789611816
12.356496810913086
11.334662437438965
11.677936553955078
12.526922225952148
12.24130630493164
12.29775619506836
11.962346076965332
11.821549415588379
12.075401306152344
12.077953338623047
12.152706146240234
12.120609283447266
12.534701347351074
12.461894989013672
11.877256393432617
12.782978057861328
11.604791641235352
11.886982917785645
12.426386833190918
12.155595779418945
12.169979095458984
11.44122314453125
12.331439018249512
11.637083053588867
12.200878143310547
10.512795448303223
12.722050666809082
12.310532569885254
11.708541870117188
12.17915153503418
11.564942359924316
12.50693130493164
11.628254890441895
10.390142440795898
12.107443809509277
10.318126678466797
12.307058334350586
12.353687286376953
12.106415748596191
11.908676147460938
11.060091018676758
10.313335418701172
11.986971855163574
11.875375747680664
11.458861351013184
11.977457046508789
12.5266752243042
11.829144477844238
12.131591796875
12.659363746643066
12.383895874023438
12.215088844299316
12.473991394042969
12.47620677947998
11.961958885192871
11.830318450927734
12.572762489318848
12.656149864196777
11.47976303100586
12.397968292236328
11.743060111999512
12.17531681060791
12.894461631774902
11.962957382202148
12.235530853271484
12.527017593383789
12.61020278930664
11.717530250549316
12.174372673034668
12.455357551574707
12.406182289123535
12.351362228393555
12.0675630569458
10.808084487915039
12.295105934143066
11.825238227844238
12.084449768066406
12.140344619750977
12.51944637298584
11.793231010437012
12.249978065490723
11.618844032287598
12.44887638092041
12.199353218078613
11.366742134094238
12.02666187286377
11.599970817565918
11.73129653930664
12.345651626586914
11.583426475524902
11.321057319641113
11.325759887695312
12.098200798034668
10.328924179077148
12.185297012329102
12.291197776794434
11.473834991455078
12.07674789428711
12.406050682067871
11.07535171508789
12.210468292236328
11.72003173828125
11.798273086547852
11.92300796508789
12.765730857849121
11.68653392791748
12.646041870117188
12.095551490783691
11.793875694274902
10.454675674438477
12.17848014831543
11.829710960388184
12.605998992919922
11.70609188079834
12.353246688842773
12.134910583496094
11.130419731140137
12.258384704589844
12.292075157165527
12.403610229492188
11.963598251342773
12.784610748291016
11.305480003356934
12.400344848632812
12.692703247070312
12.08321762084961
11.931801795959473
11.821147918701172
12.517931938171387
11.901187896728516
12.152228355407715
12.454349517822266
11.776346206665039
9.904316902160645
12.474289894104004
12.819903373718262
12.306612968444824
12.560869216918945
11.951035499572754
11.953248977661133
11.81913948059082
12.128954887390137
12.248444557189941
11.772918701171875
10.48232650756836
12.110498428344727
11.767657279968262
12.70411491394043
12.334071159362793
9.967534065246582
12.059586524963379
12.087544441223145
11.853676795959473
10.469708442687988
12.038919448852539
11.978229522705078
11.705937385559082
11.67388916015625
12.093831062316895
12.855378150939941
12.157532691955566
12.535996437072754
11.794708251953125
12.55027961730957
10.593432426452637
11.241610527038574
12.793472290039062
12.254033088684082
12.36479663848877
12.440964698791504
12.097376823425293
11.93675422668457
12.767598152160645
10.82996940612793
11.987996101379395
12.620594024658203
11.52944278717041
12.906510353088379
11.731119155883789
12.134307861328125
9.948424339294434
12.054530143737793
12.58597183227539
12.497492790222168
11.69234561920166
12.554895401000977
12.44419002532959
12.351344108581543
11.910748481750488
11.825721740722656
11.705801010131836
12.635435104370117
12.032708168029785
12.345026969909668
11.782673835754395
12.459758758544922
11.980640411376953
12.351332664489746
12.144762992858887
12.387239456176758
12.300557136535645
12.08352279663086
12.362977981567383
12.701927185058594
11.613927841186523
12.541402816772461
12.030729293823242
11.173444747924805
12.061439514160156
12.48930549621582
12.358611106872559
11.901728630065918
12.794013977050781
12.2470064163208
11.936820983886719
11.788771629333496
12.400679588317871
12.615291595458984
12.047731399536133
12.11629867553711
12.056450843811035
12.15100383758545
11.777841567993164
12.050983428955078
12.189692497253418
12.479371070861816
10.820090293884277
11.46860122680664
12.084851264953613
12.709890365600586
11.259038925170898
12.865080833435059
11.799062728881836
12.671660423278809
11.50891399383545
12.242034912109375
11.754051208496094
11.553024291992188
12.079856872558594
11.539724349975586
11.7730131149292
12.655607223510742
10.56147289276123
12.109046936035156
12.27176570892334
11.68307113647461
12.612611770629883
11.746888160705566
12.032140731811523
12.68767261505127
12.053561210632324
11.823070526123047
12.197783470153809
11.977100372314453
10.742993354797363
11.73886775970459
12.351439476013184
12.321379661560059
10.435297012329102
12.238133430480957
11.672815322875977
11.55048942565918
11.924153327941895
12.009448051452637
12.435214042663574
11.84237003326416
12.436553955078125
11.652557373046875
12.020395278930664
12.021843910217285
12.299546241760254
12.042939186096191
12.385655403137207
10.148138046264648
12.254255294799805
9.883892059326172
12.59084701538086
12.395031929016113
11.94073486328125
12.695030212402344
10.615433692932129
10.94509506225586
11.839049339294434
12.233133316040039
11.988005638122559
12.064948081970215
11.955537796020508
12.228090286254883
12.38265609741211
12.287503242492676
12.205601692199707
11.549027442932129
12.361796379089355
11.88051986694336
12.1037015914917
11.481123924255371
12.441387176513672
12.078601837158203
11.694791793823242
12.097588539123535
11.806641578674316
11.82435417175293
11.873866081237793
10.464987754821777
12.594123840332031
11.949207305908203
12.718178749084473
12.248869895935059
12.215892791748047
12.202153205871582
12.770702362060547
12.008040428161621
11.900070190429688
12.29493236541748
11.932071685791016
10.338601112365723
10.470208168029785
12.00893497467041
12.404356002807617
12.19699478149414
12.341269493103027
12.519512176513672
12.425989151000977
11.525164604187012
12.28843879699707
12.942503929138184
12.288105964660645
12.21030044555664
11.883874893188477
12.627623558044434
12.450211524963379
11.842133522033691
12.16125774383545
12.352324485778809
12.409112930297852
12.48519229888916
11.936685562133789
11.637690544128418
11.856400489807129
12.318205833435059
11.672994613647461
11.98406982421875
11.588412284851074
12.125297546386719
10.224390029907227
12.068737983703613
12.193191528320312
11.885683059692383
12.71124267578125
11.952820777893066
12.387566566467285
11.598122596740723
11.264727592468262
11.413222312927246
12.238110542297363
11.568792343139648
12.422991752624512
11.571672439575195
11.637218475341797
12.17868423461914
11.808258056640625
12.039712905883789
11.198674201965332
12.378104209899902
12.511857032775879
12.030156135559082
10.633042335510254
10.02963924407959
12.493647575378418
12.026764869689941
12.346590042114258
12.381349563598633
11.667508125305176
12.032008171081543
12.298460960388184
12.106008529663086
11.810481071472168
12.466707229614258
12.43865966796875
12.482308387756348
12.346622467041016
11.942707061767578
11.234367370605469
12.003006935119629
9.876189231872559
11.902100563049316
11.95963191986084
11.99889087677002
12.136456489562988
12.157760620117188
11.975869178771973
11.627996444702148
12.029618263244629
11.69601821899414
12.209490776062012
12.463005065917969
12.438186645507812
12.244521141052246
12.425650596618652
11.913413047790527
12.4201021194458
12.024650573730469
11.710161209106445
12.679689407348633
12.210460662841797
12.297163009643555
12.194316864013672
12.089184761047363
12.180257797241211
11.162576675415039
11.822702407836914
11.989335060119629
12.009785652160645
12.1435546875
12.322683334350586
12.749523162841797
12.309525489807129
12.339357376098633
12.37881088256836
12.055808067321777
12.15444564819336
11.963703155517578
12.344305992126465
12.475434303283691
12.212912559509277
11.915648460388184
12.325655937194824
11.80898666381836
11.594892501831055
11.588436126708984
12.16281509399414
11.983509063720703
12.31578254699707
12.402127265930176
12.229619979858398
12.032027244567871
11.699848175048828
12.375962257385254
11.574797630310059
12.241848945617676
12.423236846923828
12.473443984985352
12.510872840881348
12.282093048095703
11.603554725646973
