141.19090270996094
107.27091217041016
115.28142547607422
113.09130859375
119.74617004394531
101.62117004394531
64.93364715576172
112.7405014038086
105.3277816772461
97.30126953125
70.69881439208984
108.48709106445312
100.77891540527344
96.816650390625
106.28697967529297
104.3019027709961
104.04971313476562
114.58499145507812
109.80278015136719
111.71387481689453
111.81022644042969
106.31753540039062
114.10340881347656
98.92732238769531
67.76753234863281
92.29552459716797
81.31664276123047
101.95460510253906
104.8219223022461
56.52033615112305
104.55844116210938
79.4181137084961
104.49264526367188
107.32867431640625
96.45474243164062
92.9508285522461
89.14593505859375
81.09064483642578
86.98002624511719
89.71013641357422
72.23741912841797
64.81120300292969
84.52803039550781
78.30209350585938
88.01887512207031
90.31792449951172
84.89571380615234
80.76385498046875
75.06825256347656
68.92925262451172
57.740360260009766
68.66789245605469
50.17843246459961
45.91512680053711
69.48177337646484
62.31969451904297
47.34037399291992
73.74613189697266
63.47507095336914
60.63214874267578
40.7136116027832
62.338680267333984
67.16861724853516
56.709503173828125
46.36216735839844
52.47857666015625
41.637081146240234
36.78824996948242
39.80934143066406
43.02921676635742
32.27919006347656
36.79444885253906
39.45709991455078
32.999977111816406
30.516895294189453
49.33982849121094
40.84491729736328
26.484277725219727
45.900108337402344
20.2552433013916
23.19440460205078
27.521480560302734
25.701290130615234
15.650558471679688
18.860740661621094
12.26311206817627
36.31800079345703
13.500967025756836
14.983668327331543
28.74886131286621
17.0883731842041
27.949359893798828
11.060900688171387
12.943309783935547
8.929152488708496
13.597396850585938
5.956990718841553
6.173642635345459
5.075993537902832
5.208030700683594
5.57332706451416
5.562595844268799
23.208463668823242
19.660343170166016
5.138313293457031
7.912360191345215
10.412084579467773
19.529809951782227
6.697981357574463
27.820066452026367
20.539426803588867
34.01707458496094
9.233628273010254
8.561717987060547
7.0731682777404785
15.53034782409668
5.90167760848999
7.355020523071289
13.009263038635254
23.86927032470703
6.23219633102417
39.0498046875
5.748904705047607
6.010599136352539
5.401264667510986
20.036712646484375
8.529144287109375
6.139374256134033
9.083638191223145
41.67540740966797
5.641547203063965
9.824799537658691
6.492280960083008
4.576214790344238
4.631014347076416
5.010629653930664
16.314205169677734
24.752595901489258
13.313682556152344
9.672769546508789
4.964118003845215
15.494969367980957
4.8890767097473145
6.194713592529297
5.990354537963867
24.350791931152344
4.991078853607178
4.737793922424316
4.751616477966309
7.149641513824463
12.712023735046387
4.549426555633545
15.153151512145996
5.409792900085449
19.642478942871094
5.090586185455322
5.20046854019165
24.735713958740234
5.498722553253174
5.177958965301514
6.425609588623047
12.06104850769043
17.625410079956055
14.267923355102539
5.377829551696777
16.44845199584961
4.438921928405762
6.001620292663574
27.762678146362305
12.684699058532715
25.496192932128906
6.43402099609375
4.499063968658447
4.725881576538086
5.47287654876709
27.023286819458008
15.543476104736328
4.34964656829834
6.834906101226807
4.880687713623047
7.010011196136475
5.326046466827393
4.510166168212891
5.49022912979126
23.344905853271484
5.116438388824463
17.756284713745117
5.202662944793701
20.22412872314453
10.431315422058105
17.228797912597656
4.95394229888916
7.563714504241943
13.935733795166016
27.6467342376709
7.189186096191406
26.152774810791016
9.338038444519043
5.51426887512207
11.1055269241333
14.095781326293945
8.382332801818848
5.002419471740723
28.618925094604492
15.639891624450684
4.452456474304199
22.026729583740234
5.107483386993408
6.355427265167236
21.354591369628906
30.5583438873291
6.391160488128662
26.74650001525879
5.752684116363525
4.783149719238281
4.796237468719482
16.750011444091797
5.155204772949219
4.4290618896484375
24.198867797851562
17.033218383789062
4.524050712585449
9.913986206054688
8.102221488952637
8.344621658325195
27.88435935974121
5.272271156311035
5.053783893585205
4.929776191711426
4.313244342803955
4.636643886566162
6.696681976318359
5.353996276855469
5.732655048370361
4.932425022125244
4.533362865447998
6.298028469085693
27.16486167907715
5.127121448516846
20.04525375366211
5.715542793273926
5.762115955352783
16.275245666503906
5.461913585662842
5.923816680908203
9.889535903930664
5.02219295501709
4.494602203369141
12.745631217956543
4.71718692779541
7.029048442840576
22.31798553466797
38.160465240478516
22.235090255737305
6.2876811027526855
8.373774528503418
18.072341918945312
7.560753345489502
25.136781692504883
7.9675984382629395
20.821136474609375
6.970459938049316
17.312259674072266
13.070868492126465
5.992100238800049
7.221927165985107
4.844658851623535
4.829164028167725
5.304800033569336
8.360978126525879
5.369508266448975
42.98866653442383
13.590086936950684
9.820619583129883
5.616636753082275
5.179947376251221
6.832602024078369
11.30488109588623
11.601963996887207
5.3033881187438965
21.04173469543457
6.468140602111816
5.469481945037842
18.735849380493164
6.039480686187744
8.136059761047363
20.879167556762695
6.334373950958252
18.235870361328125
4.909952640533447
12.676162719726562
20.194488525390625
4.909177780151367
4.860753059387207
16.6419734954834
12.342641830444336
4.828012943267822
6.335564613342285
20.36836814880371
36.27231979370117
26.691219329833984
7.84708833694458
9.284263610839844
15.661908149719238
5.892158031463623
16.097837448120117
9.614365577697754
7.1260504722595215
8.408348083496094
5.743559837341309
5.550506591796875
5.496788024902344
15.025675773620605
4.711071014404297
4.604999542236328
18.22032928466797
10.161170959472656
8.252477645874023
6.054025650024414
6.246481418609619
7.912654876708984
23.008195877075195
6.11375617980957
4.819604873657227
6.661631107330322
19.737836837768555
17.3225154876709
7.147523403167725
8.99091911315918
7.806352138519287
9.611303329467773
6.259977340698242
8.358499526977539
6.138421535491943
5.320713996887207
5.15317440032959
29.12497329711914
5.894846439361572
16.088939666748047
5.407592296600342
4.762136936187744
34.40293884277344
9.950992584228516
4.483484268188477
33.84517288208008
7.848716735839844
9.023427963256836
4.670715808868408
7.417694091796875
30.725059509277344
11.420771598815918
7.183759689331055
12.506815910339355
9.96535587310791
4.870464324951172
5.087695598602295
5.095539569854736
19.611143112182617
17.394742965698242
4.823273181915283
18.546358108520508
5.04106330871582
6.9207234382629395
5.799306392669678
15.986176490783691
11.466919898986816
5.80682373046875
8.36819839477539
15.921358108520508
9.144735336303711
11.01290512084961
8.373127937316895
8.699541091918945
5.948437213897705
4.695592403411865
18.604328155517578
4.573208808898926
20.364946365356445
15.251365661621094
5.93856143951416
10.239335060119629
29.91065216064453
13.22607421875
4.629044532775879
5.040401458740234
5.09581184387207
5.948634147644043
6.602170467376709
6.718630313873291
4.879405498504639
4.939598083496094
5.728658676147461
5.278005599975586
4.71138334274292
4.508089542388916
4.972431182861328
5.151302814483643
4.467047214508057
5.271355628967285
4.857701301574707
5.379800319671631
11.977743148803711
5.668274879455566
4.424777030944824
5.657001495361328
21.876432418823242
5.22713041305542
8.720927238464355
4.757150650024414
10.38841438293457
6.137534141540527
4.751575946807861
8.520742416381836
12.5337553024292
8.818857192993164
6.803336143493652
4.487206935882568
4.326554775238037
8.849404335021973
24.263408660888672
40.51378631591797
8.031046867370605
6.778584957122803
25.590585708618164
4.994704246520996
6.266941070556641
6.743866443634033
6.777563095092773
21.052011489868164
7.864283084869385
6.9833664894104
10.199042320251465
5.542316913604736
4.751625061035156
20.38189697265625
8.293521881103516
5.741874694824219
6.952619552612305
7.596630096435547
10.27402114868164
4.933475494384766
4.422218322753906
30.371868133544922
27.3502197265625
8.519818305969238
4.979465961456299
16.837404251098633
6.029117584228516
18.893712997436523
5.26854944229126
6.343693256378174
20.822433471679688
5.171279430389404
11.08885669708252
10.544913291931152
7.30123233795166
8.075565338134766
8.217403411865234
8.119834899902344
5.355218887329102
5.430468559265137
4.5911455154418945
6.7964911460876465
5.57575798034668
6.278176784515381
5.471828460693359
4.548746585845947
4.352241039276123
4.585516452789307
33.62796401977539
7.094789981842041
26.660297393798828
5.63767147064209
5.0081377029418945
15.245946884155273
15.47851848602295
6.417845726013184
19.968725204467773
8.295735359191895
9.226691246032715
4.9720139503479
34.46168899536133
5.065362930297852
8.15152359008789
23.303035736083984
12.883498191833496
7.642850399017334
7.154886722564697
4.83128023147583
7.6244401931762695
4.3038249015808105
11.798962593078613
14.273313522338867
4.215705871582031
29.93784523010254
4.449283123016357
4.680987358093262
6.5146074295043945
4.980247497558594
25.75261116027832
5.869894981384277
5.520816802978516
6.590972423553467
5.32641077041626
8.391963958740234
4.655828952789307
4.12794828414917
4.263001918792725
5.4849066734313965
5.017101287841797
7.6981611251831055
4.692952632904053
6.3621063232421875
5.406741619110107
5.3962883949279785
10.504937171936035
5.795660018920898
5.845868110656738
4.702798366546631
8.148406982421875
4.963160037994385
5.018229007720947
4.815584182739258
11.463261604309082
4.989123821258545
4.9659953117370605
4.806764602661133
5.587754249572754
7.1261210441589355
6.1534881591796875
4.826287746429443
4.391424179077148
4.318606376647949
5.439849853515625
11.529036521911621
5.4007649421691895
5.969208240509033
10.101402282714844
23.004417419433594
4.818528652191162
5.338579177856445
11.78818130493164
6.526480197906494
26.500417709350586
6.296751976013184
7.648387908935547
9.681132316589355
5.027347087860107
7.6653151512146
11.450563430786133
23.080524444580078
24.82122039794922
5.399354934692383
12.282134056091309
4.635738849639893
5.829436779022217
7.321091175079346
21.2529239654541
15.012115478515625
7.848290920257568
7.644678115844727
24.335987091064453
7.6343994140625
9.623268127441406
7.024971961975098
7.1225433349609375
4.727763652801514
23.504430770874023
7.91418981552124
5.5716447830200195
7.165903091430664
5.148673057556152
4.505401611328125
5.896725177764893
22.84236717224121
25.337434768676758
6.625369071960449
7.400435924530029
4.9931535720825195
7.317899227142334
5.870913982391357
24.655054092407227
6.196708679199219
18.0314884185791
5.472009181976318
5.0825114250183105
7.073312759399414
19.69552993774414
8.428958892822266
5.838486194610596
7.331785678863525
7.409178733825684
8.719435691833496
5.169945240020752
7.115706920623779
4.787198066711426
4.8984880447387695
5.881033420562744
5.54900598526001
12.216909408569336
4.201171875
5.119139194488525
6.487861633300781
5.2653608322143555
13.766592025756836
4.7364583015441895
4.328414440155029
5.354155540466309
3.9912590980529785
4.954920768737793
6.0988287925720215
4.723762035369873
4.220382213592529
4.834434986114502
6.423476219177246
5.475109100341797
10.167658805847168
4.114182472229004
13.25325870513916
5.60264253616333
16.861019134521484
5.049062252044678
9.051846504211426
11.403343200683594
5.354687213897705
9.70272159576416
5.932327747344971
24.025684356689453
4.252795219421387
8.380353927612305
25.66130828857422
5.400691032409668
8.090718269348145
21.574819564819336
5.02078104019165
4.816225051879883
5.936498641967773
15.096118927001953
4.555118083953857
26.526811599731445
10.65220832824707
6.596034526824951
9.754606246948242
5.5807013511657715
9.414145469665527
6.259193420410156
6.586420059204102
5.28726053237915
5.944540023803711
12.216821670532227
11.50135612487793
4.891287803649902
5.037338733673096
6.165472030639648
8.526118278503418
5.453289031982422
10.672272682189941
5.082635402679443
6.03386116027832
5.246041774749756
5.31596565246582
12.07938289642334
33.09726333618164
6.001107692718506
15.837417602539062
5.276177406311035
26.471044540405273
7.877312183380127
8.854334831237793
5.0692830085754395
5.170412540435791
4.539697647094727
7.299928665161133
18.701841354370117
5.016390800476074
5.5764665603637695
28.03729248046875
3.916929244995117
14.744696617126465
6.267358779907227
8.048157691955566
8.020675659179688
5.982057094573975
7.152103424072266
5.9228410720825195
10.528899192810059
5.16191291809082
12.785394668579102
6.764383792877197
4.54086971282959
4.771875858306885
3.9652099609375
31.259933471679688
5.1425604820251465
5.090792179107666
4.160985946655273
30.317913055419922
4.313055515289307
5.256084442138672
31.076404571533203
18.21137046813965
17.276268005371094
6.429717540740967
6.4690632820129395
9.784551620483398
7.726141452789307
8.943048477172852
8.570161819458008
4.948969841003418
4.795504093170166
30.251665115356445
8.855409622192383
7.441468238830566
5.714065074920654
4.118382453918457
5.3318047523498535
5.030025959014893
5.198015213012695
16.61899185180664
15.028637886047363
5.165823936462402
4.976327896118164
4.375751972198486
6.825628757476807
5.560940742492676
18.94007682800293
4.283870697021484
5.745985507965088
10.140212059020996
5.748362064361572
4.562427043914795
4.082372188568115
7.183529853820801
4.714166164398193
7.079803466796875
7.593401908874512
4.416653633117676
4.9296555519104
5.336822032928467
5.603784561157227
39.76236343383789
5.901979446411133
5.195578575134277
5.348435401916504
5.671030044555664
4.111033916473389
26.864110946655273
4.480309009552002
5.2454609870910645
4.797740459442139
4.393843173980713
27.48497200012207
20.877853393554688
4.423713207244873
12.820728302001953
6.127987384796143
4.711008548736572
5.183932304382324
4.299429416656494
4.458823204040527
6.9389214515686035
8.296727180480957
11.72015380859375
9.18256664276123
5.152724266052246
4.521673202514648
5.552680015563965
5.91605281829834
5.909213542938232
20.458358764648438
13.31782054901123
13.07224178314209
14.46505355834961
5.784496307373047
15.62439250946045
8.04693603515625
5.826640605926514
5.581758499145508
26.052034378051758
6.121967315673828
8.320040702819824
27.674779891967773
5.988517761230469
5.239996433258057
5.50525426864624
5.594621658325195
4.660998344421387
5.475502014160156
6.915677547454834
7.324078559875488
7.151148319244385
7.164961338043213
10.899057388305664
7.264626502990723
23.29487419128418
29.94422721862793
6.964782238006592
18.603628158569336
14.682887077331543
13.908620834350586
9.496825218200684
10.032519340515137
7.353610992431641
8.153610229492188
10.335472106933594
23.62552261352539
10.80629825592041
7.977296829223633
4.496926784515381
6.930935382843018
5.079626560211182
4.734315872192383
4.579522609710693
9.300487518310547
5.959001541137695
4.56833028793335
4.318455696105957
4.889442443847656
3.9898104667663574
8.490410804748535
4.828654766082764
5.948172092437744
5.01999044418335
5.769521236419678
5.331652641296387
4.4298787117004395
22.630319595336914
33.397979736328125
7.04221248626709
4.12926721572876
4.7198567390441895
4.341364860534668
5.145022869110107
4.589381694793701
5.386820316314697
12.65042781829834
5.835840702056885
28.658550262451172
21.163951873779297
9.649782180786133
6.7706170082092285
4.157731056213379
4.41740083694458
15.039595603942871
5.811851978302002
5.612185478210449
9.130030632019043
6.5990777015686035
4.464711666107178
5.850408554077148
5.030080318450928
10.525232315063477
4.187426567077637
4.260505676269531
4.850244998931885
15.07661247253418
6.514863967895508
7.112308025360107
5.15489387512207
5.419139862060547
12.451542854309082
22.2939395904541
4.782332420349121
10.016340255737305
9.705695152282715
4.759796619415283
4.024838924407959
4.880819320678711
4.367598533630371
5.425232887268066
12.90670108795166
4.41249418258667
20.464630126953125
7.511515140533447
6.174886703491211
6.49819278717041
4.3102569580078125
4.6351237297058105
5.933314800262451
6.794294357299805
17.004899978637695
4.101892948150635
7.099206447601318
4.513371467590332
24.992313385009766
4.61687707901001
4.020577430725098
12.842697143554688
23.359445571899414
11.993005752563477
6.489745616912842
4.908209323883057
5.770534038543701
5.651465892791748
6.327329635620117
4.941501140594482
4.611515522003174
4.49971866607666
22.855424880981445
6.874388217926025
6.805658340454102
5.120701789855957
11.020994186401367
20.264551162719727
22.025737762451172
7.052008628845215
4.252270698547363
5.346045017242432
4.560427665710449
6.334763050079346
5.8333282470703125
5.6266021728515625
4.495972633361816
19.933046340942383
4.454293251037598
4.9191083908081055
4.184879779815674
4.7667999267578125
4.414077281951904
5.662688255310059
5.148985385894775
8.014363288879395
5.344827651977539
5.507688045501709
21.679636001586914
3.974944829940796
26.483434677124023
28.04621124267578
8.459592819213867
8.65524673461914
11.875990867614746
11.634065628051758
16.089492797851562
11.923931121826172
5.794589996337891
6.7684760093688965
4.833527565002441
5.8491997718811035
21.82898712158203
4.175120830535889
8.104913711547852
6.10437536239624
5.24068021774292
7.800698280334473
6.294231414794922
5.160387992858887
4.901232719421387
3.9540584087371826
5.685713768005371
14.977569580078125
4.8801774978637695
5.305004596710205
4.38913631439209
4.42384147644043
4.751543045043945
4.247096538543701
4.331216812133789
15.01918888092041
9.320050239562988
6.145610332489014
5.48004674911499
21.89808464050293
4.313462257385254
4.433990955352783
4.311101913452148
4.314670085906982
23.186643600463867
4.657153606414795
21.736692428588867
29.190719604492188
4.077741622924805
6.195127010345459
4.879717826843262
24.727407455444336
5.739740371704102
5.779011249542236
4.927987575531006
4.805385589599609
29.966615676879883
4.514596939086914
4.174521446228027
6.297523021697998
5.194751739501953
6.474013805389404
16.051830291748047
6.974742889404297
5.37871789932251
30.321352005004883
4.39684534072876
24.977041244506836
5.025301933288574
4.389898300170898
8.485246658325195
4.263260364532471
4.557520389556885
4.316145420074463
25.007184982299805
5.012979030609131
4.108658790588379
3.9825642108917236
21.761606216430664
4.6024065017700195
4.435192584991455
8.98206615447998
4.169881820678711
3.971330404281616
4.260317325592041
5.090929985046387
3.9687249660491943
4.527665138244629
4.128484725952148
4.496090412139893
4.918026924133301
10.474542617797852
21.527551651000977
5.539686679840088
4.9301228523254395
6.874220848083496
5.792886257171631
3.9277844429016113
4.928740501403809
4.921749591827393
4.801273345947266
6.938868045806885
15.949686050415039
3.9625940322875977
4.36823844909668
4.62291145324707
22.6247615814209
4.185675144195557
4.597907066345215
4.296411037445068
16.37370491027832
16.128870010375977
5.737494468688965
5.222571849822998
4.256557464599609
26.938901901245117
4.030866622924805
5.7004265785217285
4.496788501739502
4.765556335449219
4.213425636291504
4.648704528808594
5.586450576782227
4.371978759765625
4.354162693023682
26.76616096496582
4.541302680969238
29.438844680786133
4.1276960372924805
4.996893882751465
4.925923824310303
7.628708362579346
23.110675811767578
4.758564472198486
4.554033279418945
5.386918544769287
4.311247825622559
4.128074645996094
6.45043420791626
4.436374664306641
4.4854021072387695
4.012975692749023
6.176913738250732
5.29202127456665
5.385852336883545
4.036999225616455
3.8366806507110596
4.498503684997559
5.294461250305176
12.946086883544922
25.842395782470703
9.754478454589844
19.527067184448242
6.46096134185791
5.344949245452881
6.739863395690918
16.573915481567383
4.604482173919678
4.169137001037598
21.09084129333496
5.352328300476074
3.9763941764831543
4.3379902839660645
4.799954891204834
5.258707046508789
4.596386432647705
29.62993812561035
28.542917251586914
12.383513450622559
7.002020835876465
4.241511344909668
7.09214448928833
19.379552841186523
5.910551071166992
7.0694427490234375
4.459022521972656
14.613076210021973
18.57497215270996
4.846816062927246
6.391411781311035
5.170041084289551
7.564508438110352
4.8802714347839355
5.208755016326904
12.059021949768066
4.282351493835449
4.582491397857666
4.576347351074219
5.235243320465088
7.174317836761475
16.392072677612305
12.630425453186035
16.564674377441406
4.637062072753906
8.17199993133545
6.220818519592285
5.284791946411133
32.350582122802734
40.031681060791016
4.5364251136779785
4.857287883758545
5.954054832458496
4.06205415725708
9.25623893737793
6.701160430908203
6.422956466674805
4.573211193084717
4.671607494354248
6.335907936096191
62.65419387817383
4.389726161956787
5.140804767608643
4.55255126953125
20.082168579101562
5.728087902069092
4.472635746002197
5.578339576721191
5.289454460144043
4.292886734008789
5.178559303283691
4.09168004989624
4.083652019500732
4.523324489593506
4.091235637664795
4.120939254760742
4.836637020111084
5.00758171081543
4.787436008453369
4.088372707366943
5.300321102142334
4.263792037963867
4.290526866912842
30.04056167602539
22.823631286621094
4.182093620300293
15.15461254119873
5.372026443481445
6.846495151519775
5.394307613372803
4.127198219299316
5.98525333404541
4.669010162353516
4.193702697753906
4.193741798400879
4.277110576629639
4.54455041885376
21.963579177856445
8.853780746459961
4.552482604980469
6.78182315826416
5.358720302581787
4.121368885040283
4.84423828125
4.801588535308838
3.9467060565948486
5.087152004241943
17.46731948852539
22.31039810180664
5.455821990966797
4.3931884765625
5.201362133026123
5.202322006225586
5.086211681365967
3.8254451751708984
4.805978775024414
19.449542999267578
4.683325290679932
15.822044372558594
4.84922981262207
4.484950542449951
4.635970115661621
11.760852813720703
4.503148078918457
5.499320030212402
9.642522811889648
7.94966459274292
4.510282516479492
5.100505352020264
4.619345664978027
18.37691879272461
4.848087787628174
5.6715240478515625
6.484873294830322
4.94979190826416
6.755349159240723
14.394638061523438
5.050695896148682
4.597751617431641
5.791116237640381
4.124275207519531
4.753856658935547
4.302518367767334
4.906266689300537
9.72575855255127
10.188401222229004
7.1683549880981445
4.985289573669434
6.2472639083862305
4.384529113769531
5.068177223205566
4.868744850158691
4.936141014099121
4.587632179260254
4.2411980628967285
18.61082649230957
10.598021507263184
4.251729488372803
4.607574939727783
4.173434734344482
15.19646167755127
8.27194595336914
12.189849853515625
5.745631217956543
4.643657207489014
4.892979621887207
5.715195178985596
3.9277923107147217
26.34432601928711
10.080068588256836
6.187051296234131
4.493417263031006
6.224272727966309
6.321037769317627
7.189826488494873
4.347846031188965
4.744534969329834
28.85588264465332
4.375016212463379
4.915615081787109
27.672101974487305
4.380951404571533
4.152426719665527
4.824061870574951
5.282392501831055
3.8382368087768555
4.950889587402344
5.096371173858643
5.2815423011779785
4.183105945587158
4.473474025726318
9.864137649536133
4.492491245269775
4.413754940032959
7.263188362121582
4.77798318862915
3.7976737022399902
4.609169960021973
5.535928726196289
16.876874923706055
31.489355087280273
4.537827014923096
16.502023696899414
6.5161333084106445
4.853065013885498
6.241740703582764
4.577817916870117
4.966187000274658
10.131747245788574
21.485485076904297
9.47434139251709
8.475200653076172
5.014899253845215
4.803984642028809
6.451793670654297
19.067251205444336
5.391294479370117
4.166304588317871
4.8216657638549805
4.954728603363037
5.050286769866943
12.826913833618164
5.804746627807617
11.06633186340332
5.074361801147461
4.184839725494385
17.728412628173828
6.805944442749023
3.8722116947174072
4.230193138122559
5.012823104858398
4.04254674911499
15.093995094299316
5.384156227111816
3.8272593021392822
38.241111755371094
5.2164764404296875
6.127591609954834
5.202003479003906
4.885969638824463
4.476012706756592
4.453922748565674
4.348674297332764
26.299182891845703
4.629523277282715
5.26193904876709
4.293582916259766
33.653419494628906
4.666975021362305
4.98927116394043
5.727899551391602
6.88596773147583
8.966109275817871
23.931591033935547
4.4757466316223145
5.341846466064453
4.800414085388184
5.1078691482543945
4.114355087280273
3.813053607940674
14.364444732666016
4.906851768493652
7.211058616638184
4.291924953460693
5.078256130218506
4.265263557434082
4.706848621368408
4.188771724700928
4.479790210723877
4.165652275085449
4.434623718261719
6.921660900115967
20.490373611450195
4.210265636444092
8.854681015014648
4.776428699493408
7.757270336151123
4.262706279754639
4.7397966384887695
7.475861549377441
4.4359259605407715
5.057977199554443
19.779932022094727
5.105071067810059
6.802907466888428
32.13938522338867
8.7980318069458
9.757240295410156
5.446629047393799
4.423768043518066
5.604773998260498
4.038973331451416
11.98514461517334
4.678176403045654
9.506853103637695
4.428315162658691
5.314580917358398
14.385093688964844
4.3098602294921875
19.594825744628906
26.071495056152344
4.381365776062012
7.444314002990723
15.332649230957031
5.004054546356201
4.4774394035339355
13.531149864196777
4.238687515258789
5.157138824462891
4.238156795501709
5.350987911224365
3.9320485591888428
12.45313549041748
4.002026081085205
24.96891212463379
4.055572986602783
12.791097640991211
7.002387523651123
25.454296112060547
24.505834579467773
4.110837459564209
5.192155361175537
11.334877967834473
32.509605407714844
3.9778740406036377
4.898013114929199
4.582125663757324
5.513341903686523
22.27649688720703
6.996140956878662
3.960211992263794
4.558517932891846
4.80151891708374
24.498380661010742
4.291794300079346
21.231767654418945
11.049236297607422
4.237268447875977
4.888418674468994
23.82521629333496
4.818726539611816
4.554690837860107
4.4635725021362305
5.56205940246582
4.859984397888184
4.995909690856934
4.093863487243652
22.494665145874023
21.036279678344727
4.7875590324401855
5.172129154205322
4.983782768249512
4.505960941314697
4.698721885681152
22.987499237060547
5.847817420959473
22.139394760131836
19.568578720092773
22.581804275512695
4.590538501739502
5.2214226722717285
4.490752220153809
4.894074440002441
5.5963029861450195
5.554401397705078
5.994883060455322
9.18125057220459
5.992854118347168
4.774934768676758
4.834412097930908
4.869694709777832
3.990959882736206
6.535755634307861
10.967562675476074
24.291461944580078
3.975231647491455
4.106343746185303
4.4375529289245605
53.61912155151367
17.7779598236084
4.165980339050293
17.97808265686035
28.424943923950195
5.161226749420166
4.4422430992126465
10.581097602844238
4.941972255706787
4.223496437072754
13.567986488342285
4.349350452423096
4.668503761291504
4.615973472595215
4.63839864730835
4.590718746185303
4.9405927658081055
4.236841201782227
4.06382417678833
32.32334518432617
4.702206134796143
6.8877973556518555
19.47239875793457
9.08492660522461
4.283209800720215
3.990283966064453
14.71658706665039
26.915081024169922
5.051512241363525
5.159032821655273
4.82921838760376
10.203451156616211
5.614803314208984
4.845166206359863
5.180680274963379
4.7286248207092285
4.43735933303833
7.534698486328125
5.225326061248779
4.170299530029297
4.371639728546143
8.051782608032227
4.439521312713623
3.9350593090057373
28.981523513793945
4.210423946380615
5.132038116455078
4.0155930519104
5.839057922363281
4.7558794021606445
4.427389621734619
5.696115970611572
5.1685333251953125
26.405319213867188
4.248556613922119
4.3274993896484375
28.43582534790039
5.198862075805664
14.619400978088379
4.936193466186523
4.363738536834717
4.073151111602783
4.743939399719238
11.763168334960938
4.273525238037109
3.9545135498046875
4.185212135314941
4.256496429443359
5.510715007781982
16.616811752319336
4.526092529296875
39.96726608276367
3.7502269744873047
4.297060966491699
27.421859741210938
5.257988929748535
8.106186866760254
26.418224334716797
4.024817943572998
4.439632415771484
5.481770038604736
18.86934471130371
11.097062110900879
7.394921779632568
6.355377197265625
5.304218292236328
8.356459617614746
5.513426303863525
5.623274803161621
5.898839950561523
5.291786193847656
13.641500473022461
6.768476486206055
4.622474670410156
14.420292854309082
4.210249423980713
4.37817907333374
5.699287414550781
5.874385833740234
4.658205509185791
4.047961711883545
4.34021520614624
4.699607849121094
4.030887603759766
4.659688949584961
26.519258499145508
4.338943004608154
4.665746688842773
4.526830673217773
5.261394500732422
5.07907772064209
38.631187438964844
4.427065372467041
3.9560205936431885
3.895658016204834
4.216519355773926
4.326135635375977
4.40086030960083
4.290847301483154
4.946717262268066
8.890960693359375
35.68354034423828
6.284415245056152
20.413677215576172
4.763667583465576
15.91557788848877
4.114348888397217
4.042996883392334
4.132331848144531
4.657418251037598
4.355289459228516
4.680678367614746
5.2277984619140625
4.526559829711914
5.0741047859191895
4.06793737411499
4.209304332733154
5.829827785491943
3.9612741470336914
3.943895101547241
17.99581527709961
4.0415143966674805
12.381660461425781
4.097208499908447
10.209646224975586
13.22786808013916
4.318994045257568
7.4939351081848145
4.081417083740234
4.248016357421875
5.70852518081665
4.1208648681640625
5.732176780700684
11.808197021484375
4.243654727935791
5.483974933624268
21.12714195251465
4.15916633605957
4.70751953125
5.75535774230957
7.367005825042725
4.328810214996338
4.160359859466553
12.329976081848145
4.354312896728516
28.84217643737793
4.231055736541748
4.02727746963501
35.1129150390625
3.82570481300354
5.418766975402832
4.002256393432617
29.006126403808594
5.094620227813721
8.271244049072266
4.328131198883057
4.4288411140441895
16.473905563354492
5.5485711097717285
9.824341773986816
17.227577209472656
4.909799098968506
4.468758583068848
4.076660633087158
6.4626970291137695
4.463754177093506
5.328836441040039
4.529328346252441
4.614383697509766
4.257120609283447
10.003739356994629
27.507524490356445
4.850976467132568
4.3234076499938965
4.618660926818848
49.34117889404297
4.276098251342773
4.064055442810059
4.97309684753418
6.774350166320801
3.860466480255127
7.125516891479492
4.025598049163818
29.371667861938477
4.949619293212891
18.978742599487305
6.952474594116211
33.57530212402344
3.814983606338501
5.8190016746521
4.570105075836182
3.893303632736206
4.005546569824219
14.6631498336792
4.716912746429443
7.940083980560303
4.330986022949219
7.843868732452393
3.985241413116455
4.709195137023926
4.971948146820068
5.296481132507324
30.91008949279785
9.831779479980469
4.1474432945251465
4.121800899505615
4.450403690338135
4.026741027832031
3.8461575508117676
3.6547720432281494
5.404372692108154
4.150531768798828
4.0752644538879395
29.88869857788086
4.173717498779297
3.678858995437622
4.654377460479736
11.261123657226562
14.730305671691895
4.017611026763916
12.421529769897461
12.574204444885254
5.243049144744873
14.185778617858887
6.766359806060791
5.072000503540039
21.579254150390625
4.055743217468262
5.155019283294678
5.605043411254883
5.104257106781006
5.2246198654174805
4.621145248413086
5.714605331420898
4.882250785827637
3.9590930938720703
4.448368072509766
4.2173004150390625
4.213845252990723
20.371145248413086
3.885525703430176
28.15584945678711
4.056118965148926
27.687559127807617
15.058467864990234
4.4036431312561035
4.889100551605225
4.771143436431885
6.937929630279541
4.612273216247559
9.703022003173828
4.210352897644043
4.150841236114502
6.393806457519531
22.48112678527832
4.524951457977295
24.034727096557617
3.7841291427612305
3.689945697784424
4.163615703582764
19.96328353881836
4.721054553985596
4.205994606018066
5.7712788581848145
3.958162546157837
4.151970863342285
4.85537576675415
12.70163345336914
4.329134941101074
4.0713210105896
6.203744411468506
5.132870197296143
23.71601104736328
7.735269546508789
4.335086822509766
8.154851913452148
3.93807315826416
57.51792526245117
17.58519744873047
5.021566867828369
19.86086082458496
6.206381797790527
6.727301597595215
5.637601852416992
6.16530179977417
10.211207389831543
7.447867393493652
4.866086483001709
25.31230926513672
6.700081825256348
6.799388408660889
5.144411087036133
21.48420524597168
5.250795364379883
5.3272929191589355
4.409567356109619
24.894716262817383
14.788529396057129
4.8606743812561035
7.4221320152282715
4.8221659660339355
4.170841217041016
4.299077033996582
7.681839466094971
6.590091228485107
20.24819564819336
6.206890106201172
4.017364978790283
4.503288745880127
4.106499195098877
4.233251094818115
4.242201328277588
3.9605166912078857
4.435661315917969
4.1522908210754395
7.196647644042969
5.0664472579956055
3.9267590045928955
4.323783874511719
4.347929954528809
38.13449478149414
4.429420471191406
5.016390800476074
4.163743019104004
4.2474164962768555
13.636906623840332
4.660431861877441
4.119041442871094
5.1731767654418945
4.902853488922119
4.299090385437012
19.40338706970215
13.771557807922363
15.095332145690918
4.765556335449219
5.907568454742432
3.966165781021118
4.0309858322143555
6.478721618652344
4.067056655883789
3.8585562705993652
9.975963592529297
4.757635116577148
4.449307441711426
4.234960079193115
7.520905494689941
28.888277053833008
4.55159330368042
4.246396064758301
4.330402851104736
4.541636943817139
4.887838363647461
4.222010612487793
4.865972518920898
4.14697790145874
4.23136043548584
4.6369476318359375
36.379188537597656
4.123368740081787
4.6404128074646
3.9849698543548584
7.284770488739014
6.058327674865723
4.7036614418029785
29.260202407836914
4.460290431976318
4.370800495147705
3.960156202316284
4.17643404006958
3.931281328201294
3.7129108905792236
32.935638427734375
5.3999738693237305
4.114770889282227
4.25453519821167
4.15773344039917
5.105238437652588
4.276891231536865
4.003607749938965
4.56801700592041
4.711715221405029
4.923699855804443
4.048794269561768
28.522838592529297
4.458281517028809
3.654588222503662
4.176319122314453
4.156343936920166
3.883197069168091
5.02338981628418
14.807232856750488
5.246294975280762
3.8922252655029297
4.175453186035156
4.090305328369141
10.395453453063965
4.194457054138184
3.940737724304199
26.84099006652832
4.045454978942871
4.587316513061523
4.125235557556152
4.556589603424072
4.05706262588501
4.007454872131348
4.045856475830078
33.63239288330078
4.472259998321533
3.659188747406006
4.092580795288086
26.566471099853516
3.8756492137908936
4.137447357177734
5.2672858238220215
3.673882484436035
20.7255802154541
9.75538444519043
4.077845573425293
4.140172481536865
10.716492652893066
4.349138259887695
3.900893449783325
4.136546611785889
4.806761264801025
13.86970329284668
4.851611614227295
4.106917858123779
23.071895599365234
3.9714486598968506
8.980165481567383
3.791167736053467
3.958648681640625
6.896973609924316
4.748028755187988
21.56694984436035
4.321188449859619
5.2947797775268555
8.832417488098145
13.410012245178223
11.315530776977539
5.317966461181641
5.9752421379089355
4.626296520233154
4.891684532165527
4.68162727355957
5.193008899688721
4.5544610023498535
4.238106727600098
12.17492389678955
3.889500856399536
3.7649693489074707
6.4151225090026855
4.039861679077148
8.734163284301758
4.57680082321167
3.6868560314178467
3.601512908935547
9.330897331237793
5.271132946014404
4.267658710479736
7.8497514724731445
4.424677848815918
4.889432907104492
3.722985029220581
3.943235397338867
11.079200744628906
4.556117534637451
20.774993896484375
4.580809593200684
3.766167163848877
21.871131896972656
5.165156841278076
4.49881649017334
5.323812484741211
14.040767669677734
4.14816951751709
4.3645172119140625
5.6504292488098145
9.794727325439453
4.682796955108643
5.0276288986206055
5.102414131164551
16.307100296020508
11.741726875305176
6.702879905700684
5.974808692932129
14.919074058532715
4.5150532722473145
4.28691291809082
4.744776248931885
17.184152603149414
5.364306449890137
4.622941493988037
4.451023101806641
10.442639350891113
3.6655802726745605
4.019004821777344
4.4249444007873535
4.3606743812561035
4.029259204864502
26.992233276367188
27.47032928466797
4.147280693054199
3.750333547592163
3.9381797313690186
13.801198959350586
4.107241630554199
6.684309482574463
41.708099365234375
4.428670406341553
4.059868335723877
10.15616226196289
4.115748882293701
3.7214691638946533
3.8753108978271484
11.199697494506836
32.013648986816406
4.705999374389648
6.320788860321045
4.027294635772705
4.462703227996826
7.345425128936768
3.6273930072784424
5.403393268585205
25.152629852294922
15.402177810668945
4.412978649139404
6.154711723327637
4.242645740509033
4.061372756958008
4.458190441131592
4.193150997161865
4.041773319244385
4.831313610076904
40.42310333251953
4.755867004394531
6.423275947570801
4.384357452392578
27.43825340270996
20.518478393554688
3.7473504543304443
4.244290828704834
4.332574367523193
25.25484275817871
24.052051544189453
4.385289192199707
4.279736042022705
3.7460286617279053
3.66695499420166
21.444320678710938
6.679067134857178
3.9733378887176514
13.563106536865234
4.490170001983643
4.371805191040039
4.997509002685547
23.782222747802734
3.917637825012207
4.1902642250061035
4.002960681915283
9.853259086608887
4.423866271972656
18.492164611816406
3.8931186199188232
15.066323280334473
5.482960224151611
27.470426559448242
4.630214691162109
20.091930389404297
4.171623706817627
4.4624481201171875
4.058069705963135
6.307835102081299
5.0562520027160645
4.524111270904541
4.8183417320251465
4.407751560211182
4.539135932922363
19.981426239013672
4.473657608032227
4.522681713104248
36.72232437133789
6.993690490722656
5.1223626136779785
21.407400131225586
4.163183212280273
27.02822494506836
3.7589733600616455
4.331686973571777
25.95553207397461
27.561811447143555
15.942934036254883
5.198709964752197
25.741744995117188
4.061906814575195
6.699998378753662
5.55370569229126
7.433460712432861
25.77060890197754
5.873570442199707
4.067506313323975
4.782654762268066
6.157202243804932
5.93047571182251
4.914678573608398
5.440915107727051
3.722081422805786
25.188804626464844
4.571374893188477
5.377232074737549
12.346217155456543
4.879938125610352
6.97497034072876
4.793957233428955
4.234117031097412
4.591649055480957
4.457204818725586
4.971574783325195
4.60867166519165
4.556380271911621
15.154125213623047
4.719814777374268
27.9083251953125
4.415381908416748
3.8784537315368652
19.991764068603516
4.081547260284424
4.168344974517822
3.8856706619262695
4.06348991394043
16.28888511657715
4.061226844787598
3.8893895149230957
7.369536876678467
4.290119171142578
8.726075172424316
3.7308335304260254
32.64629364013672
3.937138795852661
5.596131801605225
4.06995964050293
5.953449726104736
5.367002010345459
4.358798503875732
4.238165378570557
13.650691032409668
26.31778335571289
4.3118367195129395
6.573211669921875
4.97760009765625
5.117395401000977
4.574107646942139
3.905750274658203
24.52678680419922
4.750450611114502
4.39867639541626
5.736033916473389
4.709791660308838
3.798931837081909
4.937287330627441
12.062287330627441
4.19848108291626
4.683034896850586
4.2975969314575195
11.634930610656738
3.8670201301574707
4.296656608581543
20.084171295166016
4.507833957672119
4.6419854164123535
4.517398834228516
4.5163702964782715
4.202748775482178
4.365017414093018
3.9240562915802
4.274986267089844
4.900454998016357
17.807762145996094
4.272613525390625
3.9350247383117676
4.468606948852539
4.71640157699585
4.094688415527344
5.171257019042969
4.341166973114014
4.129039764404297
3.7190465927124023
4.029723167419434
6.827483654022217
21.39448356628418
4.113870620727539
3.6906144618988037
4.541551113128662
10.385074615478516
4.124434947967529
11.161554336547852
4.608323574066162
3.7397608757019043
3.8165712356567383
5.835505485534668
4.669740200042725
25.836763381958008
3.5697412490844727
4.712461948394775
5.18633508682251
4.2952799797058105
4.936069965362549
20.09417724609375
4.454272747039795
4.81473970413208
5.063650131225586
3.6580007076263428
4.678764343261719
24.457984924316406
4.229133129119873
4.043539524078369
20.09217071533203
4.5367536544799805
25.636245727539062
3.719374179840088
28.00467300415039
3.854604482650757
4.65838098526001
4.016108989715576
22.618581771850586
15.028177261352539
4.931984901428223
5.626559257507324
4.411256313323975
4.059782981872559
3.8234872817993164
5.369246006011963
5.245716094970703
25.650604248046875
4.48982572555542
4.0071306228637695
4.627937316894531
4.490391254425049
6.014894962310791
26.79688262939453
3.928800344467163
4.044999599456787
23.592529296875
4.35984992980957
7.535781383514404
4.124675273895264
3.812406063079834
4.346489429473877
3.7701690196990967
5.071857452392578
22.55129623413086
5.498085021972656
6.799135684967041
4.2094597816467285
6.367795467376709
4.0138373374938965
6.88159704208374
4.760240077972412
4.335168361663818
4.32841682434082
3.671647548675537
4.886316776275635
4.406722545623779
3.9955761432647705
4.7971415519714355
6.439464569091797
3.849365472793579
3.7726569175720215
4.298501968383789
4.200258255004883
4.307340621948242
27.374454498291016
4.052990913391113
4.756916522979736
4.003228187561035
4.280894756317139
3.8615758419036865
3.7796475887298584
3.594836711883545
27.562793731689453
4.095149993896484
4.338075637817383
3.9116809368133545
5.512879848480225
4.025571346282959
4.146215438842773
5.06118631362915
4.450842380523682
3.941394805908203
19.132579803466797
3.906033754348755
5.294509410858154
3.8140671253204346
17.22557830810547
4.2403411865234375
4.167411804199219
3.7440500259399414
9.483329772949219
4.281601428985596
4.208714962005615
4.191782474517822
4.040513038635254
4.686056137084961
3.588268280029297
4.026610374450684
4.497467994689941
3.7250072956085205
17.66476821899414
4.930662631988525
3.8435137271881104
33.46883773803711
20.933725357055664
4.887739181518555
32.63267517089844
4.2414870262146
3.9335243701934814
3.822998285293579
4.354551792144775
5.441068649291992
5.023087978363037
4.315742015838623
4.791511058807373
4.361557960510254
3.752207040786743
4.940311431884766
4.262489318847656
4.225409507751465
5.3230509757995605
3.942876100540161
24.94210433959961
7.957037925720215
4.261064529418945
4.86157751083374
25.800357818603516
18.510316848754883
5.965964317321777
4.393348693847656
5.134580135345459
4.067346096038818
4.480838775634766
3.608457326889038
4.681641578674316
4.35023832321167
4.926995754241943
14.76901912689209
5.549082279205322
4.723599433898926
5.582477569580078
4.289397239685059
15.65130615234375
5.486436367034912
3.927184581756592
5.740269660949707
4.1836771965026855
5.003032684326172
10.208002090454102
4.434528350830078
4.41976261138916
26.002912521362305
4.817687511444092
3.750605583190918
5.204178810119629
4.199936389923096
24.697629928588867
4.061322212219238
4.202613353729248
18.989328384399414
35.2602424621582
4.3175883293151855
14.97028636932373
15.599196434020996
23.754037857055664
4.837064743041992
5.015254020690918
4.247920036315918
14.321358680725098
4.553160667419434
16.452014923095703
3.993706703186035
4.1408233642578125
3.7941033840179443
6.878499984741211
4.107791900634766
