314.4560546875
279.3815612792969
253.5290069580078
281.43365478515625
270.3755187988281
268.09912109375
287.01995849609375
173.21707153320312
262.2499084472656
249.51531982421875
287.88909912109375
245.68927001953125
289.6648254394531
254.31500244140625
240.75686645507812
242.37103271484375
287.45782470703125
251.19387817382812
257.765625
257.7210998535156
281.77679443359375
221.58413696289062
254.5328369140625
273.37744140625
284.1819763183594
203.4196014404297
285.25543212890625
281.46710205078125
250.4879608154297
273.369140625
263.70819091796875
244.2181854248047
253.29483032226562
234.54295349121094
264.0530090332031
257.63531494140625
229.593505859375
235.28099060058594
259.900634765625
270.17041015625
226.447509765625
179.84373474121094
253.81094360351562
192.26353454589844
195.77645874023438
258.0405578613281
252.60804748535156
233.3730010986328
251.4729461669922
244.62059020996094
226.2270050048828
259.2601623535156
220.46151733398438
256.9969177246094
261.9981384277344
219.97792053222656
256.981689453125
203.4905242919922
221.0240478515625
204.34722900390625
237.96954345703125
254.91073608398438
208.98643493652344
247.67526245117188
249.79469299316406
253.69305419921875
240.49951171875
209.2509307861328
208.4542236328125
207.56869506835938
215.4663848876953
177.8131561279297
190.4593505859375
191.26869201660156
207.5689239501953
151.12509155273438
174.7463836669922
186.85557556152344
141.85800170898438
123.41980743408203
157.83291625976562
118.1058349609375
126.13143920898438
110.69860076904297
78.41138458251953
104.55982971191406
95.34042358398438
61.91738510131836
71.27935028076172
105.7220458984375
64.58776092529297
62.62226867675781
51.24111557006836
53.92798614501953
41.721946716308594
42.05244064331055
56.11955261230469
53.89126205444336
53.811485290527344
73.4710464477539
41.60747146606445
59.83796310424805
45.01166534423828
49.40788269042969
23.403520584106445
14.60997200012207
21.376873016357422
14.886033058166504
12.144639015197754
20.636688232421875
12.823680877685547
9.353657722473145
12.569109916687012
12.251738548278809
10.97860336303711
11.294992446899414
6.133123397827148
13.226373672485352
7.910317420959473
11.865757942199707
10.137764930725098
16.089664459228516
13.571211814880371
10.058253288269043
7.295208930969238
7.409607887268066
13.843315124511719
11.952654838562012
20.289932250976562
8.690482139587402
6.233998775482178
4.644410610198975
7.649373531341553
8.005403518676758
13.541268348693848
6.644764423370361
8.808379173278809
10.797861099243164
4.383137226104736
8.081366539001465
6.5404372215271
4.695078372955322
9.1882963180542
8.016489028930664
11.068342208862305
8.249165534973145
9.816749572753906
10.528733253479004
13.898573875427246
5.294498443603516
7.933217525482178
13.848007202148438
7.204807758331299
10.500499725341797
20.981603622436523
14.657002449035645
8.178009986877441
11.863885879516602
15.628148078918457
8.598089218139648
8.4900541305542
9.195256233215332
5.647014617919922
5.874320983886719
12.077957153320312
5.951081275939941
9.815133094787598
11.306401252746582
6.344178199768066
9.143622398376465
4.0737714767456055
6.343865394592285
13.136773109436035
4.714774131774902
5.274495601654053
6.372071743011475
9.233719825744629
13.140416145324707
4.602621078491211
5.031822681427002
6.310707092285156
8.579524040222168
4.7745256423950195
2.3419671058654785
10.815154075622559
3.8380770683288574
4.86144495010376
7.236476421356201
4.294806957244873
9.43880844116211
11.045881271362305
4.757607460021973
9.063559532165527
4.927004814147949
8.96216869354248
15.619561195373535
7.7302327156066895
9.622568130493164
12.379255294799805
8.564697265625
7.538332462310791
11.945171356201172
8.059754371643066
5.635239124298096
6.422350883483887
7.032266616821289
6.539554119110107
6.978631019592285
2.727543354034424
2.4798738956451416
4.610405921936035
3.4855000972747803
6.102806091308594
7.785001277923584
4.155686855316162
4.285902976989746
5.694054126739502
5.960334777832031
6.000003814697266
6.674019813537598
5.88248348236084
5.145386695861816
4.001760482788086
5.345037460327148
5.619500160217285
3.990694284439087
6.220672607421875
3.776198625564575
4.40260124206543
4.5461859703063965
6.841588020324707
3.599480152130127
4.464700698852539
4.099035739898682
5.55243444442749
5.574149131774902
4.326875686645508
5.5088114738464355
4.213023662567139
8.947551727294922
4.16711950302124
7.323998928070068
6.906979084014893
7.985974311828613
5.772568702697754
6.305130958557129
4.344859600067139
6.843647480010986
7.744144439697266
8.424833297729492
6.87021541595459
5.646307945251465
5.648085117340088
4.264729022979736
8.298140525817871
11.554677963256836
6.2521209716796875
10.61924934387207
9.39719295501709
4.812775135040283
7.316841125488281
4.0161237716674805
5.650256156921387
5.759979724884033
3.9525182247161865
7.511470317840576
3.6247310638427734
3.319784641265869
3.5055954456329346
7.606240749359131
5.945001125335693
4.190058708190918
3.727245807647705
3.355668067932129
5.378847599029541
3.096137046813965
5.652382850646973
4.567812442779541
3.018874406814575
4.692525386810303
5.039880752563477
6.479333400726318
7.251359939575195
9.10362720489502
5.618329048156738
5.151557922363281
3.3334672451019287
3.255509853363037
5.047515392303467
5.0851616859436035
5.213861465454102
9.835946083068848
4.705864429473877
5.96721076965332
3.264176368713379
5.44730281829834
5.290996551513672
3.500196933746338
7.1369500160217285
2.8653855323791504
8.079133033752441
7.6612372398376465
6.231439590454102
5.263248920440674
8.988373756408691
7.44996452331543
6.849392890930176
5.133622169494629
7.656744956970215
6.255247592926025
5.180681228637695
4.642331600189209
6.581264495849609
5.142601490020752
4.525970458984375
2.77166748046875
3.3102519512176514
4.6134867668151855
4.971237659454346
6.656620025634766
5.07517671585083
4.444377422332764
4.528709888458252
3.3581771850585938
5.597883701324463
4.597491264343262
7.902827739715576
7.102128028869629
5.971446990966797
3.6033132076263428
6.3654398918151855
5.034368991851807
4.94558572769165
5.049879550933838
4.472919464111328
4.850111961364746
4.744763374328613
3.609567165374756
3.104403018951416
4.063200950622559
4.779022216796875
3.795163631439209
5.242094993591309
3.713253974914551
6.231943130493164
4.821793079376221
6.067139148712158
4.817318439483643
4.111709117889404
5.939751625061035
2.561460256576538
6.614253520965576
4.77720308303833
5.211855888366699
3.939479351043701
6.269925594329834
6.087865352630615
3.155409097671509
4.37515926361084
5.332452774047852
4.849299907684326
3.2234246730804443
3.665836811065674
4.866074085235596
4.3682475090026855
3.9286162853240967
5.9935688972473145
4.394082069396973
5.041479110717773
5.300183296203613
3.9178292751312256
6.8364763259887695
4.057910919189453
3.892557382583618
2.7076361179351807
5.336494445800781
2.9763927459716797
3.710423707962036
5.349181652069092
4.121366500854492
3.3274295330047607
3.752685308456421
4.5261359214782715
4.681155681610107
3.5501372814178467
4.819574356079102
4.94741153717041
4.6856184005737305
3.5306508541107178
5.320374488830566
4.729849338531494
3.7653658390045166
4.731232166290283
3.3231492042541504
4.027472496032715
2.9313700199127197
3.966803550720215
2.735710382461548
5.5176849365234375
5.4750471115112305
2.5692384243011475
4.818592548370361
5.0787672996521
3.4475486278533936
3.049838066101074
3.449601888656616
2.8353497982025146
3.5813567638397217
4.199752330780029
4.044863224029541
3.512535572052002
4.133552074432373
5.545893669128418
3.9628522396087646
4.724234104156494
4.91444206237793
2.519834518432617
4.842601299285889
3.5868916511535645
3.7205302715301514
4.403057098388672
4.0863938331604
4.341361045837402
4.766226768493652
3.0889952182769775
5.293994426727295
2.802201271057129
5.696802139282227
3.4122085571289062
4.669220924377441
1.6344608068466187
5.810861110687256
5.209827899932861
3.6374499797821045
3.6992645263671875
1.7056477069854736
4.949441909790039
5.933063983917236
4.947167873382568
3.2325990200042725
5.619911193847656
4.830750465393066
4.33063268661499
5.253262519836426
4.248753070831299
4.333707332611084
4.241800785064697
4.39972448348999
3.390082597732544
4.391404151916504
5.44358491897583
3.6030735969543457
3.120560884475708
3.312162399291992
4.51729154586792
3.482869863510132
5.268944263458252
5.939022064208984
4.099689483642578
3.9437203407287598
3.7088470458984375
3.4722821712493896
2.69866681098938
4.158545970916748
4.70245885848999
3.684185266494751
4.436642646789551
3.8946523666381836
4.285349369049072
3.43914532661438
3.61603045463562
3.4073920249938965
5.6887617111206055
4.4830322265625
3.379009485244751
5.301355361938477
4.6807355880737305
4.510589122772217
2.4411227703094482
4.325863838195801
4.338838577270508
5.367081165313721
4.971827507019043
3.5932488441467285
4.6665849685668945
5.771278381347656
3.629568338394165
6.4254326820373535
4.245226860046387
4.049513816833496
4.744897842407227
4.0074849128723145
7.149160385131836
6.257901191711426
3.8485522270202637
6.0006513595581055
5.431182861328125
3.1761114597320557
6.864808559417725
9.518000602722168
5.443448543548584
4.497320652008057
6.861252784729004
4.3550190925598145
4.322692394256592
5.755966663360596
4.442991733551025
5.217240333557129
4.283504962921143
4.1652092933654785
5.359589576721191
3.982517957687378
5.47322416305542
6.684985637664795
4.937222480773926
4.006825923919678
5.5572123527526855
3.669759750366211
5.867691993713379
8.230463981628418
3.868673086166382
8.612763404846191
7.14921236038208
4.173635959625244
8.829850196838379
7.992771148681641
6.658370018005371
5.8299078941345215
8.159683227539062
3.6961376667022705
6.337052822113037
7.143899917602539
4.295015811920166
5.768701553344727
7.701805591583252
4.212554454803467
6.354633331298828
7.600593090057373
4.0134477615356445
4.636435508728027
7.330565929412842
4.283440589904785
2.907383918762207
4.02643346786499
4.708469867706299
4.198599338531494
4.0844926834106445
3.145930290222168
2.7953312397003174
4.067091941833496
3.5555806159973145
6.142291069030762
4.667851448059082
3.8355090618133545
4.344830513000488
3.625883102416992
5.200173377990723
5.387326717376709
4.0949554443359375
4.2158331871032715
3.7763071060180664
2.8894412517547607
2.361079216003418
3.736395835876465
5.25584077835083
4.333222389221191
1.976563572883606
4.1497111320495605
3.465481758117676
2.76601505279541
2.6188833713531494
3.5263681411743164
3.7161381244659424
6.897198677062988
5.38593864440918
3.338498115539551
5.27130126953125
5.57404899597168
3.877311944961548
4.712544918060303
5.6895012855529785
3.3227550983428955
5.889248847961426
2.2157156467437744
2.9356436729431152
3.1937246322631836
2.00769305229187
2.821242570877075
5.14182186126709
1.9105933904647827
3.263603687286377
3.1118335723876953
4.2751665115356445
5.332425594329834
3.5234999656677246
4.351525783538818
5.8124871253967285
4.398365020751953
4.142296314239502
4.989192485809326
4.690573692321777
4.677474498748779
4.687272548675537
3.0790164470672607
5.186286449432373
6.108608722686768
3.6223485469818115
2.969935417175293
2.161572217941284
5.161320686340332
3.7988665103912354
3.5841026306152344
4.425171375274658
3.3862595558166504
3.8679697513580322
3.587611675262451
3.5976810455322266
4.776039123535156
2.291231393814087
2.39031720161438
3.751828670501709
4.036803245544434
4.943536758422852
4.9777936935424805
2.1770598888397217
3.0512115955352783
2.3725712299346924
3.5628371238708496
3.032172918319702
4.5505805015563965
2.275578737258911
5.079230785369873
6.0207133293151855
3.80465030670166
5.539464950561523
8.214388847351074
4.714924335479736
3.6646735668182373
6.317775249481201
3.984248638153076
5.1489434242248535
5.3128814697265625
2.8041670322418213
3.495366096496582
3.1182961463928223
2.69303822517395
4.602629661560059
6.0848612785339355
3.0234265327453613
4.107886791229248
4.214562892913818
3.5704920291900635
5.295408725738525
3.0094034671783447
2.783599615097046
4.214812755584717
2.4878616333007812
4.450706958770752
3.284907102584839
3.859805107116699
4.113305568695068
2.989750862121582
2.852541923522949
3.001467704772949
3.187880754470825
2.565690517425537
2.003906011581421
3.1148457527160645
3.3420867919921875
4.347535133361816
3.343536853790283
3.694019079208374
6.043292999267578
5.0613484382629395
2.232954263687134
4.807961940765381
4.519104957580566
5.810981750488281
4.72630500793457
3.3889410495758057
3.0331308841705322
4.619006156921387
3.1840500831604004
3.3656165599823
3.078782320022583
3.3003976345062256
4.013824462890625
3.1239428520202637
2.187621593475342
5.017588138580322
4.705111980438232
4.147955417633057
4.767446994781494
2.593174934387207
3.321059226989746
3.9638540744781494
3.59792160987854
3.1918365955352783
2.226423740386963
2.7384321689605713
4.580873966217041
5.423240661621094
5.205514907836914
6.331271171569824
6.982860088348389
2.982595443725586
4.958177089691162
7.190201282501221
6.861853122711182
5.052236080169678
4.5053629875183105
6.582034587860107
6.145695686340332
2.1651546955108643
5.615925312042236
5.698596954345703
3.386558771133423
3.4769272804260254
5.201162815093994
3.335022449493408
2.5476369857788086
4.911264419555664
2.318765640258789
7.093509197235107
6.087075710296631
2.772885322570801
3.553657054901123
3.0581846237182617
2.8861124515533447
2.35404634475708
3.3423140048980713
3.1649723052978516
4.238520622253418
2.4933831691741943
4.260146617889404
6.699273109436035
3.2152273654937744
3.4787437915802
4.176896572113037
3.528799057006836
2.5477652549743652
3.814267635345459
3.591538190841675
2.0234451293945312
3.749363899230957
4.522285461425781
3.649888515472412
4.395994663238525
2.570225954055786
3.918872594833374
4.11137056350708
2.243980884552002
4.335594177246094
4.412583827972412
2.3777549266815186
4.245194911956787
2.9829797744750977
2.208307981491089
5.890120029449463
4.720993518829346
5.14286994934082
3.85443115234375
3.861393928527832
2.6802258491516113
4.5675506591796875
5.321627140045166
4.731893539428711
2.639359951019287
3.989515781402588
4.167842864990234
2.7764780521392822
4.218581199645996
3.5039823055267334
2.278433084487915
2.8583085536956787
4.971371173858643
3.5226023197174072
5.3398919105529785
3.4039833545684814
3.052107572555542
4.114206790924072
4.906651973724365
4.286302089691162
2.099877119064331
5.213595867156982
4.457070350646973
2.6383657455444336
2.8107106685638428
3.156465768814087
3.230348825454712
2.529823064804077
2.8349671363830566
2.101090431213379
2.120924949645996
2.070936441421509
4.7336835861206055
4.496420383453369
2.7785158157348633
2.8740367889404297
5.801553726196289
3.3788647651672363
4.606922626495361
2.875028610229492
2.1780171394348145
4.236604690551758
3.791165590286255
3.8224802017211914
2.995971441268921
2.6600253582000732
3.9274983406066895
5.496274948120117
2.356196165084839
3.405783176422119
3.8329994678497314
3.2781312465667725
2.4469316005706787
3.201582908630371
2.885239362716675
2.641587257385254
3.210282564163208
2.5715465545654297
1.7472177743911743
2.3339900970458984
2.2372453212738037
2.2164599895477295
2.9863882064819336
3.3249590396881104
2.509474039077759
1.773177981376648
2.8660945892333984
3.960601806640625
2.531903028488159
5.612306118011475
6.339434623718262
4.6552510261535645
4.396946907043457
4.772019386291504
1.806127667427063
1.8010735511779785
3.774470329284668
2.0574913024902344
2.672825336456299
4.180560111999512
2.06278920173645
2.0248098373413086
2.50063157081604
3.1357216835021973
4.1283745765686035
2.2832069396972656
2.3321495056152344
2.8905582427978516
2.816314697265625
3.1054582595825195
1.7426937818527222
2.617042303085327
1.9309858083724976
3.290273427963257
2.421339750289917
3.7091379165649414
2.7678191661834717
2.414888620376587
1.4334522485733032
1.992944598197937
1.7328007221221924
3.559890031814575
2.2927093505859375
3.445560932159424
4.314955711364746
6.85802698135376
3.8702552318573
2.4748194217681885
4.261641979217529
2.8381288051605225
2.4580891132354736
2.908931255340576
3.6773476600646973
2.702907085418701
1.018168568611145
2.0445497035980225
3.08996844291687
1.9129467010498047
1.9444091320037842
1.3720022439956665
2.4868345260620117
3.3401849269866943
3.1375064849853516
2.697427988052368
1.8591655492782593
4.64109992980957
3.437615156173706
2.691437005996704
1.9000377655029297
2.370713233947754
2.6796786785125732
3.696265459060669
2.5370383262634277
4.468505859375
3.8582966327667236
1.7975845336914062
3.4817912578582764
3.8810532093048096
2.0977325439453125
3.92124605178833
5.660606384277344
3.3041605949401855
4.585733413696289
2.152172327041626
3.8841683864593506
3.9383387565612793
3.1360039710998535
3.7396626472473145
5.8472700119018555
6.5747456550598145
3.4435336589813232
1.955879807472229
3.360893726348877
4.937013149261475
4.047140121459961
2.1117513179779053
2.8842484951019287
3.2183725833892822
3.8866331577301025
2.4853291511535645
2.660125494003296
3.716732978820801
1.6141741275787354
2.76479434967041
3.7030694484710693
1.6001529693603516
3.212865114212036
2.489961862564087
2.8541173934936523
2.281155586242676
2.0844569206237793
2.581359386444092
2.240344524383545
1.987297534942627
2.7502872943878174
3.0977284908294678
3.6571686267852783
2.292177200317383
2.8471245765686035
4.487603664398193
7.866001129150391
3.709775686264038
1.825695514678955
3.005063533782959
3.4817137718200684
1.6670929193496704
1.3937667608261108
2.3611855506896973
2.147693634033203
1.891131043434143
2.289975166320801
3.125682830810547
1.640604853630066
1.921626329421997
1.9378153085708618
3.9683728218078613
4.529437065124512
3.493640184402466
2.803814649581909
4.41265344619751
2.0400304794311523
1.7728996276855469
2.5172226428985596
5.185520172119141
4.551208972930908
2.7736315727233887
2.7257728576660156
5.067119121551514
3.8796682357788086
3.440654993057251
3.7538204193115234
3.7220237255096436
2.949990749359131
2.2673962116241455
3.561091184616089
4.248049736022949
3.3600659370422363
1.3800033330917358
2.1123507022857666
3.832533836364746
2.513401508331299
1.1075793504714966
1.7827074527740479
3.442357301712036
4.7120490074157715
2.349440097808838
1.9818975925445557
2.6889660358428955
4.574150085449219
4.883155822753906
3.298780679702759
2.500087261199951
3.818521022796631
3.3938915729522705
1.7795891761779785
2.0623440742492676
4.1226806640625
3.4705300331115723
2.6253652572631836
2.5873115062713623
1.3652780055999756
1.9776337146759033
1.9328583478927612
2.4874441623687744
3.771097421646118
2.0871529579162598
2.763073682785034
2.414273738861084
2.5561118125915527
2.19144344329834
1.5649700164794922
3.0815188884735107
4.264332294464111
4.136396884918213
1.9508053064346313
2.563734531402588
4.401602745056152
3.8467371463775635
4.363859176635742
2.1404340267181396
2.123983383178711
2.764582872390747
5.514111518859863
2.7396328449249268
1.4979040622711182
2.4114325046539307
2.963621139526367
3.9259145259857178
2.637463331222534
1.4233256578445435
1.9867210388183594
1.7941510677337646
3.091764450073242
2.553419589996338
1.8063249588012695
2.0129315853118896
2.1105594635009766
2.3271963596343994
3.356821298599243
3.2171084880828857
1.6581099033355713
1.6236034631729126
1.9952850341796875
2.3041775226593018
1.7994276285171509
3.0611979961395264
2.214094400405884
2.532396078109741
3.982919692993164
1.7959465980529785
1.372017502784729
1.8653581142425537
3.8385679721832275
2.4360430240631104
1.5441654920578003
1.9474838972091675
2.87104868888855
3.581669330596924
1.9575344324111938
1.7225403785705566
2.789771556854248
2.3191823959350586
2.0411605834960938
1.8132871389389038
4.7177510261535645
2.838947057723999
1.995298147201538
2.455195426940918
2.811296224594116
4.282565593719482
2.593304395675659
3.1739540100097656
1.1678237915039062
2.1370675563812256
3.26255464553833
2.011760711669922
1.7943135499954224
1.3254499435424805
1.6079128980636597
4.10075044631958
2.266650676727295
3.1860902309417725
2.667602300643921
1.96104097366333
1.9351561069488525
3.2687325477600098
4.440225601196289
3.153502941131592
3.410067081451416
1.7346957921981812
1.7937753200531006
3.206352710723877
2.309722423553467
2.3384945392608643
1.8908559083938599
1.2356771230697632
1.8679752349853516
3.2789525985717773
2.415294647216797
1.2764495611190796
4.032027721405029
2.7985761165618896
2.5368597507476807
8.949507713317871
1.886144995689392
2.186450481414795
2.09108829498291
1.6133596897125244
1.7706655263900757
2.2099597454071045
2.0923256874084473
2.471641778945923
2.4969115257263184
1.4565869569778442
2.8069729804992676
3.7015609741210938
2.5410819053649902
2.0222768783569336
1.2560425996780396
1.6088944673538208
2.319877862930298
2.1304891109466553
1.4503053426742554
2.7068684101104736
1.9931540489196777
2.521299362182617
2.338320732116699
2.039048433303833
1.57997465133667
1.2901228666305542
3.042337656021118
2.528954029083252
2.55523419380188
3.9018402099609375
1.8883291482925415
2.4047040939331055
0.9390023946762085
2.0108678340911865
1.714353322982788
2.0047037601470947
2.5204780101776123
2.0114095211029053
2.1207666397094727
2.4680399894714355
2.5865633487701416
2.1549928188323975
1.6537697315216064
1.235918402671814
2.6560821533203125
1.400619387626648
1.4488530158996582
2.2910056114196777
2.166356325149536
1.9866979122161865
1.5013293027877808
1.811720609664917
1.0005958080291748
2.8643083572387695
2.634640693664551
2.3034629821777344
1.5607881546020508
1.8393019437789917
1.3403006792068481
1.979308009147644
0.8520603775978088
1.4601011276245117
1.4895529747009277
2.987434148788452
2.365529775619507
1.0075477361679077
2.385434150695801
1.972095012664795
1.9422639608383179
