3218.674560546875
3535.8984375
3506.1572265625
2837.8701171875
3829.269287109375
3465.40966796875
2195.76513671875
2748.593994140625
3267.571533203125
2438.7744140625
2259.4990234375
3356.32080078125
3033.894287109375
2331.121337890625
2937.259033203125
3336.007080078125
3443.97265625
2978.09423828125
3606.387451171875
3530.66796875
3311.754150390625
2826.60986328125
3122.34619140625
3536.107666015625
2455.445068359375
3198.736083984375
2779.42333984375
3491.319580078125
3508.11767578125
2189.888916015625
2547.76318359375
3099.815185546875
3308.852783203125
3117.87939453125
2667.666748046875
3290.733154296875
3138.99609375
3093.648193359375
3146.05908203125
3211.37353515625
1794.955322265625
2624.519775390625
2607.376220703125
2926.942626953125
3241.28271484375
3354.87158203125
2817.18798828125
2997.6787109375
2924.86474609375
2739.148681640625
2441.307373046875
2858.50244140625
2191.604736328125
2090.13037109375
2855.99658203125
1640.4619140625
2236.367431640625
1843.56201171875
2608.8671875
1703.4815673828125
2001.9324951171875
1834.7640380859375
2020.4053955078125
2551.053466796875
2309.765869140625
2503.750244140625
1733.4083251953125
2090.34765625
1365.827880859375
2204.427734375
1583.2125244140625
2024.989013671875
2171.988037109375
1891.866455078125
1809.3282470703125
1464.1427001953125
1835.7769775390625
1653.0023193359375
1208.30419921875
324.8763122558594
1517.3487548828125
1286.1142578125
1649.080810546875
762.9730224609375
941.5850219726562
1016.21630859375
1212.185302734375
213.02334594726562
1176.3140869140625
1027.094970703125
1184.72265625
779.1631469726562
853.1612548828125
748.6089477539062
760.2227783203125
343.8198547363281
208.5282440185547
99.33602142333984
228.07049560546875
262.73504638671875
154.2532958984375
146.27365112304688
118.00814819335938
262.2449035644531
251.7216339111328
367.2733459472656
108.34770965576172
100.82701873779297
540.162109375
201.37509155273438
256.153076171875
276.32781982421875
496.8998107910156
690.7885131835938
190.77650451660156
545.0819091796875
91.9460678100586
292.7315368652344
129.61709594726562
1069.2127685546875
123.70281982421875
834.6620483398438
336.7876281738281
129.279296875
189.61138916015625
318.0705261230469
509.5791320800781
175.0958251953125
331.4106750488281
1690.589111328125
276.46051025390625
548.2488403320312
188.06947326660156
99.2303237915039
96.83534240722656
130.41452026367188
751.8115844726562
1059.909423828125
685.4124145507812
139.20437622070312
114.8682632446289
143.13258361816406
130.0518798828125
188.5919189453125
152.37066650390625
1001.048828125
166.7491912841797
126.49833679199219
152.251220703125
253.45352172851562
552.7168579101562
236.18328857421875
592.3486328125
163.8717803955078
512.8711547851562
146.3685302734375
91.94900512695312
848.6576538085938
376.6455078125
252.51226806640625
179.24044799804688
679.6405029296875
392.66546630859375
350.8953857421875
177.96424865722656
453.1194763183594
134.01358032226562
160.26011657714844
1273.35986328125
181.11062622070312
872.947265625
319.09814453125
151.81910705566406
90.67463684082031
382.4896240234375
1236.7418212890625
175.6846160888672
225.9386444091797
285.17730712890625
228.206787109375
328.6863098144531
255.1771240234375
188.03189086914062
155.22048950195312
1004.0529174804688
178.74436950683594
171.28794860839844
271.15447998046875
140.6360626220703
475.3061218261719
907.3798217773438
273.459228515625
447.1067810058594
788.8687133789062
940.754638671875
380.2370910644531
828.7386474609375
473.5508728027344
289.6809997558594
375.7284240722656
324.56072998046875
97.9370346069336
182.45777893066406
346.5040588378906
465.1960754394531
201.6044158935547
247.07638549804688
290.5281677246094
194.7466278076172
142.80709838867188
1104.2413330078125
363.3332214355469
427.1396484375
329.5872802734375
262.5959167480469
196.69549560546875
473.26177978515625
152.07041931152344
186.2657470703125
1260.67333984375
402.47222900390625
202.91090393066406
264.1202087402344
454.49005126953125
394.4131164550781
925.1136474609375
258.40740966796875
280.6580810546875
152.20010375976562
151.655029296875
229.63621520996094
304.452392578125
181.86663818359375
378.0740661621094
92.13529205322266
170.8960418701172
230.83450317382812
993.4382934570312
213.32608032226562
475.90057373046875
376.1154479980469
379.4320068359375
240.07064819335938
125.15232849121094
414.64520263671875
639.620849609375
296.1363830566406
195.40130615234375
727.9307861328125
227.05401611328125
175.35595703125
1036.672607421875
1329.0382080078125
369.20880126953125
420.9293518066406
289.7119140625
671.1948852539062
728.2968139648438
388.1336975097656
663.584228515625
233.6234130859375
529.3142700195312
525.3777465820312
585.4627685546875
398.89935302734375
482.3070373535156
270.3522033691406
146.1984100341797
180.68870544433594
244.94287109375
303.3349304199219
1719.8050537109375
357.1357421875
315.9972839355469
274.5291748046875
245.0780792236328
323.8840637207031
572.8438720703125
394.71282958984375
346.6638488769531
551.0487670898438
534.9649658203125
392.93939208984375
918.122314453125
315.6440124511719
113.5072250366211
469.7571105957031
479.4393615722656
308.177734375
240.76451110839844
295.4453125
452.8607482910156
245.3673858642578
200.925537109375
166.8549041748047
756.734619140625
301.28839111328125
381.9329833984375
778.7457275390625
1478.7567138671875
818.2938842773438
421.556884765625
429.93658447265625
458.9121398925781
375.1334533691406
203.83245849609375
735.52734375
208.22193908691406
635.558349609375
360.24481201171875
188.98634338378906
432.1586608886719
297.66485595703125
177.8758544921875
147.6277618408203
253.2206268310547
878.6580810546875
260.35064697265625
430.02880859375
531.39208984375
315.6548156738281
1099.0799560546875
379.00579833984375
179.23016357421875
182.10873413085938
181.41358947753906
564.1468505859375
597.71435546875
742.6529541015625
536.0380249023438
711.726318359375
503.8838195800781
414.0572204589844
387.2481994628906
214.05911254882812
133.29908752441406
1135.5406494140625
433.168212890625
782.9151611328125
142.7068634033203
276.41693115234375
842.1077880859375
355.1825256347656
223.34671020507812
751.866455078125
224.99684143066406
499.5533142089844
173.02212524414062
501.90936279296875
1246.661865234375
542.4497680664062
545.4400634765625
498.2549743652344
180.34226989746094
146.24459838867188
141.46566772460938
166.42225646972656
603.4829711914062
1000.4091186523438
196.4017791748047
902.2953491210938
178.59793090820312
172.47607421875
207.03656005859375
305.9468078613281
855.1016235351562
233.78036499023438
664.137939453125
407.3971862792969
640.8162231445312
370.5900573730469
248.11492919921875
234.5308380126953
475.83740234375
210.74977111816406
240.04493713378906
144.35177612304688
619.4737548828125
409.0276794433594
487.27374267578125
468.42291259765625
863.4362182617188
141.99244689941406
240.64691162109375
130.11573791503906
161.21832275390625
189.9469757080078
211.0771942138672
400.363037109375
159.802490234375
122.2347183227539
252.2763671875
331.2533874511719
138.10581970214844
226.81187438964844
155.8804931640625
277.5102844238281
152.02883911132812
144.74349975585938
163.54611206054688
334.1270751953125
652.1583251953125
329.54132080078125
203.5917205810547
333.81201171875
435.8791809082031
319.2890625
478.8311767578125
266.9577331542969
86.26264190673828
490.67047119140625
333.9704895019531
240.708740234375
265.973388671875
158.4221649169922
174.3031768798828
129.78298950195312
70.08819580078125
271.7845458984375
1176.9307861328125
1679.1044921875
198.54893493652344
223.09225463867188
1060.58056640625
296.9653625488281
267.99029541015625
277.4085693359375
505.7673645019531
830.5758666992188
284.65960693359375
209.0289306640625
153.05514526367188
339.1638488769531
301.65899658203125
501.78857421875
135.05335998535156
328.0713195800781
408.3053283691406
629.04541015625
623.5658569335938
310.9165954589844
187.92970275878906
748.4103393554688
1067.5174560546875
336.6827697753906
269.6200256347656
661.472412109375
300.99298095703125
467.3060607910156
352.04132080078125
198.40692138671875
393.0685119628906
169.89303588867188
410.3551025390625
332.1456604003906
249.9957275390625
652.5149536132812
527.9774169921875
171.40538024902344
361.3782043457031
161.4149627685547
215.696044921875
576.2532958984375
239.225341796875
355.12982177734375
118.34553527832031
144.87002563476562
221.5789337158203
238.64691162109375
1350.6390380859375
242.55364990234375
717.3289794921875
384.08245849609375
299.9953918457031
358.6972961425781
727.8213500976562
471.6473693847656
202.77708435058594
134.69309997558594
445.91058349609375
320.8506774902344
1265.3489990234375
336.3855285644531
290.09832763671875
810.2967529296875
481.70416259765625
121.00946807861328
88.22376251220703
127.64913177490234
240.19161987304688
134.67457580566406
520.8716430664062
678.8453979492188
176.95767211914062
1116.1737060546875
217.10060119628906
197.94891357421875
224.27842712402344
166.55685424804688
814.4638671875
138.87396240234375
333.8592834472656
382.42242431640625
298.1683654785156
408.1163024902344
228.2617645263672
129.2180938720703
93.10100555419922
404.63397216796875
196.16929626464844
224.05435180664062
265.29486083984375
147.0420379638672
129.795166015625
252.91329956054688
315.61395263671875
342.46173095703125
395.5826110839844
172.42323303222656
326.1009826660156
263.8451843261719
131.09567260742188
59.0439453125
592.3110961914062
237.9232940673828
248.46371459960938
263.3742980957031
204.77139282226562
152.017822265625
225.61660766601562
128.53712463378906
197.16517639160156
194.98779296875
370.7441711425781
518.3745727539062
202.94332885742188
327.3792724609375
249.49252319335938
813.8330688476562
160.9058380126953
208.13597106933594
322.49676513671875
165.10104370117188
791.7568359375
512.2232666015625
622.7246704101562
283.90997314453125
75.19278717041016
594.405029296875
514.9951782226562
654.7059326171875
1195.1357421875
407.9368591308594
207.45828247070312
156.6243896484375
156.34657287597656
249.22802734375
440.4691162109375
262.62725830078125
668.5980224609375
640.092529296875
671.2748413085938
605.9901733398438
306.42828369140625
524.1574096679688
178.1422882080078
210.19931030273438
614.1653442382812
389.11224365234375
266.213134765625
271.4862060546875
255.7913360595703
144.24221801757812
421.750244140625
906.6018676757812
703.0218505859375
430.4981994628906
581.7548828125
239.91551208496094
356.113037109375
422.24224853515625
803.8526000976562
151.3713836669922
221.1094207763672
354.1095275878906
137.02676391601562
361.4501953125
757.2159423828125
520.2291870117188
332.4991760253906
368.0743713378906
183.91036987304688
314.70623779296875
241.53338623046875
343.93524169921875
149.83477783203125
225.0906524658203
169.2413787841797
309.0850524902344
301.38299560546875
189.45114135742188
370.3476257324219
517.1034545898438
343.18475341796875
257.35345458984375
141.95761108398438
191.8931121826172
205.29568481445312
95.80643463134766
212.81878662109375
170.81497192382812
279.2067565917969
171.5728759765625
229.67959594726562
261.1518859863281
206.57896423339844
167.58969116210938
76.45004272460938
286.77569580078125
217.40440368652344
243.73399353027344
280.27362060546875
672.7236938476562
588.6408081054688
400.1427917480469
506.3396301269531
358.2069396972656
530.125244140625
115.52391052246094
310.1152648925781
992.7598266601562
218.2836151123047
200.72311401367188
652.4972534179688
313.1541442871094
259.2721252441406
342.92498779296875
439.0073547363281
296.1455078125
562.849609375
112.39753723144531
504.4066162109375
628.4307250976562
461.7138977050781
559.2285766601562
368.2512512207031
213.3455352783203
211.7627716064453
192.96875
516.0946044921875
423.86810302734375
237.60198974609375
200.06405639648438
98.93038940429688
123.31758880615234
149.7143096923828
429.10760498046875
314.92864990234375
280.48394775390625
135.4761962890625
382.4991760253906
203.70510864257812
1084.8006591796875
128.7705078125
427.4770812988281
155.29417419433594
770.6962280273438
306.97723388671875
353.13043212890625
320.7596130371094
262.6259460449219
273.4577941894531
134.96401977539062
695.3908081054688
214.73379516601562
239.36932373046875
1110.403076171875
150.60659790039062
679.9888305664062
144.9940185546875
472.5193176269531
303.18524169921875
453.65643310546875
277.36627197265625
441.92974853515625
162.439208984375
241.75636291503906
487.78851318359375
437.0342712402344
195.832275390625
126.81578063964844
155.83551025390625
1309.0667724609375
302.89990234375
330.64727783203125
100.49671936035156
963.6007080078125
179.74290466308594
120.24394226074219
1110.729248046875
680.2606201171875
439.4849548339844
445.644287109375
458.3036804199219
692.5421752929688
647.394287109375
685.860107421875
593.3978881835938
333.5204162597656
253.4748077392578
803.2674560546875
197.5446319580078
361.1293640136719
187.5873260498047
175.04205322265625
164.82342529296875
217.6774139404297
262.2243347167969
523.1504516601562
349.65631103515625
221.9454803466797
197.36856079101562
181.01373291015625
249.9456024169922
154.4978485107422
434.687744140625
122.32792663574219
417.87841796875
212.13375854492188
271.1775817871094
130.0433349609375
175.8916015625
205.5538787841797
195.4365997314453
322.5917663574219
258.35089111328125
109.54427337646484
321.6161193847656
383.7140197753906
358.8962707519531
1256.697998046875
204.3809051513672
321.9291687011719
309.2929382324219
138.2056427001953
87.11459350585938
791.1713256835938
227.54415893554688
342.3150939941406
284.03070068359375
194.69325256347656
811.4118041992188
519.108642578125
259.1214294433594
621.292236328125
391.9259033203125
298.1177978515625
339.84442138671875
144.80245971679688
190.67819213867188
165.8074493408203
230.9390411376953
344.21368408203125
227.48208618164062
296.9133605957031
257.93914794921875
216.34190368652344
239.39419555664062
81.4668960571289
699.3467407226562
477.94866943359375
407.3565979003906
478.5908508300781
322.15081787109375
617.664306640625
193.60650634765625
332.1996154785156
404.6980285644531
471.8403625488281
299.7122802734375
457.384521484375
484.21197509765625
459.768798828125
366.2384948730469
334.3490905761719
171.49501037597656
180.86097717285156
294.3409118652344
494.316650390625
307.3951721191406
554.2498168945312
352.81689453125
513.2062377929688
460.5939636230469
580.2808227539062
984.0771484375
520.231201171875
352.8921203613281
135.49310302734375
77.53890991210938
688.1292724609375
717.973876953125
449.36370849609375
495.7796325683594
714.2686767578125
464.7993469238281
525.8347778320312
597.978759765625
249.25784301757812
425.84075927734375
273.2259826660156
121.70743560791016
127.52649688720703
455.387939453125
281.19952392578125
289.2111511230469
209.0762176513672
228.15811157226562
141.7712860107422
344.9345397949219
158.14111328125
158.74891662597656
162.93984985351562
304.0588073730469
259.49658203125
237.83309936523438
478.18597412109375
660.3092651367188
131.4391632080078
124.55184936523438
116.77696228027344
116.32925415039062
292.6424865722656
189.91702270507812
247.56382751464844
704.4412841796875
88.65811157226562
1131.0576171875
1049.95361328125
389.2564697265625
266.9669189453125
211.66708374023438
161.32443237304688
283.51666259765625
291.0545349121094
327.4244689941406
181.60696411132812
488.22857666015625
224.06703186035156
439.15509033203125
309.79010009765625
177.3013916015625
138.75
128.98387145996094
293.9780578613281
339.9715881347656
237.96226501464844
207.4405517578125
129.31932067871094
182.33619689941406
392.9619445800781
816.8367919921875
89.14323425292969
341.01678466796875
424.7618713378906
299.3118896484375
138.3654327392578
134.73953247070312
188.33738708496094
172.52427673339844
451.389404296875
115.68274688720703
902.9231567382812
134.24635314941406
254.02513122558594
176.55029296875
174.45774841308594
133.04147338867188
121.57006072998047
100.61878967285156
592.8917846679688
155.08082580566406
286.6190185546875
190.31338500976562
699.0211791992188
190.2846221923828
124.9012222290039
451.7295837402344
901.9410400390625
264.9976806640625
163.963623046875
270.26580810546875
197.35926818847656
409.0422058105469
465.4230651855469
312.43829345703125
184.10281372070312
154.8623809814453
828.2252197265625
223.49281311035156
299.3136291503906
144.62278747558594
542.0643310546875
607.3471069335938
684.0008544921875
208.48704528808594
182.73081970214844
278.1402587890625
288.861328125
265.79632568359375
337.9164123535156
249.48541259765625
226.96084594726562
869.6666870117188
228.11607360839844
116.31111907958984
142.20614624023438
110.60321807861328
102.65055084228516
222.05848693847656
152.8906707763672
294.4762878417969
236.5315704345703
160.9705352783203
843.0764770507812
120.51913452148438
544.9824829101562
222.39599609375
634.5109252929688
542.9099731445312
691.16015625
837.5369262695312
257.65350341796875
382.2293701171875
429.51177978515625
419.7270812988281
178.62197875976562
389.558837890625
638.8035278320312
131.95660400390625
292.9717102050781
121.73307800292969
123.3755111694336
104.25856018066406
401.611328125
149.87786865234375
145.6014862060547
90.73876190185547
263.25390625
598.3931274414062
154.2689666748047
350.8746643066406
134.80355834960938
131.54051208496094
186.99618530273438
123.81476593017578
160.87841796875
369.6460876464844
535.399658203125
218.14706420898438
108.0185775756836
650.2416381835938
132.37109375
194.60980224609375
214.23434448242188
174.3115997314453
851.0593872070312
169.5191192626953
731.154052734375
1100.533935546875
134.16307067871094
162.15550231933594
127.97142791748047
805.030517578125
121.96300506591797
368.5641174316406
257.01287841796875
294.2189636230469
927.2764282226562
249.18983459472656
176.40293884277344
87.90583801269531
95.58148193359375
91.23788452148438
698.9481201171875
298.6494445800781
254.14501953125
1123.1966552734375
128.84112548828125
769.0347900390625
211.51467895507812
238.77642822265625
291.4037170410156
178.54563903808594
108.714111328125
153.45545959472656
472.4460754394531
292.6260681152344
124.72827911376953
67.97683715820312
397.207763671875
181.71878051757812
190.16493225097656
323.40142822265625
104.3091812133789
146.4412384033203
159.4134521484375
142.01759338378906
70.13674926757812
83.86193084716797
92.05265045166016
208.92723083496094
115.83326721191406
156.0658416748047
719.4166259765625
172.8303985595703
152.7203826904297
253.17527770996094
111.79731750488281
67.01636505126953
228.0194091796875
271.7371826171875
304.4779357910156
270.4752197265625
687.8865966796875
142.1810760498047
131.35159301757812
134.95889282226562
475.5909118652344
154.7238311767578
273.743408203125
166.21463012695312
607.8683471679688
637.902587890625
113.57592010498047
280.23638916015625
202.8024139404297
584.8304443359375
170.3424072265625
210.04901123046875
207.12014770507812
168.56900024414062
102.04109954833984
159.8490753173828
104.57633209228516
106.77803802490234
206.32562255859375
762.3323364257812
208.2103271484375
803.28515625
129.2456817626953
166.18296813964844
257.8924255371094
189.2441864013672
695.3989868164062
166.70834350585938
220.61256408691406
92.51465606689453
96.58551788330078
140.6826171875
104.31259155273438
178.26922607421875
219.6637420654297
80.79129791259766
356.185791015625
170.27642822265625
155.13119506835938
80.32209014892578
64.34962463378906
119.21623229980469
208.41529846191406
390.0498046875
452.6749267578125
321.86798095703125
348.0446472167969
417.2399597167969
246.64889526367188
321.4599609375
343.78863525390625
115.20800018310547
46.51647186279297
682.00048828125
125.07661437988281
102.81818389892578
222.17694091796875
211.44851684570312
146.0403289794922
168.70709228515625
650.7324829101562
708.2049560546875
329.6273193359375
326.89141845703125
202.40118408203125
425.1889953613281
405.3219909667969
384.4061279296875
536.7401733398438
170.02008056640625
182.27308654785156
332.8320007324219
321.99237060546875
351.6108093261719
267.41314697265625
343.6001281738281
86.6622085571289
86.56134796142578
488.0686340332031
234.2059326171875
162.1572723388672
241.74166870117188
317.90826416015625
149.78106689453125
428.4886474609375
155.7080535888672
477.0174255371094
194.489990234375
91.68677520751953
78.2692642211914
221.80792236328125
1259.696044921875
1129.906005859375
264.5245666503906
279.5873718261719
83.1271743774414
180.54481506347656
326.5018005371094
241.66122436523438
224.6526336669922
143.79103088378906
217.1301727294922
355.03460693359375
2226.748291015625
200.61099243164062
164.16738891601562
148.54852294921875
596.588134765625
353.1787414550781
182.19772338867188
283.1985168457031
349.2427978515625
165.37197875976562
297.65704345703125
82.17127990722656
140.69036865234375
113.89605712890625
120.57440185546875
119.38943481445312
173.03817749023438
73.70270538330078
208.37608337402344
179.82589721679688
146.63694763183594
225.1592559814453
196.96920776367188
1004.1057739257812
743.5643310546875
124.56627655029297
209.28492736816406
189.66494750976562
370.7513122558594
200.54592895507812
191.61639404296875
155.72274780273438
54.01188659667969
151.3464813232422
100.6598129272461
58.494991302490234
99.5491714477539
871.7990112304688
515.4353637695312
292.9732360839844
242.0738983154297
301.5629577636719
128.84494018554688
68.1922378540039
95.59691619873047
109.17391967773438
272.65777587890625
701.1235961914062
617.0096435546875
164.417724609375
103.14649200439453
131.64730834960938
257.47637939453125
138.9009552001953
81.48150634765625
161.06228637695312
764.6617431640625
196.30908203125
395.26361083984375
142.14065551757812
192.80604553222656
90.31854248046875
295.8580627441406
140.11190795898438
149.35678100585938
390.9493713378906
380.7740173339844
168.90440368652344
76.91319274902344
264.28436279296875
342.41571044921875
287.5829772949219
407.820068359375
244.01405334472656
201.80072021484375
199.71131896972656
392.2455139160156
347.4238586425781
239.86170959472656
418.0748596191406
183.27923583984375
284.1720275878906
125.44225311279297
125.59495544433594
280.57952880859375
475.2784423828125
337.4604187011719
280.18255615234375
297.6441345214844
165.2296905517578
229.92127990722656
244.53732299804688
129.61705017089844
107.44166564941406
187.36456298828125
515.7330932617188
485.115234375
150.80075073242188
124.72871398925781
140.8296661376953
474.0857849121094
281.2094421386719
522.1150512695312
99.36931610107422
279.3407897949219
109.6708984375
179.25311279296875
155.38876342773438
613.28369140625
295.8818359375
130.58139038085938
270.47320556640625
349.9844665527344
207.65243530273438
232.00115966796875
143.67796325683594
55.207332611083984
596.8916625976562
166.74688720703125
199.6197967529297
715.0784301757812
171.8285675048828
181.90966796875
245.32899475097656
121.95325469970703
111.22114562988281
235.4713897705078
111.46735382080078
236.3329315185547
138.78280639648438
170.24630737304688
292.28900146484375
157.23130798339844
108.66423034667969
142.6577606201172
219.72169494628906
136.66802978515625
108.83030700683594
102.22846984863281
789.8906860351562
708.068359375
115.02357482910156
547.8444213867188
135.5607147216797
289.72088623046875
175.0489959716797
220.99484252929688
287.2364807128906
283.5877685546875
558.3939819335938
154.74232482910156
155.9252166748047
242.51580810546875
98.53056335449219
391.55743408203125
551.4006958007812
373.3671875
220.3253936767578
167.61175537109375
238.39259338378906
83.95042419433594
525.3399047851562
180.9268798828125
538.4671630859375
260.45166015625
152.2165985107422
487.819091796875
268.4164123535156
170.59326171875
103.10205078125
298.10107421875
147.9416046142578
265.03228759765625
165.33363342285156
169.86892700195312
1298.296630859375
219.39169311523438
457.2693176269531
120.6737060546875
331.16558837890625
175.7677001953125
212.17832946777344
171.80673217773438
778.6663208007812
208.33444213867188
352.7655029296875
89.25694274902344
950.68115234375
137.35012817382812
152.58816528320312
315.8151550292969
351.1392517089844
372.15972900390625
789.27978515625
107.61363983154297
330.0900573730469
261.8163757324219
279.65167236328125
133.0349578857422
67.58207702636719
336.274658203125
245.33607482910156
302.4007263183594
166.404541015625
94.67789459228516
120.26123046875
129.06341552734375
156.828857421875
297.7232360839844
130.97096252441406
163.85769653320312
361.38275146484375
877.9216918945312
188.99200439453125
384.0565490722656
227.09884643554688
293.94024658203125
127.20689392089844
204.56007385253906
261.9124755859375
173.17929077148438
99.5982437133789
490.9198303222656
208.20193481445312
92.00334167480469
636.6770629882812
144.1674041748047
187.380126953125
89.52404022216797
196.28395080566406
358.49871826171875
163.673583984375
481.0799865722656
140.12464904785156
190.41273498535156
222.28836059570312
95.5814208984375
435.19415283203125
149.6565399169922
623.1038208007812
751.1903686523438
237.79969787597656
107.9828872680664
303.4693908691406
89.14000701904297
176.5585174560547
456.5146789550781
196.27362060546875
278.696044921875
130.13217163085938
364.4969482421875
135.56201171875
337.18878173828125
120.59835052490234
876.887939453125
134.72695922851562
254.03050231933594
92.23220825195312
556.220703125
425.21954345703125
165.8499755859375
169.33583068847656
114.6605224609375
942.1588745117188
101.95780944824219
215.30311584472656
271.7608337402344
134.06439208984375
437.0693359375
397.5111083984375
47.6177864074707
110.7987060546875
91.77667236328125
885.3980102539062
197.62437438964844
632.7045288085938
476.5933837890625
105.11602783203125
67.11319732666016
661.794189453125
127.11681365966797
106.72335052490234
236.48252868652344
77.95341491699219
81.68064880371094
156.50941467285156
189.6745147705078
481.821533203125
892.0184936523438
234.8233642578125
80.5313491821289
222.74269104003906
254.14434814453125
148.6517333984375
871.0296020507812
215.12374877929688
742.9700317382812
591.3407592773438
736.5302734375
245.13331604003906
322.02960205078125
202.0529022216797
253.91079711914062
151.9729766845703
314.43157958984375
418.6150817871094
152.4448699951172
307.5663757324219
265.1138916015625
123.82466888427734
178.86566162109375
121.12482452392578
224.02490234375
384.5137023925781
688.4523315429688
116.0875473022461
79.44982147216797
125.7608642578125
1692.363037109375
384.3289489746094
104.38896179199219
498.6809997558594
752.1065063476562
235.69003295898438
239.1713104248047
302.4130554199219
305.70318603515625
138.5386505126953
240.61688232421875
244.0531005859375
314.4064025878906
143.8941192626953
282.15826416015625
140.76856994628906
158.4678497314453
49.769222259521484
189.28233337402344
955.7799072265625
236.0191650390625
453.28704833984375
721.4542236328125
439.64007568359375
112.09371185302734
65.88896179199219
706.7257690429688
826.7197875976562
142.76898193359375
356.1851806640625
327.4024353027344
343.4103088378906
109.86053466796875
208.79269409179688
346.1351318359375
118.8096923828125
100.29629516601562
315.628662109375
107.47237396240234
170.1621551513672
49.50117111206055
460.63104248046875
110.6495132446289
86.07882690429688
597.6397094726562
205.78738403320312
138.95419311523438
99.60101318359375
251.68637084960938
141.58975219726562
162.33888244628906
166.39163208007812
239.23062133789062
451.9518737792969
128.36036682128906
174.24497985839844
746.3222045898438
51.81207275390625
472.54998779296875
257.5390930175781
165.6716766357422
186.33766174316406
257.71478271484375
336.9379577636719
89.83605194091797
90.05595397949219
33.68383026123047
210.194091796875
108.1328353881836
553.257080078125
257.4018859863281
1654.9114990234375
70.93132781982422
222.0072021484375
761.1614379882812
123.08177185058594
322.9224548339844
727.18798828125
109.48719024658203
87.4115219116211
378.3936767578125
491.2058410644531
273.3404235839844
151.36080932617188
477.7212219238281
364.8832702636719
151.5813446044922
63.86994171142578
322.7098693847656
343.8844909667969
349.5355529785156
330.4173889160156
95.9521255493164
56.69431686401367
401.988525390625
137.85025024414062
134.55477905273438
248.8847198486328
248.67996215820312
156.57298278808594
105.80767822265625
63.56742477416992
76.32280731201172
66.8425521850586
56.95569610595703
668.3381958007812
228.47616577148438
212.2796173095703
163.7586212158203
137.85182189941406
315.4079895019531
860.118408203125
98.0287857055664
58.76533508300781
48.36391067504883
165.55892944335938
132.560791015625
103.34793853759766
223.1687774658203
200.83580017089844
354.159912109375
944.3587036132812
362.83978271484375
851.9141235351562
224.00296020507812
623.9692993164062
99.4329605102539
52.71983337402344
141.4716033935547
201.91058349609375
255.7753448486328
187.50735473632812
207.28216552734375
134.05572509765625
154.2740020751953
208.26260375976562
145.992431640625
117.76834869384766
68.31468200683594
82.4732437133789
628.208251953125
111.93782043457031
650.9086303710938
67.93378448486328
237.85398864746094
416.57232666015625
189.45875549316406
416.1222839355469
125.1491928100586
187.95802307128906
51.85711669921875
77.17321014404297
328.9681091308594
361.6941223144531
94.7621841430664
349.90350341796875
564.431396484375
169.1534423828125
182.81369018554688
218.4787139892578
508.4310607910156
177.90016174316406
120.55416870117188
504.6788024902344
61.02886962890625
683.8045654296875
141.0566864013672
84.63407897949219
831.910888671875
122.03112030029297
302.8233947753906
51.92653274536133
942.063720703125
260.55181884765625
164.23284912109375
126.71327209472656
275.64581298828125
446.6223449707031
139.52671813964844
98.32296752929688
341.8397521972656
268.844482421875
174.8621368408203
123.01248168945312
432.5215759277344
226.17120361328125
182.4418487548828
220.78024291992188
195.02438354492188
98.37291717529297
320.883544921875
888.7723999023438
238.89227294921875
161.12139892578125
82.94637298583984
1460.8055419921875
179.4669647216797
111.0774917602539
116.57698822021484
375.86968994140625
82.73011779785156
330.0868835449219
84.05654907226562
1125.96630859375
179.49598693847656
760.9952392578125
292.3817443847656
1019.5673217773438
110.80648040771484
288.87469482421875
274.6085205078125
107.86095428466797
58.23974609375
490.8081970214844
232.6917724609375
196.50802612304688
183.00506591796875
224.63748168945312
148.9171142578125
113.61479949951172
68.42373657226562
271.3451843261719
1175.3145751953125
543.1498413085938
154.83578491210938
176.58282470703125
81.20902252197266
92.30463409423828
56.16781234741211
46.87043380737305
196.05242919921875
112.44368743896484
66.1867446899414
1034.0546875
92.20005798339844
49.296142578125
164.21798706054688
238.7589874267578
574.8993530273438
124.95122528076172
545.777099609375
624.2774047851562
307.4558410644531
419.841552734375
416.5471496582031
145.93446350097656
378.3923034667969
158.2006378173828
105.49441528320312
340.3761901855469
357.4933166503906
200.86422729492188
148.49502563476562
326.8096923828125
170.52066040039062
179.0575408935547
64.1663818359375
36.74429702758789
146.2076416015625
553.819091796875
84.03395080566406
817.975830078125
111.87323760986328
835.0005493164062
289.5535583496094
185.1062774658203
326.3843078613281
275.36785888671875
336.09130859375
271.5097351074219
204.15530395507812
99.19712829589844
121.14315032958984
117.19784545898438
789.809326171875
60.187232971191406
753.1375732421875
107.75666809082031
97.47733306884766
156.84222412109375
537.8786010742188
122.6527328491211
68.84198760986328
279.0457458496094
71.92095184326172
50.57622146606445
37.54045486450195
618.2577514648438
153.53872680664062
77.09874725341797
248.5623321533203
91.23888397216797
542.8455810546875
119.89485168457031
169.2421417236328
207.74200439453125
118.81620025634766
1782.84130859375
582.8975830078125
183.33226013183594
307.3140563964844
430.6485900878906
480.3409118652344
139.14523315429688
285.84954833984375
142.11807250976562
548.4784545898438
318.88360595703125
500.871337890625
439.2004699707031
246.71517944335938
258.85955810546875
355.8104553222656
116.68846893310547
335.5254821777344
142.88128662109375
902.2998657226562
181.43141174316406
186.43603515625
107.51512145996094
248.04718017578125
164.2206573486328
71.7544937133789
145.43508911132812
231.99632263183594
733.846435546875
193.5247344970703
185.8423309326172
114.8619613647461
56.69528579711914
108.91441345214844
174.92880249023438
135.1744384765625
88.6207504272461
51.372154235839844
257.4069519042969
257.8218078613281
74.22476959228516
43.47512435913086
111.57289123535156
1189.1287841796875
157.46197509765625
249.6856689453125
150.81451416015625
142.5868682861328
526.753173828125
222.74386596679688
90.39751434326172
217.79739379882812
185.76805114746094
230.6788787841797
565.2535400390625
423.05731201171875
668.2521362304688
267.1897888183594
57.49424743652344
118.6589584350586
140.63217163085938
167.4375
102.83515930175781
128.26455688476562
123.76653289794922
211.37811279296875
53.992034912109375
171.8717803955078
336.6342468261719
619.3089599609375
158.5433349609375
205.48684692382812
229.59349060058594
93.11221313476562
88.93621826171875
148.1752166748047
197.19761657714844
152.2325439453125
61.06480026245117
79.22423553466797
1133.0716552734375
156.81211853027344
109.66973876953125
57.73088455200195
151.3453826904297
249.7861785888672
170.7395782470703
1449.6710205078125
201.0601043701172
163.61587524414062
100.27365112304688
111.24845123291016
85.22911071777344
54.2281379699707
891.5180053710938
49.61711502075195
50.778690338134766
96.39891815185547
105.07501983642578
219.6122283935547
78.36946868896484
138.09461975097656
94.49544525146484
167.58880615234375
119.33883666992188
56.85744857788086
773.5482788085938
185.5627899169922
38.51512145996094
62.60765075683594
31.529680252075195
67.79792022705078
129.48764038085938
476.4150390625
172.39173889160156
150.90499877929688
108.82120513916016
58.796958923339844
283.1445007324219
111.66600036621094
58.13423538208008
831.2247924804688
71.74320983886719
67.3920669555664
67.62802124023438
124.45645141601562
133.42713928222656
94.83512115478516
37.31351089477539
932.7382202148438
39.51925277709961
79.6961669921875
83.01290130615234
824.584716796875
118.25952911376953
60.95195770263672
105.18092346191406
79.02528381347656
572.1298217773438
235.69125366210938
134.7838897705078
71.41783142089844
464.02252197265625
80.60516357421875
85.83037567138672
80.48057556152344
122.47179412841797
551.4050903320312
131.1038818359375
40.97514343261719
368.5738525390625
68.12860870361328
152.70289611816406
63.806175231933594
122.2393569946289
152.6654052734375
94.59325408935547
461.418212890625
144.68531799316406
229.5919952392578
63.54597854614258
426.7503356933594
391.5075378417969
75.45172882080078
90.22154998779297
201.16796875
173.7480010986328
294.79876708984375
111.10830688476562
50.961917877197266
88.46171569824219
396.38189697265625
40.75486755371094
47.52542495727539
189.04766845703125
56.34353256225586
371.8265380859375
167.47171020507812
47.35432052612305
94.01424407958984
332.49395751953125
147.7647247314453
76.46739196777344
203.1888427734375
164.52398681640625
239.71920776367188
109.14330291748047
167.1513214111328
244.9122314453125
90.10719299316406
595.3984375
142.97640991210938
48.73947525024414
462.5557861328125
209.6683807373047
201.43692016601562
202.45196533203125
541.2561645507812
92.22624206542969
51.82345199584961
67.02845764160156
199.9128875732422
129.54759216308594
128.10362243652344
50.861392974853516
645.6843872070312
389.1419982910156
64.49437713623047
259.7107849121094
536.4660034179688
207.85655212402344
62.787567138671875
92.38964080810547
346.2171325683594
112.11128234863281
293.8123779296875
189.52818298339844
486.2108459472656
81.32616424560547
73.30945587158203
154.49354553222656
232.6206817626953
188.71051025390625
721.2877807617188
951.4093017578125
96.91073608398438
118.14984130859375
86.90979766845703
442.1224365234375
103.84113311767578
190.11441040039062
976.6553344726562
103.85652923583984
68.06611633300781
349.4263610839844
51.14834976196289
80.46356964111328
39.647396087646484
396.1069641113281
1187.818115234375
68.7786865234375
85.33707427978516
136.61361694335938
95.60060119628906
173.91006469726562
41.67731475830078
361.1778259277344
803.9766235351562
158.2502899169922
171.29742431640625
53.45185089111328
211.1168975830078
168.09263610839844
206.1239776611328
116.46525573730469
108.94152069091797
239.20062255859375
1273.6763916015625
147.62106323242188
141.2937774658203
149.33718872070312
766.4025268554688
462.1496276855469
103.97926330566406
42.6990966796875
190.20626831054688
647.110595703125
813.7852172851562
142.7494354248047
133.48455810546875
83.57215881347656
90.12577819824219
673.6282958984375
257.6802978515625
78.91915893554688
386.23248291015625
63.225433349609375
115.28540802001953
67.46755981445312
430.93408203125
46.325740814208984
148.38204956054688
127.5555419921875
438.3258056640625
159.79248046875
311.5491638183594
84.09974670410156
360.9169006347656
68.32887268066406
703.832763671875
178.6621856689453
544.5492553710938
211.5294647216797
154.88502502441406
133.8094482421875
357.4333801269531
262.2969665527344
75.8892593383789
274.54571533203125
55.66352081298828
77.26570892333984
317.2249755859375
184.21530151367188
177.19772338867188
1231.194091796875
237.51629638671875
189.23916625976562
787.2508544921875
83.27637481689453
798.3059692382812
38.59035110473633
26.825044631958008
517.457275390625
836.5709228515625
314.57183837890625
118.41696166992188
748.058349609375
61.34969711303711
193.9755401611328
261.1505126953125
174.41653442382812
543.3843994140625
174.41477966308594
115.56504821777344
113.04181671142578
404.0280456542969
373.3980712890625
140.7335968017578
163.53274536132812
72.01250457763672
616.96826171875
176.15696716308594
360.99993896484375
632.6558227539062
274.3459167480469
406.6546325683594
280.8406982421875
166.24789428710938
47.42032241821289
127.1381607055664
201.49185180664062
270.57073974609375
87.97180938720703
556.155029296875
79.00272369384766
795.7572021484375
247.77081298828125
102.61388397216797
710.9054565429688
78.53598022460938
195.31985473632812
31.726659774780273
42.655147552490234
471.2603759765625
104.95863342285156
75.91020965576172
297.2684326171875
86.43688201904297
376.0080261230469
57.921600341796875
1302.2642822265625
93.26664733886719
139.9372100830078
208.0580596923828
184.57501220703125
138.34793090820312
87.41692352294922
140.39871215820312
265.8042907714844
744.5719604492188
116.10206604003906
77.31256866455078
251.3314971923828
57.51266098022461
244.19680786132812
151.79103088378906
517.3070678710938
57.063846588134766
79.89076232910156
128.18589782714844
133.83663940429688
38.17923355102539
81.88157653808594
409.0855712890625
143.05177307128906
53.55536651611328
41.36488342285156
445.2275695800781
49.71787643432617
100.02020263671875
471.9626159667969
114.25562286376953
288.2722473144531
214.82275390625
74.86295318603516
53.48355484008789
102.93102264404297
74.1781234741211
80.5024185180664
220.7677459716797
652.3004150390625
195.28419494628906
82.1587142944336
94.97200775146484
145.75054931640625
65.32921600341797
228.86102294921875
171.9840850830078
95.86803436279297
118.9311752319336
93.82597351074219
143.8755340576172
751.7887573242188
102.66970825195312
64.22721099853516
49.69072723388672
363.5606689453125
106.25337982177734
407.1493835449219
175.44003295898438
42.3367805480957
138.43614196777344
217.80865478515625
174.31446838378906
720.5208740234375
65.98933410644531
154.66502380371094
44.30159378051758
68.38421630859375
196.2742919921875
505.7518005371094
256.1303405761719
162.7335205078125
160.25074768066406
62.700870513916016
163.98977661132812
618.4217529296875
56.12128829956055
55.707061767578125
647.4259033203125
139.05624389648438
667.7169799804688
61.9650764465332
1204.290283203125
55.62691116333008
65.24797821044922
176.23130798339844
634.3008422851562
803.3067626953125
139.47860717773438
169.82325744628906
234.215576171875
76.86978149414062
115.82453918457031
196.85760498046875
110.24977111816406
804.9594116210938
127.88004302978516
116.7464828491211
62.720359802246094
163.6572723388672
164.90963745117188
767.3698120117188
112.29402160644531
112.45216369628906
729.4342651367188
35.63530349731445
42.13364028930664
156.66363525390625
88.22990417480469
69.30095672607422
65.87854766845703
129.48524475097656
724.5556030273438
145.41209411621094
233.77049255371094
77.65950012207031
145.4315643310547
124.49312591552734
172.46400451660156
173.3239288330078
94.74891662597656
161.73072814941406
75.4367904663086
182.1700439453125
158.37228393554688
59.48076248168945
138.41563415527344
202.16473388671875
94.17324829101562
52.65623092651367
69.03276062011719
199.9051055908203
143.90428161621094
723.7532348632812
76.2128677368164
26.491689682006836
88.08980560302734
98.6338882446289
81.41615295410156
57.468204498291016
40.251529693603516
929.10888671875
111.496826171875
109.10118103027344
80.14580535888672
58.01860046386719
38.50632095336914
79.28650665283203
214.45314025878906
110.21654510498047
132.6274871826172
524.5623779296875
102.0228042602539
180.6488800048828
50.77470779418945
828.844970703125
30.166780471801758
77.18900299072266
30.17133140563965
380.4853820800781
125.74139404296875
93.73255157470703
157.42369079589844
77.98846435546875
208.31898498535156
38.56222152709961
62.25122833251953
160.8684844970703
38.83911895751953
524.5118408203125
190.73043823242188
41.641353607177734
1244.8697509765625
527.864990234375
139.1647491455078
1153.301513671875
213.33432006835938
89.27812957763672
60.064884185791016
220.2473907470703
162.08566284179688
189.1988525390625
146.30113220214844
87.53604888916016
135.8636932373047
65.86427307128906
124.66639709472656
55.621490478515625
145.0417938232422
260.8548278808594
141.16160583496094
651.2887573242188
145.46319580078125
145.65750122070312
130.8324432373047
1119.76904296875
544.3773193359375
105.23745727539062
110.95284271240234
140.63136291503906
165.434814453125
108.41080474853516
51.02602005004883
195.38726806640625
80.39241790771484
239.69627380371094
452.98095703125
242.63970947265625
293.2504577636719
208.84786987304688
39.44143295288086
495.4540100097656
82.17369079589844
65.47594451904297
84.19343566894531
145.0369873046875
233.89901733398438
249.7781524658203
97.48162841796875
194.69021606445312
653.680908203125
98.24431610107422
144.56625366210938
302.68035888671875
185.49537658691406
861.113037109375
76.92396545410156
129.260498046875
504.249755859375
796.920654296875
58.68940353393555
443.8695983886719
558.5609130859375
690.8721923828125
39.194740295410156
284.9230651855469
68.78956604003906
400.78240966796875
156.789794921875
548.8569946289062
72.0853500366211
48.51749038696289
63.5168571472168
62.54688262939453
212.747314453125
