209.0910186767578
183.0803680419922
189.3268585205078
190.2069854736328
187.26051330566406
195.46913146972656
181.26556396484375
185.67481994628906
190.230712890625
184.3355255126953
182.95626831054688
193.942138671875
173.0963897705078
181.5672149658203
185.9062042236328
180.0915069580078
178.31410217285156
180.4474639892578
181.6122283935547
181.2834930419922
180.86721801757812
169.04342651367188
178.65234375
168.4034881591797
174.7300567626953
159.52870178222656
173.19442749023438
171.85552978515625
165.36099243164062
169.1204833984375
170.43467712402344
156.1011962890625
165.6350555419922
162.07432556152344
160.59561157226562
154.6068572998047
157.9212646484375
150.21450805664062
149.94923400878906
155.51393127441406
154.9910430908203
156.53245544433594
148.1102752685547
142.5419158935547
147.9032440185547
139.44187927246094
139.6866455078125
136.62554931640625
135.62342834472656
136.86997985839844
140.24513244628906
135.87060546875
130.30833435058594
133.77647399902344
124.30738067626953
131.19200134277344
129.1621856689453
123.18915557861328
122.53146362304688
118.28384399414062
118.41088104248047
115.99958038330078
112.63956451416016
109.25496673583984
101.2437515258789
101.9108657836914
104.3560791015625
101.73697662353516
95.89483642578125
95.78797912597656
88.07012176513672
94.18588256835938
90.06580352783203
88.438720703125
83.36712646484375
83.73139190673828
79.53668212890625
79.13025665283203
78.50627899169922
74.41587829589844
75.52680206298828
75.5400619506836
68.92913055419922
70.02130889892578
75.13812255859375
66.36709594726562
63.19560623168945
61.083702087402344
61.760738372802734
60.535396575927734
61.00560760498047
50.66569519042969
56.13999557495117
48.95742416381836
50.98622512817383
49.09750747680664
51.04209518432617
46.82090759277344
45.573673248291016
44.546180725097656
44.848690032958984
42.884342193603516
43.387149810791016
42.689334869384766
42.94761657714844
42.44773864746094
42.22914505004883
42.25679016113281
41.49968338012695
41.06216812133789
41.914588928222656
41.42466735839844
41.418067932128906
41.22969055175781
40.69613265991211
41.10673522949219
40.413448333740234
40.10512924194336
40.07159423828125
41.15407943725586
40.24283218383789
39.26527786254883
39.491905212402344
41.832035064697266
40.42839813232422
39.504573822021484
39.37546157836914
41.841426849365234
40.62767028808594
41.28191375732422
40.315799713134766
39.10408401489258
40.32933807373047
39.74491500854492
40.13877487182617
41.167877197265625
39.316226959228516
40.650177001953125
39.427635192871094
39.568458557128906
40.49233627319336
40.297706604003906
42.36206817626953
41.89815139770508
44.13540267944336
38.809844970703125
43.05337142944336
39.461151123046875
43.126102447509766
42.3115348815918
38.9961051940918
40.285400390625
41.38317108154297
39.21525955200195
39.72648239135742
39.76091003417969
40.16986846923828
39.987483978271484
40.70130920410156
39.78373336791992
39.77934265136719
39.60902404785156
39.4460334777832
39.671348571777344
39.687583923339844
40.17488098144531
39.19882583618164
39.319915771484375
39.452762603759766
40.8968505859375
40.588626861572266
41.777992248535156
40.51227951049805
37.341514587402344
40.294044494628906
39.11625289916992
42.53422927856445
38.03707504272461
40.616294860839844
39.61115646362305
39.79642868041992
37.90513229370117
40.42684555053711
39.26321792602539
40.326663970947266
40.244503021240234
39.044456481933594
40.37339782714844
39.26523971557617
39.56678771972656
39.6430778503418
39.301002502441406
39.610687255859375
40.395286560058594
39.725494384765625
40.68069076538086
40.42725372314453
39.514198303222656
39.15234375
39.4407844543457
39.48886489868164
38.76714324951172
40.10567092895508
40.83985900878906
40.13565444946289
38.27788543701172
38.680076599121094
39.4111442565918
38.6717414855957
38.6904182434082
40.34455108642578
39.84831237792969
40.185482025146484
39.58308029174805
38.649932861328125
40.600189208984375
39.581459045410156
40.164947509765625
40.9228401184082
39.55948257446289
39.64076232910156
40.11973571777344
39.2554931640625
38.44282150268555
41.1065673828125
39.32829284667969
39.55579376220703
41.09839630126953
39.44330978393555
38.326255798339844
41.33591079711914
39.18744659423828
39.59588623046875
39.25025939941406
40.23056411743164
38.410552978515625
39.365814208984375
40.8586540222168
40.5518798828125
39.940555572509766
40.47440719604492
39.65540313720703
39.887046813964844
39.17495346069336
39.836483001708984
39.00518035888672
39.0107421875
41.64914321899414
40.37226486206055
38.777217864990234
43.241241455078125
41.16206741333008
38.97247314453125
37.877235412597656
41.75898742675781
39.067787170410156
37.232688903808594
40.55673599243164
38.57838821411133
37.73810958862305
42.63920593261719
37.62866973876953
37.702816009521484
41.103641510009766
38.03955078125
36.503841400146484
38.646278381347656
43.53989791870117
37.95759582519531
40.44320297241211
39.22008514404297
40.4432373046875
36.900508880615234
39.2061882019043
41.2399787902832
40.82392883300781
38.109561920166016
39.57410430908203
40.67981719970703
38.11216354370117
39.22630310058594
37.52460479736328
38.09959030151367
39.9106559753418
39.93672561645508
41.67961502075195
43.28913497924805
37.93003845214844
41.459651947021484
39.3732795715332
40.180809020996094
36.337642669677734
37.61810302734375
38.555301666259766
41.420875549316406
38.35586929321289
36.143463134765625
44.40753173828125
40.9929084777832
37.74172592163086
37.982364654541016
42.514404296875
39.565223693847656
40.346492767333984
41.96806335449219
38.93570327758789
38.1256103515625
38.51506805419922
38.06228256225586
38.67473220825195
39.499176025390625
40.03273010253906
38.52229690551758
41.48147964477539
38.19902801513672
35.682952880859375
38.56968307495117
43.872737884521484
38.51866149902344
39.649166107177734
42.311492919921875
37.68662643432617
35.324554443359375
40.526302337646484
40.79224395751953
37.83245849609375
39.636009216308594
37.97632598876953
41.96092987060547
40.18019104003906
39.36824035644531
38.81325149536133
38.892494201660156
39.23660659790039
42.15435028076172
40.4466438293457
38.30108642578125
37.71595001220703
40.5239372253418
40.061790466308594
38.02593231201172
36.83222198486328
38.10220718383789
39.690284729003906
41.57046890258789
39.49907302856445
43.375404357910156
37.36528778076172
41.344932556152344
41.41667938232422
43.33286666870117
41.070709228515625
40.13510513305664
38.6688117980957
39.43327331542969
39.0184326171875
38.910186767578125
38.31305694580078
40.70756149291992
39.0384521484375
37.42552185058594
39.23829650878906
40.580509185791016
38.2719841003418
39.080772399902344
39.9561767578125
40.29806137084961
37.2574462890625
38.989051818847656
40.9762077331543
37.77165603637695
40.015541076660156
38.41392135620117
39.50286102294922
38.0689811706543
40.071617126464844
38.68722915649414
39.12419891357422
38.930763244628906
39.55057144165039
38.636016845703125
38.45011520385742
39.228118896484375
39.05836486816406
38.78218078613281
39.78622055053711
38.12514114379883
39.58491134643555
39.93705749511719
38.41807174682617
37.869686126708984
38.63064193725586
39.979087829589844
38.74135208129883
38.76057815551758
38.141536712646484
37.90560531616211
38.820091247558594
38.0992317199707
40.53236770629883
40.16476821899414
38.90507888793945
37.79468536376953
38.050498962402344
38.43574142456055
41.289451599121094
36.577125549316406
41.212039947509766
41.208065032958984
39.19166564941406
42.044700622558594
38.98143768310547
38.32810974121094
38.957637786865234
38.909305572509766
38.23463821411133
38.444236755371094
38.679481506347656
39.776588439941406
37.49409866333008
38.601566314697266
37.74300765991211
38.49882507324219
36.496726989746094
40.628910064697266
42.72169876098633
37.79203414916992
38.18593978881836
40.4307861328125
34.686614990234375
40.67677307128906
38.85112762451172
40.852638244628906
39.9906005859375
36.24213409423828
40.59010314941406
38.028846740722656
42.76186752319336
37.93256759643555
36.713748931884766
40.3176383972168
39.961448669433594
39.440773010253906
40.878604888916016
39.182010650634766
39.80914306640625
38.9307861328125
39.32343673706055
38.0018196105957
37.997344970703125
38.512454986572266
38.24006271362305
38.217445373535156
38.99584197998047
40.126426696777344
38.900665283203125
39.60999298095703
39.983726501464844
38.596893310546875
39.090084075927734
37.020877838134766
37.994972229003906
40.045745849609375
40.02680587768555
37.31016159057617
40.50303649902344
37.93077087402344
38.403263092041016
38.951480865478516
42.31760787963867
38.16861343383789
40.09300231933594
36.99015426635742
38.41484451293945
37.265907287597656
41.13630676269531
39.780616760253906
40.142005920410156
39.328857421875
41.13554000854492
40.467315673828125
39.061614990234375
38.72043991088867
38.438419342041016
39.34905242919922
39.3597297668457
38.40804672241211
37.8086051940918
37.87968444824219
38.887237548828125
38.51533126831055
39.24861526489258
38.79610824584961
39.62208938598633
38.62337875366211
38.67227554321289
39.548465728759766
38.709991455078125
39.984474182128906
39.55110168457031
38.430084228515625
38.76976776123047
37.48750686645508
37.7501335144043
39.790802001953125
39.476261138916016
38.658180236816406
38.813541412353516
39.97123336791992
39.64365005493164
36.112518310546875
38.367919921875
39.72222900390625
38.94526290893555
41.70338821411133
39.08173370361328
38.96586227416992
38.502784729003906
39.53383255004883
38.59809494018555
38.878562927246094
38.96092224121094
38.62343978881836
39.49375534057617
38.18033218383789
39.7250862121582
38.639190673828125
40.04559326171875
39.60017776489258
38.325706481933594
39.09286880493164
39.43272399902344
38.690147399902344
39.529781341552734
38.931270599365234
39.95292663574219
38.361473083496094
39.52156066894531
38.866310119628906
39.181888580322266
38.55130386352539
38.37969970703125
38.749412536621094
38.740509033203125
38.52648162841797
38.421226501464844
38.682769775390625
38.67025375366211
38.857887268066406
38.90901184082031
39.62314987182617
38.5816650390625
38.70075988769531
38.6161994934082
38.849124908447266
40.0704231262207
38.82975387573242
38.08417892456055
38.92767333984375
39.078983306884766
37.93038558959961
40.48314666748047
39.84675979614258
38.540122985839844
39.01410675048828
38.480220794677734
39.30420684814453
39.38858413696289
40.22888946533203
40.35725402832031
38.562339782714844
39.07987594604492
37.4598274230957
38.07503890991211
39.280208587646484
38.438392639160156
38.79684066772461
38.94868087768555
38.4237174987793
38.32443618774414
38.620872497558594
38.11542510986328
38.68019485473633
37.33776092529297
36.74006271362305
40.305267333984375
38.610694885253906
38.931461334228516
41.955726623535156
40.1226692199707
39.39891815185547
39.568214416503906
39.92910385131836
37.4072151184082
38.870391845703125
38.59901809692383
39.672119140625
39.916282653808594
37.714210510253906
39.860740661621094
38.007232666015625
37.941184997558594
38.05252456665039
37.60833740234375
37.237037658691406
40.04525375366211
38.0258903503418
38.91869354248047
38.598350524902344
39.06039047241211
39.1283073425293
37.5606575012207
38.17322540283203
41.17756271362305
37.69197082519531
40.7526741027832
37.43320846557617
40.325462341308594
37.24809265136719
41.084007263183594
39.68611526489258
36.93890380859375
39.47990798950195
37.843223571777344
39.21263885498047
39.36396408081055
37.81919479370117
38.884666442871094
39.833805084228516
38.45780563354492
38.300941467285156
37.30677032470703
40.003719329833984
38.684261322021484
37.94020080566406
37.85273361206055
37.78411102294922
39.225830078125
38.84990692138672
38.8583869934082
39.98757553100586
37.9870719909668
39.31504821777344
38.469093322753906
36.83727264404297
38.39263916015625
39.378570556640625
37.08047103881836
37.354305267333984
37.49753952026367
40.955169677734375
36.480567932128906
36.468772888183594
36.15062713623047
37.432254791259766
41.388694763183594
39.02615737915039
40.32817077636719
41.63227462768555
41.38917541503906
43.2664794921875
37.227752685546875
39.88071823120117
40.215476989746094
41.03791809082031
38.698551177978516
40.04345703125
40.04709243774414
36.538970947265625
39.30583572387695
38.18553924560547
38.03611755371094
38.66802978515625
38.40947723388672
39.77733612060547
38.62565612792969
40.32292556762695
39.12840270996094
37.91579818725586
39.21257781982422
39.571720123291016
38.487979888916016
39.246517181396484
38.736289978027344
39.080535888671875
38.679473876953125
39.205299377441406
39.275794982910156
38.42914962768555
39.49831008911133
38.77525329589844
38.80633544921875
39.07759475708008
38.31000900268555
38.606937408447266
38.97225570678711
39.51558303833008
38.232208251953125
39.651336669921875
39.53123474121094
37.75386047363281
39.13941192626953
38.81024169921875
39.02070999145508
38.41569519042969
38.73800277709961
38.86119842529297
38.356971740722656
37.95112609863281
38.6580810546875
37.68280029296875
38.63764953613281
38.80901336669922
38.7001838684082
37.88881301879883
38.94580078125
39.3006706237793
38.55629348754883
38.77126693725586
39.894065856933594
39.50169372558594
38.710044860839844
38.29583740234375
38.9228401184082
38.66825866699219
39.064292907714844
39.10287857055664
38.830387115478516
39.622413635253906
39.27548599243164
38.829254150390625
38.63425064086914
38.55938720703125
38.894004821777344
39.134620666503906
38.58562088012695
38.618412017822266
39.189674377441406
38.97646713256836
39.14484405517578
39.2442741394043
38.276588439941406
39.113319396972656
39.166297912597656
38.134498596191406
38.99528503417969
37.883750915527344
38.30911636352539
38.702354431152344
38.20383834838867
38.61415100097656
37.61735916137695
38.18637466430664
39.231300354003906
39.08218765258789
39.32377243041992
38.491363525390625
38.1572151184082
38.40558624267578
38.113502502441406
38.43291473388672
38.82197952270508
40.115447998046875
39.00550842285156
39.58732986450195
38.82527542114258
38.655555725097656
39.225608825683594
38.44096374511719
38.7863655090332
38.97086715698242
39.05367660522461
38.958404541015625
38.69408416748047
38.325870513916016
38.06385803222656
38.009761810302734
38.51951599121094
39.17303466796875
38.887855529785156
38.82308578491211
38.85939407348633
39.69717788696289
38.33452606201172
38.62077713012695
39.26076126098633
38.836334228515625
38.98411178588867
38.80104446411133
38.22049331665039
39.1532096862793
38.69767761230469
37.65707015991211
37.6408805847168
38.398372650146484
38.81772232055664
39.244895935058594
38.207984924316406
38.777740478515625
38.03470230102539
40.22258377075195
39.11610412597656
39.80433654785156
39.956851959228516
40.010162353515625
39.3402099609375
40.314273834228516
38.57545471191406
39.11003875732422
38.738224029541016
38.11421203613281
38.33095932006836
38.352352142333984
39.2199592590332
37.813819885253906
38.991981506347656
38.83087158203125
38.21507263183594
38.4921875
38.599945068359375
38.204776763916016
38.50859069824219
38.08086395263672
38.02814865112305
37.66604232788086
38.60703659057617
39.135562896728516
37.924217224121094
38.79865264892578
37.595149993896484
38.457454681396484
38.60475540161133
39.365177154541016
38.522029876708984
39.24365234375
38.6199836730957
38.22350311279297
38.7945671081543
39.4939079284668
37.729644775390625
38.740718841552734
38.15842819213867
39.16223907470703
39.93285369873047
38.84645080566406
38.69927215576172
39.30625915527344
37.69596481323242
39.09657287597656
39.52627182006836
38.22080612182617
38.54020309448242
38.590980529785156
38.311397552490234
38.59537887573242
38.27462387084961
38.991737365722656
37.99379348754883
39.442115783691406
38.1795768737793
37.706912994384766
38.47593307495117
38.60649871826172
39.17917251586914
38.99287796020508
38.813743591308594
37.353858947753906
38.489959716796875
39.104400634765625
38.081512451171875
38.744747161865234
39.198326110839844
38.93852615356445
39.12090301513672
38.21135711669922
38.329254150390625
39.01747512817383
38.96661376953125
39.27189254760742
38.12460708618164
39.263832092285156
38.898658752441406
38.76099395751953
38.104393005371094
38.60160446166992
38.70566177368164
38.43244552612305
37.91866683959961
39.06782531738281
38.6895637512207
38.82334899902344
38.242183685302734
38.642818450927734
38.42106628417969
38.727195739746094
37.90770721435547
38.06410598754883
39.57208251953125
38.75220489501953
38.33490753173828
38.087806701660156
37.95674133300781
40.260398864746094
37.86921310424805
38.6702995300293
39.54793167114258
37.18186569213867
38.29571533203125
38.859397888183594
38.07516098022461
39.232398986816406
38.899620056152344
37.64447784423828
38.58836364746094
38.66255569458008
39.9366340637207
38.3333740234375
37.78112030029297
37.538848876953125
39.17301559448242
39.561012268066406
39.122169494628906
38.076698303222656
38.26667404174805
38.82813262939453
38.89007568359375
37.906742095947266
40.17241668701172
38.11178207397461
38.45606231689453
38.76129913330078
38.88431167602539
38.910308837890625
38.63557052612305
37.977134704589844
38.51530075073242
38.61903381347656
37.954002380371094
39.93512725830078
39.17734146118164
39.3128547668457
38.42772674560547
38.894954681396484
39.2544059753418
38.52140426635742
38.75507736206055
38.61615753173828
38.77613067626953
38.353309631347656
38.64919662475586
38.83735656738281
38.72678756713867
38.836185455322266
38.49135208129883
38.86996078491211
38.3381233215332
38.205078125
38.86574172973633
38.225372314453125
39.20295333862305
38.44192123413086
38.84073257446289
39.05555725097656
39.27378845214844
38.72814178466797
38.73499298095703
38.843833923339844
38.26313400268555
39.394771575927734
38.96332550048828
38.81545639038086
40.20240020751953
38.68807601928711
37.98615646362305
38.89662170410156
38.69569396972656
38.92585372924805
39.3155517578125
39.63547897338867
38.862430572509766
39.62344741821289
38.67259216308594
38.25871276855469
38.47818374633789
38.30844497680664
38.163299560546875
39.04442596435547
38.97351837158203
38.525203704833984
38.4449348449707
38.753902435302734
38.62678146362305
39.42071533203125
38.6710205078125
38.200050354003906
38.07135009765625
38.87211227416992
37.70102310180664
38.79378128051758
38.09273910522461
37.993309020996094
38.226097106933594
38.15474319458008
38.265262603759766
38.95201873779297
38.821502685546875
38.903865814208984
38.38627624511719
38.3738899230957
39.03902053833008
38.701995849609375
38.670127868652344
38.96378707885742
39.41669845581055
39.95268630981445
39.014469146728516
38.96828842163086
38.7252311706543
38.85205841064453
38.30754852294922
38.56449890136719
39.299110412597656
38.58844757080078
37.80465316772461
38.32168960571289
37.90693664550781
38.62273025512695
38.455448150634766
38.56559371948242
38.71943664550781
38.38372039794922
38.69350051879883
38.20203399658203
38.62947082519531
37.87606430053711
38.914127349853516
37.672122955322266
38.61613845825195
38.307884216308594
38.43476867675781
38.77383804321289
38.26422119140625
38.47468566894531
38.59020233154297
38.86031723022461
39.794715881347656
38.91128921508789
39.377262115478516
38.22256851196289
39.56560516357422
39.023902893066406
38.39158248901367
38.56379699707031
38.6026496887207
38.40568923950195
37.53730392456055
37.703857421875
38.283878326416016
38.7603759765625
38.949947357177734
38.117156982421875
40.43648910522461
38.78289794921875
38.97616958618164
38.76539993286133
38.24762725830078
38.747676849365234
38.09671401977539
38.27493667602539
38.65745544433594
38.90376281738281
38.99623489379883
38.8686408996582
38.28312683105469
38.66963577270508
38.23625183105469
38.48686981201172
38.364681243896484
38.26148986816406
38.25050354003906
38.568359375
38.57060241699219
38.66132354736328
38.59821701049805
38.6617317199707
38.55619430541992
38.659427642822266
38.361690521240234
38.957000732421875
38.13686752319336
38.83087921142578
38.44045639038086
38.087528228759766
39.1048469543457
38.38250732421875
37.78065872192383
38.36766815185547
37.94546127319336
38.52910614013672
38.69807052612305
38.27775955200195
39.77458190917969
38.13949203491211
38.75813293457031
38.28012466430664
38.677886962890625
38.053688049316406
38.393314361572266
38.18803787231445
38.32444763183594
38.975154876708984
39.30665969848633
39.01847839355469
39.10234832763672
38.59978103637695
38.64958190917969
38.133819580078125
38.095516204833984
38.15277862548828
38.35373306274414
38.31459045410156
38.66397476196289
37.999412536621094
38.78779983520508
38.40834045410156
38.30930709838867
37.914825439453125
39.313804626464844
38.89628982543945
38.32147216796875
38.59986877441406
38.409297943115234
38.74049377441406
38.176124572753906
38.46330261230469
38.19728088378906
38.820858001708984
39.113441467285156
39.05230712890625
39.76308822631836
38.57014083862305
39.162330627441406
38.4786491394043
38.78824996948242
38.48894500732422
38.456809997558594
38.507205963134766
38.593326568603516
38.74920654296875
39.04083251953125
38.089263916015625
38.377166748046875
38.318485260009766
38.075347900390625
38.61979293823242
38.2928466796875
39.42247009277344
38.87057876586914
39.06171417236328
38.14032745361328
38.56631851196289
37.87977600097656
37.790550231933594
38.729331970214844
37.886104583740234
38.53881072998047
38.28010177612305
38.107208251953125
38.26515579223633
38.96461486816406
38.411773681640625
38.73672866821289
38.365901947021484
38.283409118652344
38.27571105957031
38.517616271972656
38.49871063232422
38.85983657836914
38.10285568237305
38.82924270629883
37.350677490234375
39.29324722290039
38.54248809814453
37.8785285949707
38.83241653442383
38.02381896972656
38.490455627441406
38.68013381958008
38.3846321105957
37.72838592529297
38.682315826416016
38.6802864074707
38.737857818603516
38.83417892456055
38.783226013183594
38.70323181152344
38.658531188964844
38.015804290771484
39.378536224365234
38.81953048706055
38.31858825683594
38.71342468261719
38.31218338012695
38.997615814208984
38.20575714111328
38.872039794921875
38.65330123901367
37.410491943359375
38.58946990966797
38.65917205810547
37.81435012817383
38.43135070800781
38.488548278808594
37.66419982910156
38.28998565673828
38.511627197265625
39.15357971191406
38.307212829589844
38.4470100402832
39.039608001708984
38.8645133972168
37.98854446411133
39.68584442138672
38.38970184326172
38.12567138671875
38.65267562866211
38.67282485961914
38.24245071411133
37.817752838134766
38.77681350708008
37.808475494384766
38.05632781982422
38.3066520690918
38.84379577636719
38.42241287231445
38.00530242919922
37.97800827026367
38.369178771972656
38.97338104248047
38.86977767944336
38.82268142700195
38.789268493652344
37.579437255859375
38.432193756103516
37.18193054199219
39.15859603881836
37.315650939941406
39.2520751953125
38.752197265625
38.70406723022461
37.72151184082031
38.83173751831055
38.59872055053711
37.891990661621094
38.37733840942383
37.792694091796875
38.47844314575195
38.85874938964844
38.084800720214844
38.88805389404297
37.84132766723633
38.26393508911133
38.18924331665039
38.95896530151367
38.297584533691406
37.583412170410156
39.11506652832031
38.57222366333008
38.947208404541016
38.45558547973633
38.570186614990234
37.69007873535156
38.69325637817383
38.502933502197266
37.810997009277344
37.91709899902344
39.19538497924805
39.306419372558594
38.44824981689453
38.379119873046875
38.811126708984375
38.88211441040039
38.02242660522461
38.220802307128906
37.624752044677734
38.66514205932617
38.79692840576172
38.025794982910156
38.43925094604492
38.65035629272461
39.17900466918945
38.56260681152344
38.23603439331055
38.5056037902832
37.96143341064453
38.907352447509766
38.595462799072266
38.20561599731445
37.81242752075195
38.567840576171875
37.36030578613281
38.41408920288086
38.83025360107422
38.53258514404297
39.51429748535156
38.947853088378906
38.322044372558594
38.52414321899414
38.8065185546875
38.446556091308594
38.09829330444336
39.36415100097656
37.60573196411133
37.879180908203125
38.2772331237793
38.36125183105469
38.55979919433594
38.71411895751953
38.438140869140625
38.417724609375
38.31111526489258
38.07097625732422
38.822269439697266
38.260032653808594
39.395904541015625
38.407955169677734
38.8355712890625
38.947120666503906
38.7274055480957
38.212913513183594
39.94626235961914
38.63603973388672
38.47321701049805
38.8751220703125
38.46186065673828
38.31021499633789
38.24136734008789
37.73409652709961
38.114654541015625
38.44621276855469
38.83771514892578
39.179359436035156
39.18244171142578
38.82709884643555
38.304176330566406
38.30123519897461
38.60563278198242
37.80941390991211
38.41695022583008
38.26064682006836
38.134422302246094
37.87385177612305
39.26957702636719
39.22087478637695
38.87411880493164
38.20621109008789
38.74300003051758
37.927764892578125
38.18250274658203
38.667930603027344
38.12062454223633
39.54948806762695
38.41830825805664
38.274208068847656
37.73808670043945
38.579044342041016
39.013336181640625
38.783775329589844
38.53303909301758
38.06898880004883
37.78632354736328
38.306034088134766
37.813720703125
38.46908187866211
38.60017395019531
39.38235092163086
38.39204406738281
38.978084564208984
38.26433181762695
38.06771469116211
38.47719192504883
38.92194366455078
37.8353385925293
38.443206787109375
38.40350341796875
38.02137756347656
38.561668395996094
38.520206451416016
38.55438995361328
38.31660842895508
38.4624137878418
38.034603118896484
38.09062576293945
38.82218551635742
37.899715423583984
38.59847640991211
38.481895446777344
38.71002197265625
38.357666015625
38.061519622802734
38.186038970947266
38.53081130981445
38.36140060424805
38.20358657836914
37.92192840576172
38.750892639160156
38.09717559814453
38.50736999511719
39.16953659057617
37.917076110839844
38.74703598022461
38.09510040283203
38.671504974365234
38.45345687866211
37.67945098876953
38.933128356933594
38.219669342041016
37.74898910522461
39.12541580200195
38.20927429199219
37.751773834228516
38.58497619628906
38.340843200683594
38.482582092285156
38.814884185791016
38.340370178222656
38.22627639770508
38.64731979370117
38.533592224121094
38.58684158325195
38.281246185302734
37.97219467163086
38.239444732666016
38.067848205566406
38.34774398803711
38.160438537597656
39.94411849975586
39.47773742675781
38.785308837890625
38.22140884399414
38.66560363769531
38.395572662353516
38.027976989746094
38.47642135620117
38.689823150634766
38.18748474121094
38.58495330810547
38.74541473388672
38.61662292480469
38.08966064453125
38.23215103149414
38.495262145996094
38.06603240966797
38.515071868896484
38.087608337402344
38.55968475341797
38.09104537963867
38.122013092041016
38.25767135620117
38.279457092285156
39.036930084228516
38.29098892211914
38.44427490234375
38.602134704589844
38.10247802734375
38.042442321777344
38.27592468261719
38.1390495300293
38.09037780761719
38.59705352783203
38.76069259643555
38.197933197021484
38.6469612121582
38.288604736328125
37.98063278198242
38.386837005615234
38.142452239990234
38.970767974853516
38.39799499511719
39.23798370361328
37.62184143066406
38.33981704711914
38.603538513183594
38.544952392578125
37.69001007080078
38.171875
38.758079528808594
38.44877243041992
38.1744499206543
38.38775634765625
38.28426742553711
38.160011291503906
38.61473083496094
38.756019592285156
38.700374603271484
38.5180549621582
38.318668365478516
38.734439849853516
38.17084884643555
39.05746841430664
38.45576477050781
38.42908477783203
38.809722900390625
37.76530838012695
37.956302642822266
39.136199951171875
38.03117752075195
38.02720260620117
38.391483306884766
38.76327133178711
38.761112213134766
38.92232131958008
37.83366394042969
38.32219314575195
38.27473831176758
38.45621109008789
38.00784683227539
38.792205810546875
38.51723098754883
38.3147087097168
38.78383255004883
39.328712463378906
38.132328033447266
38.48814010620117
39.046470642089844
39.314212799072266
38.58656311035156
39.14717483520508
38.800132751464844
38.52368927001953
38.1923713684082
39.254234313964844
38.9793815612793
38.41585922241211
37.6978874206543
38.14619445800781
38.28816604614258
37.54425811767578
37.83155822753906
37.960304260253906
38.86924362182617
38.109893798828125
38.766605377197266
38.31597900390625
37.6558723449707
38.38396453857422
38.11345672607422
38.30617141723633
38.39771270751953
38.61030197143555
37.353973388671875
37.96915054321289
38.250083923339844
38.01945495605469
38.258277893066406
39.06897735595703
38.75380325317383
38.752159118652344
39.344661712646484
39.63198471069336
38.71613311767578
38.539730072021484
38.0478630065918
38.81513595581055
37.74652862548828
38.32829284667969
38.58229064941406
38.14265441894531
39.031558990478516
38.34550094604492
39.27854919433594
38.995094299316406
38.9048957824707
38.51332092285156
38.559654235839844
38.316650390625
38.224727630615234
37.91523742675781
38.322174072265625
38.5819091796875
38.765445709228516
38.82023239135742
38.47517013549805
38.38025665283203
38.719791412353516
38.98857116699219
37.796348571777344
39.0343132019043
38.41270446777344
37.85907745361328
38.81826400756836
38.096153259277344
38.696388244628906
38.541465759277344
39.542808532714844
38.59495544433594
38.63512420654297
39.03113555908203
38.14335632324219
38.48948287963867
39.137874603271484
38.852439880371094
37.6336555480957
38.82789611816406
38.60841751098633
37.90353775024414
38.79023361206055
37.74346923828125
37.961158752441406
38.265228271484375
38.681888580322266
38.2652702331543
38.81329345703125
37.7596435546875
38.22349166870117
38.15434265136719
38.87565612792969
38.89315414428711
38.67382049560547
38.61909866333008
38.02556228637695
38.49552536010742
38.71706008911133
38.58736801147461
38.185325622558594
38.64952087402344
38.11713409423828
38.688819885253906
38.115299224853516
38.44455337524414
39.24931335449219
38.1734504699707
38.4315185546875
38.068389892578125
38.88034439086914
37.94825744628906
38.54267501831055
38.598331451416016
38.406219482421875
38.33999252319336
38.62067794799805
38.049957275390625
38.620506286621094
39.0105094909668
38.384891510009766
38.70395278930664
38.54210662841797
38.51162338256836
38.31703186035156
38.665367126464844
38.90838623046875
38.96157455444336
38.24462127685547
38.34088134765625
38.509429931640625
38.25649642944336
38.22210693359375
38.30057907104492
38.47865295410156
38.25174331665039
37.723388671875
38.77232360839844
38.247406005859375
38.55360412597656
38.49513244628906
38.50931167602539
38.2169075012207
38.905052185058594
39.087493896484375
39.06560134887695
38.493804931640625
38.23550033569336
38.35868453979492
37.97442626953125
37.966827392578125
38.679603576660156
38.279930114746094
38.57536315917969
38.472530364990234
38.120750427246094
38.18365478515625
38.08932876586914
37.99098205566406
38.142478942871094
38.19696044921875
38.97944641113281
39.02574157714844
37.61920166015625
38.206565856933594
38.354637145996094
38.4911994934082
38.08750915527344
37.91852569580078
38.742191314697266
38.7440299987793
38.13019943237305
38.46651077270508
38.84135437011719
38.63614273071289
38.559444427490234
37.93739318847656
38.095821380615234
37.580448150634766
38.420711517333984
38.286155700683594
38.409690856933594
38.16323471069336
38.133888244628906
38.39152145385742
38.39277648925781
38.07276153564453
38.55998611450195
38.070377349853516
38.966766357421875
39.12053680419922
38.33928680419922
37.97618865966797
38.17215347290039
39.04390335083008
38.39559555053711
38.43610763549805
38.35336685180664
38.74642562866211
38.89714431762695
38.38954544067383
38.46470642089844
37.89845275878906
38.6689567565918
38.479042053222656
38.39541244506836
38.527645111083984
38.4965934753418
39.35511016845703
38.72990417480469
38.21717834472656
38.688697814941406
38.30868911743164
38.327030181884766
38.46285629272461
38.63384246826172
38.40824890136719
38.08409881591797
38.72762680053711
38.48135757446289
37.6483154296875
38.53229904174805
38.45570755004883
37.73138427734375
38.59514617919922
38.47490310668945
38.54806137084961
38.339622497558594
38.75806427001953
38.23912048339844
37.8031005859375
38.47953414916992
38.44855880737305
39.27279281616211
38.85395050048828
38.04698181152344
38.317081451416016
38.391845703125
37.356597900390625
37.80516815185547
38.17220687866211
38.39795684814453
38.5740852355957
38.71505355834961
38.43536376953125
38.97507095336914
38.79566955566406
38.28355026245117
38.27902603149414
38.50749588012695
37.6972541809082
38.24781036376953
38.08561706542969
38.15467834472656
38.01112747192383
38.8012809753418
38.210060119628906
38.24530029296875
38.124244689941406
37.606414794921875
38.98767852783203
37.413352966308594
38.409629821777344
38.25010299682617
38.84476089477539
39.03975296020508
38.62129592895508
38.19303894042969
37.98003005981445
38.22208786010742
38.379676818847656
38.56195068359375
37.536197662353516
38.287166595458984
38.01457214355469
37.77349853515625
38.605098724365234
38.034690856933594
39.05678939819336
38.8013801574707
38.11708450317383
38.441261291503906
38.63981628417969
38.87612533569336
37.96274185180664
38.099456787109375
38.770225524902344
37.91664505004883
38.37158966064453
38.22456741333008
39.06364822387695
38.40618133544922
38.4427490234375
38.34918975830078
38.454673767089844
37.66853332519531
38.46683883666992
38.212486267089844
38.6912727355957
38.140079498291016
38.16938400268555
37.78023147583008
38.3315315246582
38.02513122558594
38.90593719482422
37.89612579345703
39.128173828125
39.50324249267578
37.78460693359375
38.72294616699219
38.84689712524414
37.84382629394531
39.04877471923828
37.83158493041992
37.60491943359375
38.768592834472656
38.33467483520508
38.208255767822266
38.421104431152344
37.74770736694336
38.64603042602539
38.74601745605469
38.044551849365234
38.20500946044922
38.12747573852539
37.826148986816406
38.635597229003906
