19.379404067993164
18.341283798217773
16.716310501098633
18.354717254638672
18.301673889160156
18.234006881713867
18.29765510559082
18.481948852539062
18.414525985717773
18.8050594329834
18.64594841003418
18.848106384277344
18.86046028137207
17.99262809753418
18.284536361694336
18.779489517211914
18.774547576904297
16.125646591186523
18.646360397338867
18.451061248779297
17.864431381225586
15.811056137084961
18.745468139648438
17.990602493286133
18.3034610748291
18.303163528442383
16.758859634399414
16.98958396911621
17.811044692993164
18.22430992126465
17.8253231048584
17.50040626525879
17.672849655151367
13.943278312683105
17.43436622619629
17.876211166381836
17.500713348388672
17.454662322998047
17.453672409057617
17.7868709564209
17.58936882019043
15.467323303222656
17.288497924804688
17.14458656311035
17.7666015625
17.335142135620117
17.707231521606445
17.378765106201172
17.022796630859375
16.604642868041992
16.59347915649414
16.314971923828125
16.725202560424805
16.25889015197754
14.286473274230957
16.044700622558594
15.821520805358887
15.579079627990723
15.665103912353516
15.207259178161621
15.23283863067627
15.038345336914062
15.209680557250977
14.097254753112793
13.801623344421387
13.406160354614258
12.208732604980469
13.094778060913086
13.16293716430664
11.542824745178223
12.532233238220215
11.831803321838379
12.173907279968262
11.505026817321777
11.342583656311035
11.136587142944336
10.914999008178711
10.165946960449219
10.20995807647705
9.583189010620117
9.673688888549805
9.469651222229004
8.963713645935059
8.686100006103516
8.378302574157715
8.46385383605957
8.1769380569458
7.801839351654053
7.445505142211914
7.466168403625488
7.33860445022583
6.798720836639404
6.842299938201904
6.738491535186768
6.529468536376953
6.47613525390625
6.111636161804199
6.336159706115723
6.017324447631836
5.910188674926758
5.805515289306641
5.738633632659912
5.40419864654541
5.410397052764893
5.246042251586914
5.143548488616943
5.139055252075195
5.050373554229736
4.861628532409668
4.607269763946533
4.672189235687256
4.559577941894531
4.37285852432251
4.233244895935059
4.2227277755737305
4.115819454193115
4.044137001037598
4.079842567443848
4.001680374145508
3.9093716144561768
3.7981832027435303
3.7220609188079834
3.771596908569336
3.6624045372009277
3.6216046810150146
3.6867032051086426
3.5891406536102295
3.584789514541626
3.6006059646606445
3.419955253601074
3.484717845916748
3.3945279121398926
3.3458139896392822
3.241966724395752
3.280916213989258
3.192838430404663
3.0904622077941895
3.022449016571045
3.034761667251587
2.8320491313934326
2.8492047786712646
3.0211803913116455
2.827639579772949
2.8698856830596924
2.8084073066711426
2.6116645336151123
2.638902425765991
2.668321371078491
2.6541740894317627
2.6329262256622314
2.647761821746826
2.5251455307006836
2.4526119232177734
2.407322406768799
2.432330369949341
2.371964693069458
2.380625009536743
2.349062919616699
2.4736218452453613
2.2965381145477295
2.212934732437134
2.2656610012054443
2.3220324516296387
2.27225923538208
2.236039161682129
2.220332622528076
2.2571232318878174
2.126610040664673
2.1580750942230225
2.17832612991333
2.1494245529174805
2.1682958602905273
1.9585994482040405
2.052948474884033
2.085283041000366
2.126950740814209
2.10229229927063
2.0752577781677246
2.0620203018188477
2.0444865226745605
1.9419373273849487
2.01859974861145
1.9327070713043213
1.9189910888671875
1.95400071144104
1.9718003273010254
1.9250223636627197
1.9179970026016235
1.838437795639038
1.8570226430892944
1.9022185802459717
1.832332730293274
1.907717227935791
1.8545143604278564
1.83120858669281
1.7685120105743408
1.8314024209976196
1.811875343322754
1.824678897857666
1.802886962890625
1.6497653722763062
1.7990384101867676
1.8586184978485107
1.741662621498108
1.7563223838806152
1.6931291818618774
1.7835273742675781
1.7127971649169922
1.7208573818206787
1.7390865087509155
1.7230589389801025
1.6035853624343872
1.6381155252456665
1.6137527227401733
1.643473744392395
1.6118861436843872
1.6672018766403198
1.638020396232605
1.6821852922439575
1.5961240530014038
1.636141061782837
1.566161870956421
1.6043400764465332
1.5991175174713135
1.65634024143219
1.6584054231643677
1.5786943435668945
1.5927313566207886
1.6003605127334595
1.6426405906677246
1.52058744430542
1.6130282878875732
1.5518826246261597
1.5293216705322266
1.5009874105453491
1.5094588994979858
1.4869356155395508
1.5129598379135132
1.5970053672790527
1.5669537782669067
1.6086583137512207
1.4708573818206787
1.5361666679382324
1.4693176746368408
1.585209846496582
1.4776955842971802
1.4530936479568481
1.5240281820297241
1.4684423208236694
1.5383716821670532
1.4507966041564941
1.4784940481185913
1.4813488721847534
1.4757411479949951
1.3961838483810425
1.4558645486831665
1.435990571975708
1.427996039390564
1.461652398109436
1.4474334716796875
1.465336561203003
1.4194928407669067
1.3562904596328735
1.3651390075683594
1.4514983892440796
1.387142539024353
1.4105123281478882
1.3792643547058105
1.345590591430664
1.3919419050216675
1.3722991943359375
1.2688554525375366
1.382419228553772
1.375983476638794
1.3601651191711426
1.3919776678085327
1.3472471237182617
1.37477707862854
1.2807358503341675
1.3579682111740112
1.3841447830200195
1.3398131132125854
1.3294785022735596
1.2984018325805664
1.3946304321289062
1.2933120727539062
1.353332281112671
1.3609110116958618
1.3217393159866333
1.4320268630981445
1.3490245342254639
1.3793916702270508
1.249577522277832
1.1520180702209473
1.2797660827636719
1.20710289478302
1.3467069864273071
1.3184410333633423
1.3036562204360962
1.3352667093276978
1.3018640279769897
1.2480872869491577
1.1216669082641602
1.2866798639297485
1.2145278453826904
1.3230974674224854
1.2630999088287354
1.326766014099121
1.250808835029602
1.2257112264633179
1.299655556678772
1.2553693056106567
1.2421244382858276
1.2236788272857666
1.2362698316574097
1.2196983098983765
1.2244309186935425
1.3222620487213135
1.1995362043380737
1.2819076776504517
1.3204023838043213
1.2253552675247192
1.291006088256836
1.2510558366775513
1.2206662893295288
1.2580912113189697
1.231123447418213
1.2350634336471558
1.2090080976486206
1.0023117065429688
1.1919164657592773
1.2484486103057861
1.1690634489059448
1.2102309465408325
1.2595009803771973
1.1299288272857666
1.122007966041565
1.1192362308502197
1.2355194091796875
1.189407467842102
1.2143789529800415
1.196237325668335
1.1961793899536133
1.1645398139953613
1.17747163772583
1.1958510875701904
1.1391754150390625
1.1929877996444702
1.148756742477417
1.121553897857666
1.0913130044937134
1.1684561967849731
1.1463907957077026
1.138216257095337
1.1483403444290161
1.0847200155258179
1.1523079872131348
1.247212290763855
1.1670979261398315
1.1857779026031494
1.0675626993179321
1.1877497434616089
1.1573458909988403
1.14459228515625
1.0732635259628296
1.1292003393173218
1.1168361902236938
1.070232629776001
1.1413806676864624
1.130954623222351
1.1237064599990845
1.1549761295318604
1.1786837577819824
1.1435691118240356
1.1078462600708008
1.1148585081100464
1.1468428373336792
1.1344609260559082
1.1700057983398438
1.0788419246673584
1.0389689207077026
1.1044695377349854
1.1022156476974487
1.0372430086135864
1.178205966949463
1.1186484098434448
1.0047574043273926
1.1640782356262207
1.1495893001556396
1.0371249914169312
0.9710153937339783
1.1352649927139282
1.062965989112854
1.0430186986923218
1.0855351686477661
1.1022709608078003
1.0693796873092651
1.1173617839813232
1.076556921005249
1.07737398147583
1.0856149196624756
1.0679601430892944
1.105238437652588
1.069401741027832
1.1095689535140991
1.1142981052398682
1.0311279296875
0.9663146734237671
1.0812345743179321
1.1029834747314453
1.0446723699569702
1.0577987432479858
1.0740323066711426
1.0687661170959473
1.0996747016906738
1.0340832471847534
1.0000487565994263
1.066117763519287
1.0434818267822266
0.9321200251579285
1.035391092300415
1.0628819465637207
0.9939038753509521
1.0421854257583618
1.072726845741272
1.0934817790985107
1.0709658861160278
1.0740039348602295
1.03858482837677
1.048743486404419
1.0604549646377563
1.006285548210144
0.9478436708450317
1.076687216758728
1.0489542484283447
1.0106137990951538
1.0369482040405273
1.0706170797348022
1.0927945375442505
1.069191813468933
1.0234020948410034
0.9266511797904968
1.0617953538894653
1.0161535739898682
0.9732324481010437
0.9815681576728821
1.0142918825149536
1.0290987491607666
1.050736665725708
1.0174877643585205
0.9860708713531494
1.005008339881897
1.024661898612976
0.9471619129180908
1.0524070262908936
0.9934847950935364
0.9771170020103455
1.0375103950500488
1.063450813293457
0.9704466462135315
1.0252114534378052
1.0331141948699951
1.009899616241455
1.013704776763916
0.9932621717453003
0.9713833928108215
1.016286015510559
0.9802491664886475
0.9968462586402893
0.9790491461753845
0.975826621055603
1.0206773281097412
1.0093713998794556
0.9959747195243835
1.0319135189056396
0.9892336130142212
0.9837321043014526
1.0250225067138672
1.048017978668213
0.9916731715202332
1.0117509365081787
0.951736569404602
1.0058423280715942
1.0086942911148071
1.0135689973831177
0.9963939189910889
0.9859166741371155
0.9155639410018921
0.9850539565086365
0.9620981812477112
0.9610726237297058
1.0035796165466309
0.9745385050773621
1.038419485092163
0.983565092086792
0.9925950765609741
0.928208589553833
0.9687407612800598
0.9308731555938721
0.8839744329452515
0.9913020730018616
0.9962770342826843
0.9651578068733215
0.983397901058197
0.9503649473190308
0.9929545521736145
0.9413474202156067
1.0299575328826904
0.8723281621932983
0.9209195971488953
0.9701830744743347
0.9422439336776733
0.9873222708702087
0.962896466255188
0.9523952007293701
0.918172299861908
0.9825996160507202
0.9608241319656372
0.987052857875824
0.9974467158317566
0.9789072275161743
0.9238357543945312
0.9550949335098267
0.899645209312439
0.9832907915115356
0.9816805720329285
0.9619177579879761
0.8491038084030151
0.9499523639678955
0.9649408459663391
0.9477659463882446
0.841656506061554
0.978969931602478
0.9097297787666321
0.8988319635391235
0.8214151859283447
0.9411213397979736
0.9836806654930115
0.9212507605552673
0.9733777046203613
0.9748015403747559
0.8999016880989075
0.948693037033081
0.9101852178573608
0.8982914090156555
1.0410454273223877
0.9317103028297424
0.9813688397407532
0.9052249193191528
0.9146586656570435
0.8085173964500427
0.8985533118247986
0.9070686101913452
0.9091867208480835
0.870614230632782
0.9820321202278137
0.870115339756012
0.8323453068733215
0.9150627255439758
0.8530458807945251
0.9465497136116028
0.8840611577033997
0.9216837286949158
0.9075036644935608
0.9144275188446045
0.9240208268165588
0.9384769797325134
0.936036229133606
0.9381927251815796
0.8772804737091064
0.9238767623901367
0.9254574775695801
0.9313319325447083
0.9403068423271179
0.9122326374053955
0.9095248579978943
0.9454550743103027
0.9255815148353577
0.9219667911529541
0.9416780471801758
0.9228044748306274
0.891356885433197
0.9211097955703735
0.8995432257652283
0.9169793725013733
0.9133694767951965
0.9116706848144531
0.8761522173881531
0.9248142242431641
0.9064165353775024
0.8192499279975891
0.8842512369155884
0.8755629062652588
0.8940741419792175
0.9134185314178467
0.8429538011550903
0.8631203174591064
0.8750512003898621
0.8665763735771179
0.9293609261512756
0.8623433113098145
0.8542061448097229
0.8843265175819397
0.8955430388450623
0.9075636863708496
0.8483776450157166
0.8684635758399963
0.8654330968856812
0.8859445452690125
0.908860445022583
0.8911367058753967
0.9311479330062866
0.8847703337669373
0.9202165603637695
0.8060194849967957
0.8926455974578857
0.8759751319885254
0.9091939926147461
0.8805482983589172
0.8113672733306885
0.8815345168113708
0.8770931959152222
0.8634576201438904
0.896515429019928
0.7845921516418457
0.8435449600219727
0.845511794090271
0.8679837584495544
0.8022156953811646
0.8522669076919556
0.8055127263069153
0.8715410232543945
0.7910189032554626
0.919256865978241
0.8816421627998352
0.8909463286399841
0.8461818695068359
0.8084632158279419
0.8856891989707947
0.8965961933135986
0.8598703145980835
0.8825394511222839
0.8764075040817261
0.8750404715538025
0.9194178581237793
0.8660439252853394
0.866877555847168
0.8810219168663025
0.8667936325073242
0.8124515414237976
0.8936421871185303
0.871712327003479
0.8236140608787537
0.8785623908042908
0.9013562202453613
0.841118574142456
0.8965336680412292
0.7970286011695862
0.8713729977607727
0.8237383961677551
0.8753289580345154
0.8521134853363037
0.8480314016342163
0.9239938259124756
0.8558240532875061
0.8816491961479187
0.8158424496650696
0.8376361727714539
0.8616619110107422
0.7596415281295776
0.841675341129303
0.8640880584716797
0.8021906018257141
0.8581879138946533
0.8592539429664612
0.8276850581169128
0.9062570333480835
0.8695626258850098
0.8823171854019165
0.8390246629714966
0.8178693652153015
0.8419583439826965
0.7929354310035706
0.861747145652771
0.8792985081672668
0.8246518969535828
0.8417854309082031
0.8464115262031555
0.8620671629905701
0.8207860589027405
0.8754313588142395
0.8837254047393799
0.8406140208244324
0.7989588975906372
0.8500877618789673
0.8194020390510559
0.868718147277832
0.8739829659461975
0.8108198642730713
0.8057960867881775
0.793368935585022
0.8349269032478333
0.8401932716369629
0.8635833263397217
0.8824470639228821
0.8774504661560059
0.8573758602142334
0.825368344783783
0.8835539221763611
0.825781524181366
0.8110728859901428
0.8276206254959106
0.8135464787483215
0.8460936546325684
0.7880023121833801
0.8550789952278137
0.8537538647651672
0.8055803775787354
0.7803449034690857
0.8535453677177429
0.8078726530075073
0.8148822784423828
0.833162248134613
0.8069124817848206
0.7822270393371582
0.8856099843978882
0.8117907643318176
0.847535252571106
0.8633552193641663
0.8018608093261719
0.8383418321609497
0.8481132984161377
0.7260957360267639
0.8477145433425903
0.726737916469574
0.8788248300552368
0.8242051005363464
0.7999547719955444
0.8708613514900208
0.8250463604927063
0.8242750763893127
0.8210685849189758
0.7395331859588623
0.8355458378791809
0.8386834859848022
0.874921977519989
0.8606022596359253
0.8609874844551086
0.6627034544944763
0.7873331308364868
0.8318328857421875
0.8067469000816345
0.7789945602416992
0.8160176873207092
0.8382573127746582
0.7732336521148682
0.7975612282752991
0.8035200238227844
0.8856584429740906
0.8042651414871216
0.8383734226226807
0.8346161246299744
0.8453922867774963
0.8240209817886353
0.8551015853881836
0.809420645236969
0.8257375359535217
0.8062552213668823
0.7569859027862549
0.8057799339294434
0.833447277545929
0.8235209584236145
0.8042969107627869
0.8122241497039795
0.8072758316993713
0.8435657024383545
0.7935338020324707
0.7207688093185425
0.8024680614471436
0.8850518465042114
0.8382211327552795
0.8276159167289734
0.8126128315925598
0.7593533992767334
0.8104594945907593
0.7695882320404053
0.8721812963485718
0.8451418876647949
0.8188098073005676
0.7726069688796997
0.8412079811096191
0.7957583665847778
0.7845894694328308
0.8112488389015198
0.8432892560958862
0.7474856972694397
0.8245498538017273
0.7454965114593506
0.8173184990882874
0.8668856024742126
0.7698729038238525
0.8363221883773804
0.8060179352760315
0.8021432161331177
0.7801429033279419
0.7650238871574402
0.8223413228988647
0.7903350591659546
0.814026951789856
0.7373201847076416
0.8025018572807312
0.772484302520752
0.7623017430305481
0.7832766175270081
0.8158296346664429
0.7865790724754333
0.8005826473236084
0.7702268958091736
0.789333164691925
0.7580129504203796
0.8207696676254272
0.660433828830719
0.642368733882904
0.8255733251571655
0.8261896967887878
0.8098556995391846
0.7356469035148621
0.802980363368988
0.7886670827865601
0.7835510969161987
0.86226487159729
0.7295413017272949
0.8336092233657837
0.8069546818733215
0.7856529355049133
0.8045995831489563
0.7750622034072876
0.7665635943412781
0.8165426254272461
0.7918136119842529
0.7826974391937256
0.7813499569892883
0.8121801018714905
0.803856611251831
0.7903210520744324
0.8049887418746948
0.7601190805435181
0.7601990103721619
0.8218474984169006
0.839455783367157
0.8017938733100891
0.7856636643409729
0.7773503661155701
0.7781934142112732
0.811826229095459
0.8252074718475342
0.7674003839492798
0.7276669144630432
0.7957087755203247
0.8361731767654419
0.7865432500839233
0.878319263458252
0.7369769215583801
0.7913659811019897
0.7514100670814514
0.7793757319450378
0.7492942214012146
0.8066272735595703
0.7900050282478333
0.8134949803352356
0.7875403165817261
0.8004615306854248
0.8007681369781494
0.7291366457939148
0.7393863201141357
0.8110024333000183
0.7764391303062439
0.772960901260376
0.7947548031806946
0.7534728050231934
0.8198699355125427
0.7124079465866089
0.7674407958984375
0.7969726324081421
0.7899745106697083
0.789300262928009
0.7307214140892029
0.7684692740440369
0.8071855306625366
0.8156017661094666
0.7921786904335022
0.7894853353500366
0.7392520308494568
0.7374014258384705
0.8215986490249634
0.8104870319366455
0.8020274639129639
0.7519840002059937
0.8171699643135071
0.7977035641670227
0.7104769945144653
0.8037897348403931
0.7619922757148743
0.7057704329490662
0.7009868621826172
0.7621275186538696
0.7490230202674866
0.8070745468139648
0.6738892793655396
0.8012760281562805
0.7781140208244324
0.809297502040863
0.7613664865493774
0.7984954118728638
0.7971262335777283
0.7627511024475098
0.7497854828834534
0.7032904624938965
0.8016330599784851
0.8152911067008972
0.8015215992927551
0.7816107869148254
0.7450078725814819
0.7599202394485474
0.791530966758728
0.7827321290969849
0.7730534076690674
0.7478538751602173
0.7883818745613098
0.7939987778663635
0.7834088802337646
0.7178768515586853
0.7340148687362671
0.7591951489448547
0.7627174854278564
0.8219941258430481
0.7604007720947266
0.7619706392288208
0.7731948494911194
0.767365038394928
0.7855271697044373
0.7687370181083679
0.7414870262145996
0.8251075148582458
0.7824543714523315
0.7968459129333496
0.7679849863052368
0.7533105611801147
0.769718587398529
0.7512421011924744
0.7498407959938049
0.7289242744445801
0.8025581240653992
0.7763030529022217
0.7910064458847046
0.7538570761680603
0.8232498168945312
0.7915242910385132
0.7570248246192932
0.8090528249740601
0.7631189823150635
0.8021913766860962
0.7562004327774048
0.7654955387115479
0.6974630951881409
0.7597910165786743
0.7709048390388489
0.7765195369720459
0.7586097717285156
0.7815507650375366
0.800253689289093
0.7677342295646667
0.7663114666938782
0.73994380235672
0.8553265333175659
0.7626811861991882
0.7656186819076538
0.7945606708526611
0.8154560923576355
0.793846607208252
0.7645642161369324
0.7670966982841492
0.7718914151191711
0.7802416682243347
0.7608628273010254
0.7911471724510193
0.7646494507789612
0.6720812320709229
0.7403758764266968
0.7613535523414612
0.7191569805145264
0.694142758846283
0.7694899439811707
0.7884917855262756
0.7563100457191467
0.8448915481567383
0.7206698656082153
0.7456374764442444
0.7530275583267212
0.7161979079246521
0.7475081086158752
0.7159367203712463
0.756702184677124
0.7953203320503235
0.7373286485671997
0.7477545738220215
0.7955015301704407
0.784849226474762
0.795863151550293
0.7870486378669739
0.7424950003623962
0.7518948912620544
0.7323090434074402
0.8019036650657654
0.7971751093864441
0.7742321491241455
0.7978722453117371
0.7440947890281677
0.7302612066268921
0.7038689255714417
0.7662013173103333
0.7543419003486633
0.7818958163261414
0.6833481788635254
0.8142775893211365
0.7287271022796631
0.7236143350601196
0.7758013606071472
0.7359046936035156
0.7806330919265747
0.7917146682739258
0.7418209314346313
0.7812139391899109
0.7049707770347595
0.7759527564048767
0.8001204133033752
0.7954641580581665
0.736274003982544
0.7338122725486755
0.7649499177932739
0.8076534867286682
0.7531049847602844
0.7897858023643494
0.7580838799476624
0.7668043971061707
0.709767758846283
0.7933045029640198
0.709667444229126
0.7856928706169128
0.7602566480636597
0.7744802236557007
0.7652732729911804
0.7829074263572693
0.7659553289413452
0.7489922642707825
0.7418486475944519
