19.226627349853516
20.099655151367188
18.408292770385742
19.264602661132812
19.252878189086914
18.455001831054688
17.28376007080078
19.082487106323242
19.12002944946289
16.9415283203125
18.783859252929688
19.0015811920166
18.48463249206543
18.071725845336914
17.90904998779297
18.331884384155273
19.214323043823242
18.453763961791992
16.999008178710938
18.71225929260254
20.13836097717285
18.323287963867188
18.529455184936523
16.139188766479492
18.67410659790039
19.371143341064453
19.027599334716797
13.755072593688965
18.423669815063477
18.277812957763672
17.50560188293457
17.996339797973633
18.130475997924805
18.623132705688477
17.852434158325195
18.12055778503418
17.236759185791016
17.740583419799805
18.252260208129883
17.497255325317383
17.607158660888672
17.20457649230957
16.979324340820312
17.903902053833008
13.260924339294434
17.600704193115234
17.9478816986084
17.161935806274414
15.569822311401367
17.564849853515625
16.691150665283203
17.29156494140625
17.419282913208008
16.79970359802246
16.847213745117188
14.49252986907959
16.146846771240234
17.617908477783203
16.85865592956543
17.216581344604492
14.143816947937012
16.331777572631836
15.408308029174805
17.501962661743164
15.729680061340332
14.390275955200195
15.901201248168945
15.091404914855957
15.469383239746094
15.057473182678223
14.588872909545898
14.109457015991211
13.297117233276367
13.745091438293457
12.329415321350098
12.2408447265625
11.768754959106445
11.78246021270752
11.4710693359375
10.601080894470215
11.207623481750488
10.515716552734375
10.651434898376465
10.137747764587402
9.433146476745605
8.845282554626465
8.446593284606934
8.457001686096191
7.65546989440918
7.1754350662231445
6.6806159019470215
6.108894348144531
5.883256912231445
5.68991756439209
5.228262424468994
5.230408191680908
4.7759294509887695
4.484442710876465
4.47587776184082
4.423843860626221
3.8158602714538574
3.555210828781128
3.349726915359497
3.636312484741211
3.318310022354126
3.143608570098877
4.003808975219727
3.217161178588867
3.368105411529541
2.9360837936401367
2.6707725524902344
2.6109211444854736
2.3778233528137207
2.1327710151672363
2.3047657012939453
2.1038172245025635
2.114064931869507
2.857410430908203
2.143533706665039
2.0332834720611572
2.366530656814575
1.9863065481185913
1.9553650617599487
1.7565072774887085
1.5803018808364868
1.6053540706634521
1.5054030418395996
1.366763710975647
1.1604588031768799
1.1600935459136963
1.5133962631225586
1.0786534547805786
1.084414005279541
1.1595275402069092
0.9856840372085571
0.966040849685669
0.9591240882873535
1.0831340551376343
0.9454323053359985
1.0607911348342896
1.1299606561660767
1.0737100839614868
0.9252145886421204
0.9688094258308411
0.8904062509536743
0.8168594241142273
0.9897584319114685
0.7393519878387451
0.8009970188140869
0.9696628451347351
0.9971252679824829
0.831734836101532
0.7969748377799988
0.7110952138900757
0.6347284913063049
0.8088750839233398
0.8026171326637268
0.979746401309967
0.9244275093078613
0.7961283326148987
0.8600752949714661
0.7335999608039856
0.5449047088623047
0.7341674566268921
0.8581836223602295
0.5897440910339355
0.8813658356666565
0.7385149598121643
1.0565075874328613
0.9020317792892456
1.0053976774215698
0.7907974123954773
0.7647915482521057
0.8160380125045776
0.8375533223152161
0.7031530141830444
0.8939049243927002
0.6900128722190857
0.6581854224205017
0.8393321633338928
0.7572047114372253
0.5863930583000183
0.6410363912582397
0.6820870637893677
0.7899925708770752
0.5430612564086914
0.4205257296562195
0.6251742243766785
0.6992238759994507
0.620879054069519
0.765036404132843
1.031831979751587
0.5660551190376282
0.7417579889297485
0.5060294270515442
0.5656302571296692
0.54961758852005
0.7164989709854126
0.786593496799469
0.5941656827926636
0.84662264585495
0.672653079032898
0.5730270743370056
0.7374586462974548
0.4708762764930725
0.677057147026062
0.4480721354484558
0.5202280282974243
0.4295547902584076
0.5636657476425171
0.560425877571106
0.5173650979995728
0.6692887544631958
0.4882097542285919
0.558326780796051
0.41244271397590637
0.6389578580856323
0.4970061480998993
0.9582124948501587
0.5118125677108765
0.5458757281303406
0.7650868892669678
0.5908133387565613
0.6791691780090332
0.5558367371559143
0.6398218274116516
0.8084831833839417
0.6587503552436829
0.6639801263809204
0.544344425201416
0.7898685932159424
0.48682358860969543
0.7250803709030151
0.8721951246261597
0.6715957522392273
0.8840048909187317
0.7852029204368591
0.606318473815918
0.7668375968933105
0.6928020715713501
0.6981292366981506
0.8602275848388672
0.8312298059463501
0.8564335107803345
0.7833184003829956
0.4697807729244232
0.5489116907119751
0.7664647102355957
0.626471996307373
0.5991094708442688
0.711280107498169
0.5228220224380493
0.5196539759635925
0.81450355052948
0.7732895016670227
0.5672627091407776
0.6128548383712769
0.6432768106460571
0.5430545210838318
0.7414992451667786
0.6357524991035461
0.5123576521873474
0.6119062900543213
0.5588588118553162
0.6162101626396179
0.7324738502502441
0.5511729717254639
0.5833689570426941
0.6558055281639099
0.6312522888183594
0.871289074420929
0.6219683289527893
0.6957523226737976
0.7341094613075256
0.65752112865448
0.7804234623908997
0.7019749879837036
0.9806128144264221
0.7809242010116577
0.7117116451263428
0.8569968938827515
0.7260288000106812
0.5170360207557678
1.0351216793060303
0.6728314757347107
0.6709783673286438
0.7792937159538269
0.7746601104736328
0.5672672986984253
0.751006543636322
0.6868674755096436
0.8238442540168762
0.5924388766288757
0.8247361183166504
0.5745128393173218
0.6610404253005981
0.9488030076026917
0.6331865787506104
0.7368611097335815
0.8085733652114868
0.7650291323661804
0.4480213224887848
0.6135296821594238
0.8559248447418213
0.47266384959220886
0.5405453443527222
0.7467944622039795
0.5387054681777954
0.8256850838661194
0.6639559864997864
0.49259698390960693
0.5432537198066711
0.47730517387390137
0.6261200904846191
0.5331723093986511
0.6359595656394958
0.6301034092903137
0.5224484801292419
0.6544482111930847
0.6380689144134521
0.4658181071281433
0.7409085631370544
0.7385894060134888
0.6700851321220398
0.7285999655723572
0.6452926993370056
0.6719828248023987
0.4511919617652893
0.72262042760849
0.5133325457572937
0.47052398324012756
0.46089667081832886
0.5403811931610107
0.5217685699462891
0.5146377682685852
0.6217966079711914
0.6472631096839905
0.44048231840133667
0.6106292605400085
0.46684837341308594
0.7126407027244568
0.5503795742988586
0.5245973467826843
0.5166387557983398
0.39345547556877136
0.5422963500022888
0.5939130783081055
0.5568788051605225
0.5501412153244019
0.4371998608112335
0.5762662887573242
0.6116503477096558
0.6669925451278687
0.621950089931488
0.6499931812286377
0.6182054877281189
0.5205684900283813
0.6378852128982544
0.5000833868980408
0.5965017676353455
0.6418572664260864
0.4846949577331543
0.6779869794845581
0.657301127910614
0.792096734046936
0.5025409460067749
0.7565835118293762
1.0511131286621094
0.45176002383232117
0.8987369537353516
0.7993764877319336
0.5473507642745972
0.7118135690689087
0.9343300461769104
0.6354371905326843
0.6263355016708374
0.6178303956985474
0.5557045340538025
0.8160392045974731
0.5318073034286499
0.6795728206634521
0.47492703795433044
0.5674348473548889
0.5679613351821899
0.5085982084274292
0.5971068739891052
0.6063481569290161
0.7160112261772156
0.5582420229911804
0.6610938906669617
0.7400744557380676
0.415661096572876
0.4387342929840088
0.7133375406265259
0.6446573734283447
0.44386839866638184
0.6614885330200195
0.6382051706314087
0.7654351592063904
0.543159008026123
0.7264031767845154
0.43931862711906433
0.6781076788902283
0.556246280670166
0.4146011471748352
0.644395649433136
0.6267464756965637
0.6779932379722595
0.3655896484851837
0.8144606351852417
0.4607856571674347
0.540187418460846
0.7903888821601868
0.7064635753631592
0.4395434260368347
0.672139048576355
0.6248506307601929
0.6823300123214722
0.6098662614822388
0.6416885256767273
0.8489998579025269
0.5687649250030518
0.6076330542564392
0.6319158673286438
0.7556952834129333
0.5809143781661987
0.7172918319702148
0.7692288160324097
0.6417722105979919
0.6629302501678467
0.6120501756668091
0.7617300152778625
0.6271122694015503
0.7101260423660278
0.8670915961265564
0.5507411360740662
0.7357788681983948
0.8136878609657288
0.5748201608657837
0.746646523475647
0.6502145528793335
0.5572671294212341
0.570862889289856
0.7364435195922852
0.4825124144554138
0.7724723815917969
0.6584171056747437
0.7179032564163208
0.731825053691864
0.6417096257209778
0.48599591851234436
0.6859624981880188
0.5332475900650024
0.4733273684978485
0.6911423802375793
0.5737110376358032
0.6352769732475281
0.9656738638877869
0.5394952893257141
0.6781008243560791
0.6261166930198669
0.506800651550293
0.6836495995521545
0.5884236097335815
0.4780484735965729
0.4726957678794861
0.7573610544204712
0.4980517029762268
0.6774868369102478
0.6110998392105103
0.5098649263381958
0.48831284046173096
0.4619266986846924
0.46074897050857544
0.41108906269073486
0.4477255642414093
0.47502902150154114
1.0344027280807495
0.37722933292388916
0.6823136210441589
0.5710269808769226
0.5184990167617798
0.8150742053985596
1.2596439123153687
0.7785539031028748
0.8973005414009094
0.7827429175376892
0.7613845467567444
0.8845757842063904
1.3952867984771729
0.7210997939109802
0.5164109468460083
0.46578577160835266
0.6236684322357178
0.41028061509132385
0.5690258741378784
0.48201608657836914
0.5738659501075745
0.5184328556060791
0.7010884881019592
0.6920691132545471
0.8327927589416504
0.4824783205986023
0.7924598455429077
0.7357717752456665
0.40834397077560425
0.5780031681060791
0.5842331647872925
0.4859115183353424
0.659512460231781
0.5861825346946716
0.44546693563461304
0.4937656819820404
0.6346897482872009
0.4561694860458374
0.47218459844589233
0.7012035250663757
0.466143399477005
0.615635097026825
0.6209738850593567
0.5880552530288696
0.5272992849349976
0.5884513854980469
0.47037169337272644
0.48859694600105286
0.6270161271095276
0.5632694959640503
0.7690568566322327
0.5368053913116455
0.6830646395683289
0.8879423141479492
0.5417653918266296
0.911845326423645
0.8458194136619568
0.45663726329803467
0.7750619649887085
0.8081094622612
0.4001474380493164
0.6232598423957825
0.5483042001724243
0.5314180850982666
0.7599326968193054
0.7418032884597778
0.4779927730560303
0.5777047872543335
0.6577240228652954
0.7569460868835449
0.6256222724914551
0.8599364757537842
0.6593074202537537
0.8596961498260498
0.6208383440971375
0.6486845016479492
0.7387083768844604
0.5447888970375061
0.7800594568252563
0.5983724594116211
0.7559756636619568
0.8367488980293274
0.6614596247673035
0.7000946402549744
0.6436147093772888
0.7204613089561462
0.5605393052101135
0.6456361413002014
0.6787297129631042
0.6659820675849915
0.5622122883796692
0.684367835521698
0.7190062999725342
0.6724008321762085
0.7120763063430786
0.4965817332267761
0.6561773419380188
0.7087656259536743
0.5287215113639832
0.6261109113693237
0.537890613079071
0.4752788245677948
0.5006968975067139
0.5576332807540894
0.5590588450431824
0.5404356122016907
0.7237899899482727
0.6130344271659851
0.3585945665836334
0.7348399758338928
0.38675326108932495
0.7693482637405396
0.5336026549339294
0.5014081597328186
0.6334837079048157
0.4586029648780823
0.6689527630805969
0.5657919645309448
0.5606918334960938
0.4418593645095825
0.5387787818908691
0.5016236305236816
0.4504012167453766
0.3857300579547882
0.5124041438102722
0.509649932384491
0.4604496657848358
0.5449395179748535
0.6408795714378357
0.5339438319206238
0.7928352355957031
0.8648627400398254
0.8413211107254028
1.024365782737732
0.7402013540267944
0.4954468011856079
0.8714077472686768
0.7051391005516052
0.5876818299293518
0.5116494297981262
0.6456800699234009
0.5919291973114014
0.5973281860351562
0.606344997882843
0.602263331413269
0.47555992007255554
0.4197588264942169
0.39690932631492615
0.5626958012580872
0.5750951170921326
0.46493789553642273
0.4839584231376648
0.5035334825515747
0.5041945576667786
0.5420714616775513
0.5830632448196411
0.5489464402198792
0.4901411831378937
0.6673452854156494
0.4672887325286865
0.4891955852508545
0.4444787800312042
0.46704015135765076
0.5102429986000061
0.5420520901679993
0.5498040318489075
0.6451683044433594
0.41328951716423035
0.4742319583892822
0.778708815574646
0.5244506597518921
0.47563016414642334
0.5663043856620789
0.5940542817115784
0.6922786831855774
0.482450395822525
0.6215358972549438
0.49983060359954834
0.7756615281105042
0.6050068140029907
0.6045375466346741
0.8226381540298462
0.6467524766921997
0.45384469628334045
0.7723820805549622
0.5627865791320801
0.3474050462245941
0.45776665210723877
0.5824371576309204
0.48146846890449524
0.4068589210510254
0.5471065044403076
0.5918889045715332
0.504051685333252
0.5640363097190857
0.6424614191055298
0.47144612669944763
0.4533403813838959
0.8317416310310364
0.4747745096683502
0.6594473719596863
0.6041827201843262
0.6638613343238831
0.667815625667572
0.623404324054718
0.5694212317466736
0.6358828544616699
0.3960436284542084
0.5183448195457458
0.5004280805587769
0.8287298679351807
0.4299207627773285
0.6997705101966858
0.6840110421180725
0.4141518175601959
0.8103705644607544
0.709277868270874
0.4311541020870209
0.6564168334007263
0.8525151610374451
0.39801791310310364
0.6171827912330627
0.579614520072937
0.649502158164978
0.4442034661769867
0.5111084580421448
0.5798406004905701
0.36881330609321594
0.5102537870407104
0.4424234628677368
0.4365682005882263
0.5104729533195496
0.5239222645759583
0.4833076596260071
0.8861777782440186
0.6276344060897827
0.4380146265029907
0.7301411628723145
0.64606112241745
0.3713870346546173
0.7334789037704468
0.4814147353172302
0.5353198051452637
0.6965219974517822
0.5743575096130371
0.36078205704689026
0.5653655529022217
0.5460678339004517
0.47573453187942505
0.567446768283844
0.5266408920288086
0.43742209672927856
0.7656773328781128
0.6658808588981628
0.5872994661331177
0.48817887902259827
0.42060503363609314
0.43918195366859436
0.42032578587532043
0.4877641797065735
0.3708539605140686
0.5345534682273865
0.5136619210243225
0.49270185828208923
0.4513164162635803
0.3852953016757965
0.5160781145095825
0.44687962532043457
0.6658352017402649
0.3641662001609802
0.48568323254585266
0.5971584320068359
0.5021150708198547
0.49586430191993713
0.5448631048202515
0.48259299993515015
0.6195273995399475
0.3660830557346344
0.46632105112075806
0.6807023882865906
0.6393994688987732
0.5014339089393616
0.7579373717308044
0.4297245442867279
0.5454269051551819
0.5527218580245972
0.40163251757621765
0.4580223858356476
0.3218149244785309
0.38359469175338745
0.4548283815383911
0.4653509557247162
0.40433502197265625
0.4018651247024536
0.493923544883728
0.5228725075721741
0.41228941082954407
0.41934844851493835
0.47064828872680664
0.44489094614982605
0.3147340416908264
0.39432504773139954
0.41346460580825806
0.39495742321014404
0.48766714334487915
0.5774692296981812
0.5731273293495178
0.5217311382293701
0.4077068269252777
0.4146546721458435
0.5467314124107361
0.6094561815261841
0.37840110063552856
0.43274742364883423
0.5622414350509644
0.45993027091026306
0.5807363986968994
0.562741219997406
0.42007362842559814
0.4771050214767456
0.5448469519615173
0.6204267740249634
0.4171431362628937
0.731579601764679
0.6638669967651367
0.5022469758987427
0.6036170125007629
0.6588785648345947
0.4256671369075775
0.39255937933921814
0.5968741178512573
0.4420746862888336
0.6185356378555298
0.40197354555130005
0.6731206774711609
0.4876135587692261
0.30734729766845703
0.33717525005340576
0.5341798067092896
0.40555712580680847
0.36336377263069153
0.37991929054260254
0.5217570662498474
0.47870779037475586
0.35357049107551575
0.4235806465148926
0.4124409556388855
0.4641481935977936
0.5666353702545166
0.4397381544113159
0.3883882761001587
0.7077703475952148
0.33802369236946106
0.6198765635490417
0.6074464321136475
0.4751591384410858
0.36155998706817627
0.5494627356529236
0.6590686440467834
0.5488592386245728
0.4371729791164398
0.39091601967811584
0.5100704431533813
0.5349695086479187
0.30461326241493225
0.40153852105140686
0.5561370849609375
0.3116040527820587
0.3789008557796478
0.5263747572898865
0.48521023988723755
0.5376536250114441
0.3982338309288025
0.403952032327652
0.42586204409599304
0.5211467742919922
0.38521406054496765
0.33854833245277405
0.3110044002532959
0.6294559240341187
0.6860023736953735
0.42590588331222534
0.5273680090904236
0.7169380784034729
0.38447698950767517
0.2998378276824951
0.35090330243110657
0.3318304717540741
0.5079643726348877
0.4588001072406769
0.4252902567386627
0.5480921268463135
0.5593616366386414
0.44529804587364197
0.40339434146881104
0.35962244868278503
0.41558268666267395
0.3758915662765503
0.4072279930114746
0.5201706886291504
0.4047170579433441
0.347468763589859
0.5623630881309509
0.5421490669250488
0.49488309025764465
0.5021734833717346
0.4554440677165985
0.5570701360702515
0.44330915808677673
0.6591687202453613
0.42525342106819153
0.3846438527107239
0.4853913187980652
0.4755932092666626
0.5219034552574158
0.31939879059791565
0.47753486037254333
0.5325660705566406
0.3592912256717682
0.4009316563606262
0.6621925830841064
0.5972437262535095
0.38789159059524536
0.4041021168231964
0.473461776971817
0.46572843194007874
0.4938129484653473
0.3991851508617401
0.47807636857032776
0.5734696388244629
0.4102240204811096
0.49573832750320435
0.439511239528656
0.39105305075645447
0.4238694906234741
0.33441299200057983
0.48108139634132385
0.3447798192501068
0.4394063353538513
0.46107298135757446
0.3771975636482239
0.5173419117927551
0.371379554271698
0.3842424154281616
0.3232145309448242
0.40794235467910767
0.3572677969932556
0.4426073133945465
0.3836422264575958
0.42779281735420227
0.37227267026901245
0.37452366948127747
0.426077663898468
0.6305476427078247
0.4089983105659485
0.3667219281196594
0.41342490911483765
0.4256455898284912
0.47653332352638245
0.3605508506298065
0.38827088475227356
0.5361841917037964
0.3305860459804535
0.45010992884635925
0.42843273282051086
0.39939409494400024
0.413539856672287
0.28407523036003113
0.3641843795776367
0.3727104365825653
0.5001046657562256
0.426649272441864
0.37804847955703735
0.44367778301239014
0.36514317989349365
0.3918532729148865
0.33977651596069336
0.48092612624168396
0.4525507986545563
0.335856169462204
0.3553938567638397
0.42480313777923584
0.4263319969177246
0.3623172640800476
0.2984307110309601
0.3319202661514282
0.37361446022987366
0.28931814432144165
0.3959348201751709
0.4378177523612976
0.446162611246109
0.31158724427223206
0.37427619099617004
0.5783467888832092
0.42923468351364136
0.4593196511268616
0.4980137050151825
0.48364943265914917
0.37503618001937866
0.3692794740200043
0.33924904465675354
0.5098779797554016
0.39923471212387085
0.39094075560569763
0.43870824575424194
0.9010193943977356
0.4540013372898102
0.3512239158153534
0.6307579278945923
0.5328734517097473
0.5464456081390381
0.44035643339157104
0.3905235230922699
0.32068994641304016
0.4406774342060089
0.45462653040885925
0.3956586718559265
0.41255438327789307
0.3074043095111847
0.4771791100502014
0.32208922505378723
0.40627554059028625
0.3318987190723419
0.4868219494819641
0.3691737949848175
0.2973363399505615
0.307727575302124
0.49238595366477966
0.3265022933483124
0.29321056604385376
0.4836548864841461
0.5177091360092163
0.3696495592594147
0.5150854587554932
0.392643541097641
0.36885589361190796
0.5181727409362793
0.332775354385376
0.5422429442405701
0.5273538827896118
0.43738025426864624
0.2864585816860199
0.4071981906890869
0.5078386068344116
0.4534797668457031
0.3823263645172119
0.33359819650650024
0.3274053633213043
0.4383247196674347
0.43195101618766785
0.35465097427368164
0.5524004101753235
0.43939200043678284
0.45322147011756897
0.43416067957878113
0.38128775358200073
0.5150289535522461
0.4693823754787445
0.3374119997024536
0.45655739307403564
0.3729937970638275
0.4860559403896332
0.4956875741481781
0.24506346881389618
0.38555118441581726
0.6045478582382202
0.36549410223960876
0.427245169878006
0.3344467878341675
0.44460082054138184
0.3844740390777588
0.32740896940231323
0.35924994945526123
0.3874700665473938
0.4156796932220459
0.3573925197124481
0.37618371844291687
0.6187023520469666
0.5076125860214233
