370.0326232910156
370.8630676269531
357.5057373046875
368.5949401855469
359.1929626464844
356.3331298828125
361.418701171875
355.7345886230469
365.3139953613281
361.689453125
366.13360595703125
373.7812194824219
354.82086181640625
359.1482238769531
363.6108703613281
358.6085205078125
371.0758972167969
358.96978759765625
355.7625732421875
353.9692687988281
372.45111083984375
367.0527648925781
362.14727783203125
359.4407043457031
348.8475036621094
360.61737060546875
356.72210693359375
363.4742126464844
356.81292724609375
356.58782958984375
345.9073181152344
352.4193115234375
353.3791198730469
355.81939697265625
356.1274719238281
353.01104736328125
344.0340881347656
353.57037353515625
360.1358947753906
349.1717529296875
341.67071533203125
347.0011901855469
352.9720458984375
360.7701110839844
334.73809814453125
333.9755554199219
355.4913330078125
349.892822265625
354.16656494140625
337.727294921875
339.1761474609375
348.6775817871094
338.7118835449219
349.41351318359375
350.60479736328125
340.940185546875
346.08538818359375
345.606689453125
344.1951599121094
326.1791687011719
340.28497314453125
339.54736328125
336.14385986328125
310.33819580078125
337.14923095703125
329.39703369140625
327.19232177734375
340.326171875
321.7601318359375
341.0975036621094
324.892822265625
323.1162109375
321.6163330078125
319.8410339355469
315.7572326660156
316.49798583984375
308.6331481933594
310.3316650390625
290.3604431152344
299.9635009765625
287.0086669921875
283.28179931640625
267.1348876953125
245.65017700195312
230.46212768554688
216.2415313720703
200.99168395996094
183.95274353027344
148.47364807128906
125.18858337402344
104.31562805175781
98.51496124267578
88.7803726196289
86.20099639892578
78.37408447265625
72.356201171875
74.16180419921875
78.92259979248047
82.44297790527344
85.39195251464844
89.4445571899414
92.0499267578125
89.2101821899414
94.4719009399414
89.55424499511719
86.39107513427734
70.01105499267578
75.1461181640625
74.68060302734375
60.283912658691406
57.329498291015625
47.642356872558594
48.15517807006836
45.69453048706055
39.63002395629883
36.253257751464844
35.84465408325195
31.22056007385254
38.04732131958008
35.40949630737305
36.49968719482422
33.04820251464844
34.88346862792969
37.04261779785156
28.79411506652832
34.25027847290039
29.827558517456055
23.32233238220215
23.16596794128418
19.291423797607422
19.59102439880371
18.530555725097656
18.017681121826172
18.502227783203125
19.347761154174805
18.920738220214844
19.326902389526367
18.790525436401367
16.23257827758789
15.581018447875977
15.841851234436035
15.050326347351074
15.001688003540039
14.488753318786621
12.944058418273926
12.923686027526855
13.040908813476562
11.982805252075195
12.900168418884277
11.215706825256348
9.031999588012695
7.538119316101074
6.530703067779541
10.532670021057129
8.429121017456055
6.14548921585083
7.609808921813965
5.6784563064575195
9.149572372436523
5.362233638763428
9.60465145111084
5.30722713470459
4.792587757110596
9.531160354614258
5.784575462341309
6.50388240814209
4.411782741546631
6.149576663970947
8.464513778686523
6.655778884887695
6.423702716827393
9.920729637145996
5.53849983215332
5.673959732055664
6.865304470062256
8.609763145446777
4.232012748718262
10.143091201782227
10.766875267028809
6.973235130310059
3.185166120529175
11.199013710021973
4.484733581542969
3.7339000701904297
11.84548282623291
8.326711654663086
4.969491004943848
4.172898769378662
3.8238136768341064
5.8733296394348145
5.247945785522461
4.266438961029053
3.2454185485839844
4.682949066162109
4.476470470428467
3.833709716796875
4.22614860534668
3.4846761226654053
4.264753818511963
3.800173044204712
4.232969760894775
9.662643432617188
4.454298973083496
8.363509178161621
9.642830848693848
4.531428813934326
4.78031587600708
4.469569206237793
2.652122974395752
3.2500674724578857
2.7292046546936035
3.1387548446655273
2.651883125305176
7.556206703186035
7.8153977394104
6.347391128540039
5.382771015167236
4.691074371337891
9.854899406433105
14.076225280761719
5.219362735748291
3.6636147499084473
5.262262344360352
5.44554328918457
9.225348472595215
5.257708549499512
4.943577766418457
7.945804119110107
7.2524495124816895
3.5591800212860107
6.772540092468262
3.7679855823516846
17.81103515625
10.017692565917969
5.8261847496032715
7.423480033874512
17.941463470458984
14.184819221496582
6.661466598510742
8.63874626159668
11.473206520080566
14.132198333740234
6.03187894821167
8.481998443603516
21.082197189331055
14.218769073486328
5.927768230438232
7.375800609588623
11.958194732666016
10.585453987121582
4.798837661743164
8.586594581604004
21.399700164794922
18.309341430664062
10.470983505249023
2.924574375152588
16.810522079467773
20.231826782226562
26.433076858520508
13.848893165588379
4.770111560821533
14.195066452026367
22.77861785888672
18.869300842285156
16.619548797607422
9.600184440612793
7.224787712097168
12.561342239379883
8.436846733093262
9.157599449157715
9.151334762573242
8.129634857177734
6.760555744171143
8.33932113647461
9.912431716918945
8.03658390045166
5.136845111846924
6.214980602264404
9.131959915161133
8.319602966308594
7.328741550445557
3.7582473754882812
4.764087677001953
2.4884002208709717
6.559113025665283
5.781249523162842
5.501989841461182
4.977921962738037
4.09309720993042
5.383135795593262
5.1418538093566895
2.988987445831299
2.4440419673919678
6.24277400970459
3.446545124053955
6.913806915283203
10.336343765258789
4.353729248046875
4.843968391418457
10.84260082244873
2.9288923740386963
3.3015503883361816
7.8343825340271
3.45611572265625
3.79232120513916
4.679366588592529
7.914825439453125
5.519771099090576
3.570502281188965
6.3095903396606445
2.6353321075439453
2.431515693664551
2.1009507179260254
5.248412609100342
7.220749378204346
10.897436141967773
14.002644538879395
11.037660598754883
4.485477447509766
6.413083076477051
6.868470668792725
4.822522163391113
8.274520874023438
3.8436341285705566
5.303271293640137
6.747321128845215
3.9562692642211914
1.9060564041137695
11.357645034790039
14.736664772033691
6.9442458152771
6.9449028968811035
15.875136375427246
7.985239028930664
2.3620760440826416
7.123260021209717
11.329684257507324
6.166620254516602
3.5366854667663574
5.884869575500488
5.718571662902832
3.377725124359131
8.596807479858398
9.117804527282715
3.3591296672821045
7.552947044372559
8.815447807312012
8.53321647644043
8.835814476013184
6.362165927886963
5.0176920890808105
6.001629829406738
4.627261638641357
8.438374519348145
7.300607681274414
2.4333949089050293
7.862945079803467
5.3037800788879395
4.124422073364258
2.985529899597168
8.09222412109375
3.5896565914154053
3.9811596870422363
3.992640972137451
3.2239389419555664
4.141480445861816
5.248408794403076
2.716392993927002
3.6222071647644043
2.956733465194702
3.7153637409210205
3.558530807495117
5.07396125793457
2.471034049987793
2.5554769039154053
5.945548057556152
3.274630546569824
2.1742842197418213
3.111384630203247
7.823521137237549
2.6492347717285156
4.257715225219727
2.4229445457458496
1.9672309160232544
9.784708976745605
9.90805721282959
5.590458869934082
5.639708518981934
12.147612571716309
10.098921775817871
3.2637481689453125
4.132154941558838
3.398651599884033
2.4048454761505127
3.51461124420166
3.9566211700439453
4.243985652923584
3.8018529415130615
2.700014352798462
5.876359939575195
2.5872373580932617
1.4281795024871826
2.6172022819519043
3.4149186611175537
4.996751308441162
3.0848798751831055
2.567213535308838
3.928778886795044
3.8101413249969482
4.530700206756592
3.1508867740631104
3.3134262561798096
2.6515119075775146
4.509679794311523
1.9899152517318726
4.352630138397217
2.2588047981262207
3.346141815185547
3.382166862487793
1.8024685382843018
8.193913459777832
5.5834527015686035
5.404831886291504
3.5133466720581055
5.531955242156982
6.777076244354248
5.695214748382568
5.173361778259277
2.232671022415161
5.167862415313721
5.1200056076049805
2.7823994159698486
3.2676193714141846
6.963909149169922
4.292703628540039
3.5168967247009277
5.609716892242432
5.588115215301514
5.9139723777771
5.776968955993652
3.010039806365967
3.4676973819732666
4.347565650939941
2.6443872451782227
4.985687732696533
4.494993209838867
3.45396089553833
2.6215739250183105
2.5847058296203613
3.778881788253784
3.388768434524536
3.721412181854248
3.417267322540283
2.0973434448242188
2.2378029823303223
2.285540819168091
5.7115159034729
2.5137367248535156
2.5190234184265137
5.994822025299072
4.203711032867432
3.1597373485565186
3.3557326793670654
2.528005599975586
5.244112491607666
5.606414794921875
2.752830982208252
4.712878227233887
4.2377753257751465
4.388700485229492
2.3593316078186035
3.1075801849365234
5.635414123535156
3.898319959640503
3.655698299407959
4.833587169647217
3.721414804458618
6.1661376953125
2.0448851585388184
3.8045899868011475
4.812462329864502
1.9534070491790771
6.759425640106201
5.184699058532715
2.660414695739746
2.321242570877075
5.546243667602539
3.222322940826416
2.3032703399658203
5.168021202087402
5.628533840179443
4.059638500213623
2.4570436477661133
3.0983364582061768
3.753425121307373
3.9311938285827637
2.301778554916382
2.892733097076416
4.761723041534424
3.259824514389038
4.370208263397217
2.2932114601135254
2.158773183822632
3.074165105819702
4.092587947845459
2.614762544631958
2.984140396118164
3.2491981983184814
3.0358169078826904
2.106224298477173
2.5030677318573
3.5165023803710938
2.823547124862671
2.5725388526916504
4.95531702041626
3.2807905673980713
2.7632648944854736
2.8689730167388916
2.705920457839966
1.959790825843811
2.6472206115722656
2.099869966506958
2.153642416000366
4.87515115737915
3.1108078956604004
2.2961699962615967
3.6583786010742188
4.009590148925781
2.3327980041503906
4.451327800750732
3.979485511779785
5.800933361053467
4.474463939666748
1.8805806636810303
3.7569146156311035
4.4775919914245605
2.855745553970337
4.989956378936768
2.613508462905884
2.210174322128296
5.040820598602295
1.9839056730270386
3.9269649982452393
4.785397529602051
1.942994236946106
4.903539657592773
4.300166130065918
2.03304386138916
2.4217817783355713
4.2275590896606445
3.524272918701172
1.5606025457382202
2.3498449325561523
2.6861441135406494
1.6954864263534546
2.9997270107269287
2.680056571960449
4.5182366371154785
2.951486825942993
2.2908971309661865
3.6850745677948
1.9277198314666748
3.216449499130249
2.3669369220733643
1.5461820363998413
2.914503335952759
3.4361870288848877
1.942651391029358
6.036566257476807
4.449179649353027
3.8758490085601807
3.935770034790039
2.2585935592651367
3.5614471435546875
3.601855993270874
2.9420690536499023
2.4448459148406982
2.532033681869507
2.218156337738037
1.9725760221481323
4.365100383758545
6.7075934410095215
4.913241863250732
2.2029895782470703
5.097569465637207
5.497793674468994
4.9094648361206055
3.2360057830810547
3.8691437244415283
3.1816718578338623
3.4252235889434814
3.795624017715454
1.7501243352890015
2.5765671730041504
4.793890476226807
3.727665901184082
1.639227271080017
4.149741172790527
5.208128929138184
3.876044988632202
3.79012393951416
4.672155857086182
2.771225690841675
1.9630794525146484
2.3844761848449707
1.7286975383758545
1.1835293769836426
1.6372157335281372
1.6327776908874512
1.399109125137329
2.392014503479004
1.9330930709838867
3.1010994911193848
1.7215179204940796
3.2572014331817627
2.520374059677124
2.3165700435638428
2.436631679534912
1.986610770225525
1.8120601177215576
1.8109793663024902
1.882520079612732
1.9373893737792969
2.0384743213653564
1.6047513484954834
2.223731279373169
1.7907987833023071
2.570861339569092
1.2492132186889648
1.8363569974899292
3.0577378273010254
2.6703786849975586
2.3537588119506836
1.7138959169387817
1.6479495763778687
1.9197195768356323
2.608459234237671
2.84983229637146
2.5537853240966797
2.2702972888946533
1.6295726299285889
1.995792031288147
2.95593523979187
2.2855441570281982
3.132392644882202
1.3548555374145508
1.626180648803711
1.6844390630722046
1.2926543951034546
2.532719612121582
3.363062858581543
2.2253284454345703
1.4272955656051636
2.49210786819458
2.134420156478882
1.8563499450683594
3.283514976501465
1.7714133262634277
2.4995226860046387
1.54701828956604
3.1881015300750732
2.8609824180603027
3.0815951824188232
3.506504535675049
1.3070961236953735
3.6096677780151367
1.801732063293457
2.443399667739868
2.0676345825195312
3.0559241771698
1.53824782371521
3.4453206062316895
1.910628080368042
1.6958962678909302
1.5971343517303467
2.178359270095825
1.8514152765274048
1.274024486541748
2.3691253662109375
1.5176026821136475
1.926487922668457
1.789746642112732
1.4905518293380737
1.4041537046432495
1.647695779800415
1.5210981369018555
1.4159882068634033
1.8356841802597046
2.1112873554229736
2.73349666595459
2.0508711338043213
1.2928657531738281
1.3672629594802856
1.7594995498657227
1.4168853759765625
1.7520990371704102
1.0532891750335693
1.3321281671524048
1.7886592149734497
2.797825574874878
1.8289463520050049
1.4300748109817505
2.5219876766204834
2.7110869884490967
1.8146162033081055
2.7782280445098877
3.3652422428131104
1.9648208618164062
1.5086394548416138
2.275909662246704
2.083735942840576
2.34653902053833
2.4810545444488525
1.1865146160125732
1.9655616283416748
1.7697327136993408
1.4709689617156982
1.2366173267364502
2.144788980484009
1.8626104593276978
2.0375192165374756
1.9979188442230225
2.1063687801361084
3.0386505126953125
2.607232093811035
2.0001111030578613
1.657827377319336
1.8378665447235107
1.215216040611267
3.977602481842041
2.8678746223449707
2.4717023372650146
1.9541488885879517
2.2889225482940674
2.279924154281616
2.535522699356079
4.340507984161377
1.5828379392623901
1.382195234298706
1.4683475494384766
2.358556032180786
2.1027207374572754
2.271010398864746
2.3516931533813477
2.45446515083313
3.919212579727173
1.3225500583648682
1.7668565511703491
1.8992122411727905
1.693743348121643
1.4868708848953247
1.4199107885360718
2.170970916748047
1.6301865577697754
1.5839391946792603
1.3730740547180176
1.4270309209823608
1.3921149969100952
1.474100112915039
2.51603102684021
1.1687843799591064
2.277052164077759
2.298081159591675
1.670250654220581
1.5268102884292603
2.0374834537506104
1.9541282653808594
2.1151177883148193
1.9879319667816162
1.2708933353424072
1.6180012226104736
1.2530453205108643
1.4002625942230225
1.8003445863723755
1.2562822103500366
1.9827741384506226
3.2854487895965576
1.3517922163009644
1.4911577701568604
2.1561121940612793
1.87423837184906
1.7638435363769531
2.5134456157684326
2.54996395111084
1.6267967224121094
0.8794888257980347
1.622692346572876
2.413480758666992
0.9793846607208252
2.176466941833496
2.173672914505005
1.814239740371704
1.0778625011444092
3.1351687908172607
2.04315447807312
2.017364740371704
1.363289475440979
1.211422324180603
1.5740965604782104
0.7485651969909668
1.3516336679458618
0.9966731667518616
2.034414529800415
1.287627935409546
1.606903076171875
1.6691325902938843
1.5052202939987183
1.5386544466018677
1.7494269609451294
1.1326522827148438
2.027674913406372
2.2538504600524902
0.8381830453872681
1.8567842245101929
0.9524678587913513
1.6534230709075928
0.9510353207588196
2.346050262451172
2.734879970550537
1.1830884218215942
1.6060782670974731
1.170352578163147
1.6036990880966187
1.527351975440979
2.4181809425354004
1.3562405109405518
1.2753911018371582
1.546584129333496
2.2740840911865234
1.7194716930389404
1.7020782232284546
1.0221163034439087
2.308976173400879
1.9234408140182495
1.9079149961471558
1.9878195524215698
1.3488709926605225
1.5917044878005981
1.3806495666503906
1.4430921077728271
0.9705190658569336
1.8934510946273804
2.4096219539642334
2.635491132736206
2.187274694442749
1.6495089530944824
1.2527278661727905
1.8865901231765747
1.9216676950454712
1.80741548538208
1.9399793148040771
2.0506021976470947
1.666192650794983
1.6166695356369019
2.2714738845825195
1.3308953046798706
0.9386097192764282
1.4400148391723633
2.265143632888794
1.6003472805023193
1.552557349205017
1.1131011247634888
1.1727145910263062
1.6111805438995361
1.7807947397232056
1.0659136772155762
1.1628499031066895
1.835586667060852
1.9932899475097656
1.5485209226608276
1.8387882709503174
1.3754452466964722
1.4732964038848877
1.674560785293579
1.277577519416809
1.473435878753662
1.4486013650894165
1.345566987991333
1.1733288764953613
1.0043919086456299
1.8013087511062622
2.352084159851074
2.1584386825561523
0.8779251575469971
1.4982990026474
2.5763752460479736
1.9868136644363403
1.039413571357727
1.6490319967269897
1.1325433254241943
1.5021498203277588
1.924237608909607
1.8153953552246094
1.442676305770874
0.8241387605667114
1.2943586111068726
0.9623520374298096
1.8331694602966309
1.0036773681640625
1.0656861066818237
2.3341827392578125
1.210052251815796
0.8598340749740601
2.116802930831909
2.2109057903289795
1.4436346292495728
1.7331632375717163
1.5123274326324463
1.285893201828003
1.4315398931503296
1.905124545097351
1.6113789081573486
1.9483857154846191
1.2430819272994995
1.2948076725006104
1.5894290208816528
2.3318257331848145
2.789388656616211
2.578852415084839
1.4132256507873535
1.5816166400909424
1.625377893447876
1.9023491144180298
0.9987240433692932
0.914337158203125
1.0779765844345093
0.9808498024940491
1.8379424810409546
1.4021090269088745
1.2920188903808594
