19.255952835083008
18.25589942932129
16.50301170349121
18.04564666748047
17.95749282836914
17.979820251464844
17.941207885742188
18.23767852783203
18.19084930419922
18.60423469543457
18.54332733154297
18.961347579956055
19.049753189086914
17.68408203125
18.421024322509766
19.077922821044922
18.78665542602539
15.864911079406738
18.92473030090332
18.633127212524414
17.62820816040039
15.637953758239746
19.059389114379883
18.13210105895996
18.76761245727539
18.59952163696289
16.906112670898438
17.55560302734375
18.031957626342773
18.51065444946289
18.56304168701172
18.003311157226562
18.046613693237305
14.259675025939941
17.72252082824707
18.58208656311035
18.38384437561035
18.096912384033203
18.177968978881836
18.81757354736328
18.832761764526367
16.198713302612305
18.51329803466797
18.203855514526367
19.77846908569336
19.149782180786133
20.154111862182617
19.935272216796875
19.15373992919922
18.455427169799805
19.25046730041504
19.036394119262695
19.72323226928711
19.322399139404297
16.83245277404785
19.537221908569336
19.7159423828125
19.56556510925293
20.82311248779297
19.98311424255371
20.565706253051758
20.985740661621094
22.034366607666016
20.564353942871094
20.32687759399414
20.19510269165039
18.892606735229492
21.552385330200195
21.566112518310547
19.66326141357422
22.16286277770996
20.768844604492188
22.482349395751953
20.848955154418945
21.647581100463867
21.372228622436523
19.86066436767578
20.50053596496582
17.711767196655273
17.175569534301758
15.713077545166016
14.450570106506348
13.89826488494873
13.263158798217773
13.198454856872559
14.259791374206543
13.292495727539062
12.231375694274902
11.69760799407959
11.445337295532227
11.65377140045166
12.491842269897461
10.988852500915527
10.710021018981934
10.218299865722656
9.834915161132812
10.264302253723145
9.548385620117188
9.171171188354492
8.842937469482422
8.41936206817627
8.15410327911377
6.9337286949157715
8.02233600616455
7.820064544677734
7.346589088439941
7.707839488983154
7.512847423553467
7.5004191398620605
7.373113632202148
6.969335556030273
6.256577014923096
5.762831211090088
5.92513370513916
5.0990118980407715
4.427152156829834
4.134305953979492
4.209566593170166
3.706716537475586
3.5159387588500977
3.891702651977539
3.3098912239074707
4.526752948760986
3.4543001651763916
3.340151309967041
3.5205271244049072
3.903254985809326
3.17166805267334
3.1900815963745117
3.250408411026001
2.5452401638031006
2.6317412853240967
3.2039713859558105
3.217036008834839
2.7244491577148438
2.7959954738616943
2.5779836177825928
2.423449993133545
2.62060284614563
2.7168495655059814
2.5043466091156006
2.3345677852630615
2.1197352409362793
2.884617328643799
2.273486614227295
1.9036725759506226
2.3396155834198
2.244689702987671
2.0123651027679443
1.9211249351501465
2.1358749866485596
1.5884075164794922
1.6941099166870117
1.479499340057373
2.213200092315674
2.041370391845703
1.8364956378936768
1.6165542602539062
1.615822672843933
2.2527811527252197
2.4553890228271484
1.6784573793411255
1.6764167547225952
1.7858350276947021
1.6219377517700195
2.261727809906006
1.61050283908844
1.2430092096328735
1.2200266122817993
1.2501568794250488
1.6086770296096802
1.4431227445602417
1.6261807680130005
1.7242134809494019
1.7532421350479126
1.5261353254318237
1.2259783744812012
2.2358450889587402
1.7302792072296143
1.591850757598877
1.7011641263961792
1.5768121480941772
1.722744345664978
1.688599944114685
1.952448844909668
1.3719874620437622
1.5274996757507324
1.3672796487808228
1.5728428363800049
1.3945581912994385
1.117910623550415
1.0870894193649292
1.1827408075332642
1.4026743173599243
1.4445542097091675
1.7741527557373047
0.9445699453353882
0.8140273094177246
1.4650734663009644
0.777592122554779
1.1088309288024902
0.9655975103378296
1.2732782363891602
1.089994192123413
1.0651377439498901
1.270862340927124
1.347891926765442
1.2863032817840576
0.9838723540306091
1.0027981996536255
1.2442295551300049
1.2538717985153198
1.1205331087112427
1.3165059089660645
0.9088829159736633
1.1535420417785645
1.2121355533599854
1.9553515911102295
0.8792201280593872
0.9893556833267212
0.9579330682754517
1.5506006479263306
0.8564175367355347
1.0944910049438477
1.0308994054794312
1.1182461977005005
1.387943148612976
0.9654596447944641
1.4422454833984375
1.2413935661315918
1.0044724941253662
1.8464839458465576
0.9740817546844482
0.8603630065917969
0.6382447481155396
1.0419315099716187
0.9473969340324402
1.162719964981079
1.4104489088058472
0.9961074590682983
2.2563748359680176
2.075953722000122
1.1439430713653564
1.7891258001327515
1.8089170455932617
1.2191874980926514
1.3244425058364868
2.0810129642486572
1.342307686805725
0.8346236348152161
1.3845120668411255
1.6239358186721802
1.5242607593536377
1.3244551420211792
1.5061466693878174
0.8475262522697449
1.2145721912384033
1.4224869012832642
0.8902944326400757
1.0374412536621094
1.0279688835144043
1.3220951557159424
1.0158867835998535
1.427876353263855
1.526286244392395
1.0571115016937256
1.1282589435577393
0.9444925785064697
0.7298944592475891
1.089184045791626
0.9064809083938599
0.8836822509765625
1.1889227628707886
0.7761214971542358
0.589913547039032
0.8907715082168579
0.7812536954879761
0.7907676696777344
0.7896372079849243
0.7037889957427979
1.653577446937561
1.3001258373260498
0.8168903589248657
1.6218810081481934
1.0423346757888794
1.3799984455108643
1.6981968879699707
1.435954213142395
0.9583743810653687
1.27046537399292
0.8025885820388794
1.2135794162750244
1.6029367446899414
1.0910885334014893
1.1216652393341064
1.2449384927749634
1.1968190670013428
0.9937350153923035
1.462968349456787
0.786407470703125
0.6697831153869629
1.004019021987915
0.584540069103241
0.923299252986908
0.8271190524101257
1.1211189031600952
0.8767661452293396
0.8664945363998413
1.0455564260482788
0.9894425868988037
0.9930585622787476
1.1742446422576904
0.8774620294570923
0.990967333316803
1.2770483493804932
1.0760763883590698
0.6950715780258179
1.100939154624939
1.0238152742385864
0.573536217212677
1.0099546909332275
1.1243491172790527
0.7452641129493713
1.1573978662490845
0.8151511549949646
0.8094831109046936
0.9709528088569641
0.8025935888290405
0.856063723564148
0.7933411598205566
0.9203668236732483
0.9232496619224548
0.6065675020217896
0.769354522228241
1.1116691827774048
0.6255590915679932
0.5757772326469421
0.8172198534011841
0.9197672605514526
0.919599175453186
0.9937952756881714
0.5826296210289001
0.7487290501594543
0.7106904983520508
0.7497549653053284
0.7151543498039246
0.778641939163208
0.7039242386817932
0.7768493294715881
0.7400880455970764
0.6626021265983582
0.7887747883796692
0.8268151879310608
0.6968806385993958
0.7518754601478577
0.7087567448616028
0.8883237838745117
0.890710711479187
0.9005454182624817
0.8630653023719788
1.0124013423919678
0.7173838019371033
0.9934950470924377
0.8236854076385498
0.8133853077888489
1.2064152956008911
0.7552664875984192
0.5908806920051575
1.191282033920288
0.8502511382102966
0.9707472324371338
1.0329686403274536
0.9703847765922546
1.1067103147506714
1.0489009618759155
1.329199194908142
1.0632978677749634
0.8803583383560181
1.3977556228637695
1.0961494445800781
1.104046106338501
0.780906081199646
1.2570240497589111
1.1543159484863281
0.8980739712715149
1.1588648557662964
0.921831488609314
0.9853721857070923
0.8502206802368164
0.6564027667045593
0.8381471633911133
0.9255086183547974
0.6744194030761719
1.0555602312088013
0.9789308309555054
1.1384994983673096
0.7963851094245911
1.1539828777313232
0.877657949924469
0.9936420321464539
0.9570439457893372
1.1682133674621582
1.2885971069335938
0.8245615363121033
1.3645895719528198
1.300984263420105
0.8674831986427307
1.1029853820800781
1.1485294103622437
0.7628517150878906
1.0342994928359985
1.11228346824646
0.825231671333313
1.076844573020935
0.8696695566177368
0.7092930674552917
0.724480926990509
1.1731395721435547
0.7518047094345093
0.6549378633499146
1.1905053853988647
1.0550168752670288
0.792525053024292
0.7928528189659119
1.2015466690063477
0.7712095379829407
0.4735899865627289
1.0549174547195435
1.082503318786621
0.8383017182350159
0.9188665151596069
0.8428148627281189
0.8271483182907104
0.8511119484901428
0.8890697956085205
0.7747337222099304
0.6794576644897461
1.2533986568450928
0.9977908134460449
1.1704175472259521
0.8497169613838196
0.8595080375671387
1.096876859664917
1.031545639038086
1.3269082307815552
1.0398337841033936
0.6139076948165894
1.0326133966445923
1.0858790874481201
0.5465613007545471
0.9777429699897766
0.6317987442016602
0.7113483548164368
0.6077423691749573
0.9415404200553894
0.577301561832428
0.9851720333099365
0.6654263734817505
0.8847917914390564
0.8544835448265076
0.7904258370399475
1.1360851526260376
0.9309561252593994
0.7697331309318542
0.7426949739456177
0.7323299646377563
0.7423003911972046
0.6430081129074097
0.5688718557357788
0.7246893048286438
0.6389909386634827
0.5666429996490479
0.7404080629348755
0.5098909735679626
1.054716944694519
0.43961167335510254
0.6875941157341003
0.8050336837768555
0.7093647718429565
0.6391239762306213
0.9856553077697754
0.719241201877594
1.0250908136367798
0.9369345307350159
0.797289252281189
0.9982945919036865
1.062445044517517
0.7349831461906433
1.0007997751235962
0.7713793516159058
0.6336880922317505
0.9200611710548401
0.862197995185852
0.8537865281105042
1.021083116531372
1.0120363235473633
0.7140085101127625
0.9226912260055542
0.7155712842941284
0.9556212425231934
0.5653508305549622
0.8765119910240173
0.6509062051773071
0.632748544216156
0.5932734608650208
0.5916922688484192
0.5365647673606873
0.6472901701927185
0.6516855359077454
0.517002522945404
0.6132202744483948
0.5269148945808411
0.6036175489425659
0.5481347441673279
0.635055422782898
0.7665943503379822
0.6420958638191223
1.1281284093856812
0.6427181363105774
1.1236213445663452
0.9374920129776001
0.8789891004562378
1.1311728954315186
0.995549738407135
0.9031680226325989
0.8698335289955139
0.9738894701004028
0.5280804634094238
0.9583444595336914
0.8833228349685669
0.8147213459014893
1.051971435546875
0.8373934030532837
0.7273397445678711
0.9559661149978638
0.49871253967285156
0.743773341178894
0.7251952886581421
0.6883236169815063
0.6878315210342407
0.6760880947113037
0.5812571048736572
0.583107054233551
0.8514376878738403
0.5292267203330994
0.7082391381263733
0.6754868030548096
0.6079133152961731
0.6429725885391235
0.5626899600028992
0.39562252163887024
0.46649476885795593
0.5133013725280762
0.5656754970550537
0.7551900744438171
0.5961610078811646
0.6674745678901672
0.6271205544471741
0.7136484384536743
0.6246272921562195
0.7487701773643494
0.5166436433792114
0.6549140214920044
0.6053888201713562
0.6938591003417969
0.4310730993747711
0.8258427381515503
0.6166136860847473
0.7445536851882935
0.7286691665649414
0.5894306898117065
0.8977200984954834
0.7578680515289307
0.6378323435783386
0.7579971551895142
0.7235827445983887
0.631483793258667
0.7965877056121826
0.6196278929710388
0.8665758967399597
0.7269855737686157
0.8392671942710876
0.7310078144073486
0.7528601884841919
0.8625684976577759
0.9383740425109863
0.5521623492240906
0.780277669429779
0.7419801354408264
0.64984130859375
0.7096880078315735
0.8898383378982544
0.6229827404022217
0.9285190105438232
0.6499887704849243
0.5185769200325012
0.8621730804443359
0.6999927759170532
0.7437244057655334
0.539709210395813
1.0504462718963623
0.9456426501274109
0.8541020750999451
1.085925579071045
0.878296434879303
0.7882634997367859
0.7729747891426086
0.6227888464927673
0.635481595993042
0.7427875995635986
0.5029162168502808
0.6644159555435181
0.693602442741394
0.7331156134605408
0.47892656922340393
0.6780238151550293
0.5304121375083923
0.5407110452651978
0.7711244225502014
0.6652675867080688
0.7080872058868408
0.5615792274475098
0.565805196762085
0.6413464546203613
0.4232713282108307
0.6031028032302856
0.5927912592887878
0.843050479888916
0.48788368701934814
0.7011224627494812
0.519504725933075
0.5737823247909546
0.6082462668418884
0.552824079990387
0.5244554877281189
0.7732386589050293
0.9756748080253601
0.5069738626480103
0.855019211769104
0.935695230960846
0.5613958239555359
0.5998150110244751
0.7609953284263611
0.5546805262565613
0.5689685344696045
0.6090282201766968
0.6704710125923157
0.5065304636955261
0.6283791661262512
0.44566643238067627
0.6312288045883179
0.6196098327636719
0.5914307236671448
0.5346387624740601
0.5679187178611755
0.41869059205055237
0.5127319693565369
0.5764486193656921
0.4873955547809601
0.6971386671066284
0.4529648721218109
0.8244286179542542
0.5101045966148376
0.6550186276435852
0.39284759759902954
0.4820563793182373
0.627205491065979
0.5656483173370361
0.7620058059692383
0.48331207036972046
0.8732908964157104
0.41835159063339233
0.5354037284851074
0.5801201462745667
0.7210420370101929
0.5275542736053467
0.49321916699409485
0.4368903636932373
0.4833977520465851
0.7337674498558044
0.5046106576919556
0.547415018081665
0.7286671996116638
0.7210103273391724
0.6555519104003906
0.5941453576087952
0.8484355807304382
0.7668463587760925
0.5129224061965942
0.7261994481086731
0.43716293573379517
0.39785608649253845
0.47526299953460693
0.7001015543937683
0.5065736770629883
0.6279903054237366
0.8535529971122742
0.4581165611743927
0.6505796313285828
0.8747517466545105
0.5290766358375549
0.7601186037063599
0.6346048712730408
0.8593377470970154
0.5312387347221375
0.8414481282234192
0.6337147951126099
0.5013440251350403
0.921715497970581
0.5828374624252319
0.3604356348514557
0.9094371199607849
0.4652427136898041
0.5780842900276184
0.5157663822174072
0.6026922464370728
0.4288841784000397
0.6202259659767151
0.686315655708313
0.4649799168109894
0.7411540150642395
0.4471530616283417
0.6751440763473511
0.6291751861572266
0.4018702507019043
0.6191105246543884
0.5460218787193298
0.4068816602230072
0.4203417897224426
0.5722082257270813
0.48919013142585754
0.5353031158447266
0.5078620910644531
0.44564172625541687
0.5304113030433655
0.533686637878418
0.4125041663646698
0.5153769850730896
0.5323423147201538
0.4223879277706146
0.4295009672641754
0.5099780559539795
0.4129583239555359
0.5927876234054565
0.4749099910259247
0.36092525720596313
0.5017635226249695
0.5972898602485657
0.5358661413192749
0.4690512716770172
0.8873217105865479
0.5172675251960754
0.6143205165863037
0.5527556538581848
0.46964338421821594
0.6697630882263184
0.4866546094417572
0.44156211614608765
0.5379467010498047
0.33744168281555176
0.6294788122177124
0.4077978730201721
0.34421852231025696
0.7458814382553101
0.5033609867095947
0.7800793647766113
0.5780266523361206
0.6373895406723022
0.49363988637924194
0.6641725301742554
0.5980771780014038
0.6323041915893555
0.5799505114555359
0.48703595995903015
0.547342836856842
0.545608639717102
0.6728590130805969
0.4035307765007019
0.6153947710990906
0.7500035166740417
0.4601905345916748
0.7670426964759827
0.5564181208610535
0.6189815402030945
0.7959731221199036
0.6219851970672607
0.6327352523803711
0.6891046762466431
0.4456371068954468
0.6248697638511658
0.6534432172775269
0.6733705997467041
0.5060462951660156
0.6090909242630005
0.5865285992622375
0.6631893515586853
0.4445861279964447
0.5549930930137634
0.41682928800582886
0.5117310285568237
0.5813053846359253
0.8068822026252747
0.4060472846031189
0.5400356650352478
0.7532854676246643
0.5619482398033142
0.6542539000511169
0.7447925209999084
0.7594589591026306
0.7128127813339233
0.6005241870880127
0.6159676313400269
0.5443703532218933
0.5943185687065125
0.3129144310951233
0.40501272678375244
0.44278544187545776
0.5650733113288879
0.393130898475647
0.4877532422542572
0.48469486832618713
0.5218634009361267
0.48051509261131287
0.4967910945415497
0.39697715640068054
0.40629395842552185
0.669340193271637
0.6786853075027466
0.6366958022117615
0.3365371823310852
0.6536921858787537
0.4445837438106537
0.4648287296295166
0.525183916091919
0.5408135652542114
0.4908270239830017
0.4231337308883667
0.46749603748321533
0.505764365196228
0.4464575946331024
0.36260321736335754
0.4078322947025299
0.6672112941741943
0.4586181938648224
0.44935888051986694
0.4599646329879761
0.5351465940475464
0.3855956792831421
0.5786110162734985
0.37109413743019104
0.4697851836681366
0.43537837266921997
0.5427455902099609
0.5545452237129211
0.3985549509525299
0.5631632208824158
0.5604150891304016
0.4439796805381775
0.4946565330028534
0.4447149336338043
0.535768449306488
0.5678750276565552
0.5772942900657654
0.5631351470947266
0.478771835565567
0.43177276849746704
0.5577911138534546
0.5082993507385254
0.6108353734016418
0.555241584777832
0.3544362485408783
0.6587784290313721
0.4094417095184326
0.6753820180892944
0.40876486897468567
0.47530683875083923
0.49877631664276123
0.39277732372283936
0.2984834313392639
0.5540632009506226
0.43015623092651367
0.3193572163581848
0.3668895363807678
0.4278063476085663
0.3457634747028351
0.3573607802391052
0.42222076654434204
0.37688788771629333
0.3375738561153412
0.5552387833595276
0.3966445326805115
0.44565001130104065
0.4058919847011566
0.6230464577674866
0.5823593735694885
0.3768984377384186
0.4851144552230835
0.595670759677887
0.4352242648601532
0.4205891489982605
0.3169257640838623
0.5044351816177368
0.5189690589904785
0.33879274129867554
0.5917981266975403
0.36441770195961
0.5142552852630615
0.43754032254219055
0.3454381227493286
0.41205769777297974
0.5796335339546204
0.4231226146221161
0.4261295795440674
0.5187966227531433
0.44465407729148865
0.4428873658180237
0.5304450392723083
0.3382132053375244
0.40980833768844604
0.40450215339660645
0.5202983617782593
0.5299866199493408
0.4076559841632843
0.43127354979515076
0.5209621787071228
0.5082277059555054
0.38911935687065125
0.42383402585983276
0.3335391581058502
0.7233408093452454
0.3664305508136749
0.33307740092277527
0.6015637516975403
0.4850950539112091
0.4074448347091675
0.4075324535369873
0.5724169015884399
0.4508756399154663
0.416216105222702
0.4341253638267517
0.44321951270103455
0.5809586048126221
0.6898597478866577
0.408885657787323
0.41401511430740356
0.4447031021118164
0.5030261278152466
0.38106751441955566
0.40066060423851013
0.3810766935348511
0.4932270348072052
0.4856456220149994
0.4066498577594757
0.5346418023109436
0.3843138813972473
0.41059595346450806
0.4359418749809265
0.38378971815109253
0.42612186074256897
0.38878074288368225
0.40165990591049194
0.4433474838733673
0.39988574385643005
0.5374482274055481
0.5625319480895996
0.5052009224891663
0.5381658673286438
0.31683221459388733
0.5048127174377441
0.6413044333457947
0.5393538475036621
0.4197162985801697
0.4094158113002777
0.6481168270111084
0.6638457179069519
0.5312678217887878
0.37090739607810974
0.4509832561016083
0.4254383444786072
0.550751805305481
0.5518221855163574
0.3969363272190094
0.4007001221179962
0.5727243423461914
0.46837836503982544
0.46911269426345825
0.4851684868335724
0.5461971759796143
0.5488225221633911
0.5860996842384338
0.33223050832748413
0.3753226399421692
0.5078904628753662
0.48470690846443176
0.46141156554222107
0.488822340965271
0.3924145996570587
0.308868408203125
0.445010244846344
0.43853995203971863
0.435217946767807
0.5228317975997925
0.5566335320472717
0.34892067313194275
0.5816320180892944
0.43658536672592163
0.4086591303348541
0.3416707515716553
0.4519464671611786
0.5918063521385193
0.554267942905426
0.3813283443450928
0.3710588812828064
0.4573245644569397
0.41451331973075867
0.3558458387851715
0.3673856556415558
0.38074854016304016
0.47660350799560547
0.38037821650505066
0.5307090878486633
0.5501996278762817
0.4695320427417755
0.33474454283714294
0.4589257836341858
0.5355253219604492
0.47934690117836
0.38893553614616394
0.36440831422805786
0.39828580617904663
0.5045441389083862
0.46451327204704285
0.380767822265625
0.5015783905982971
0.3750597834587097
0.4600811004638672
0.529247522354126
0.40879470109939575
0.41476598381996155
0.4940789043903351
0.5117954611778259
0.3241860568523407
0.3010580241680145
0.4187178611755371
0.5435105562210083
0.42153966426849365
0.41600683331489563
0.40102675557136536
0.7680902481079102
0.4854566752910614
0.3482569456100464
0.50872403383255
0.5996119379997253
0.42517539858818054
0.3559587895870209
0.39272814989089966
