20.144357681274414
20.002119064331055
19.118366241455078
19.53787612915039
19.611597061157227
18.817110061645508
17.46656608581543
19.46000099182129
19.686443328857422
17.595752716064453
19.058759689331055
19.120840072631836
19.077970504760742
18.8665714263916
18.705978393554688
18.987140655517578
19.271099090576172
18.997365951538086
17.233938217163086
19.13541030883789
19.55172348022461
18.74043083190918
18.990345001220703
16.625253677368164
18.776458740234375
19.25246810913086
19.007841110229492
14.224781036376953
18.447999954223633
18.204851150512695
17.633182525634766
18.007137298583984
17.684112548828125
18.377843856811523
17.6720027923584
17.69424057006836
17.126026153564453
17.217266082763672
17.396156311035156
17.158620834350586
16.814970016479492
16.599369049072266
16.404781341552734
16.674962997436523
12.976744651794434
16.47921371459961
16.456735610961914
15.939107894897461
14.21638298034668
15.812226295471191
15.285958290100098
15.21536636352539
15.047979354858398
14.797672271728516
14.597975730895996
12.628997802734375
13.967179298400879
14.279479026794434
13.860918998718262
13.673582077026367
11.970309257507324
13.15439224243164
12.52699089050293
13.004983901977539
12.304634094238281
11.06026554107666
11.484366416931152
11.235919952392578
11.291051864624023
10.904409408569336
10.368821144104004
10.322184562683105
9.857787132263184
9.73480224609375
9.330965042114258
9.01548957824707
8.716605186462402
8.568350791931152
8.241677284240723
7.494278907775879
7.753265857696533
7.375138759613037
7.2700653076171875
7.072631359100342
6.704896450042725
6.340280055999756
6.1556291580200195
6.2109222412109375
5.838221073150635
5.373675346374512
5.431638717651367
5.162198066711426
5.019153594970703
4.869410514831543
4.801374435424805
4.579924583435059
4.50140905380249
4.34111213684082
4.199535846710205
4.193612575531006
4.1339497566223145
4.124573707580566
3.998501777648926
4.025274276733398
3.8720781803131104
3.8675687313079834
3.8280344009399414
3.785499095916748
3.6674365997314453
3.5902562141418457
3.5429317951202393
3.4681477546691895
3.3935723304748535
3.341222047805786
3.355386257171631
3.2194783687591553
3.236616373062134
2.8337326049804688
3.1449508666992188
3.067229986190796
3.0579919815063477
3.070873737335205
3.054694890975952
2.885725259780884
2.6494107246398926
2.836179494857788
2.7590928077697754
2.6726434230804443
2.753049373626709
2.691833257675171
2.632202625274658
2.597494602203369
2.568162679672241
2.5598044395446777
2.4436256885528564
2.525916337966919
2.4793026447296143
2.357578754425049
2.355365037918091
2.3457729816436768
2.3858237266540527
2.288749933242798
2.2731504440307617
2.2529401779174805
2.2213056087493896
2.2204277515411377
2.1704797744750977
2.14792537689209
2.09112286567688
2.1395952701568604
2.089251756668091
2.017378568649292
2.0136966705322266
2.0157415866851807
2.0306761264801025
1.965155839920044
2.0554213523864746
1.927394986152649
1.96705162525177
1.9460089206695557
1.9156672954559326
1.9695953130722046
1.919346570968628
1.8672847747802734
1.9136176109313965
1.8426406383514404
1.7974121570587158
1.858044981956482
1.7284990549087524
1.8259549140930176
1.7366676330566406
1.8084625005722046
1.8066093921661377
1.853740930557251
1.838519811630249
1.6241904497146606
1.7642275094985962
1.7475262880325317
1.603631615638733
1.7068052291870117
1.6363998651504517
1.7403689622879028
1.7434718608856201
1.7466773986816406
1.711561918258667
1.6602215766906738
1.6272770166397095
1.6838992834091187
1.5738426446914673
1.6465117931365967
1.6318557262420654
1.6808507442474365
1.5840106010437012
1.5832667350769043
1.5687119960784912
1.6266893148422241
1.605454683303833
1.584126591682434
1.5096107721328735
1.5536870956420898
1.56729257106781
1.4200347661972046
1.4655382633209229
1.5162315368652344
1.4451477527618408
1.5182521343231201
1.5422897338867188
1.5682563781738281
1.570599913597107
1.5663175582885742
1.5361824035644531
1.4557679891586304
1.4962515830993652
1.5565959215164185
1.4995441436767578
1.4815782308578491
1.4373314380645752
1.4495131969451904
1.4397865533828735
1.425631046295166
1.419933557510376
1.4026092290878296
1.408895492553711
1.44835364818573
1.4024590253829956
1.468151569366455
1.410003662109375
1.4669108390808105
1.3577475547790527
1.4167486429214478
1.4208102226257324
1.4013482332229614
1.3927109241485596
1.336026668548584
1.263549566268921
1.4307057857513428
1.3848159313201904
1.3907686471939087
1.414036512374878
1.3375486135482788
1.322334885597229
1.3748908042907715
1.309555172920227
1.326666235923767
1.3364886045455933
1.348325490951538
1.3822126388549805
1.3885432481765747
1.2770805358886719
1.3494715690612793
1.2317862510681152
1.2180508375167847
1.332336187362671
1.3062225580215454
1.3520485162734985
1.2927742004394531
1.3428510427474976
1.3122206926345825
1.269333004951477
1.3009099960327148
1.2779943943023682
1.3231580257415771
1.233776330947876
1.1479586362838745
1.2103886604309082
1.2004543542861938
1.1904445886611938
1.3298200368881226
1.303257703781128
1.2528244256973267
1.236385703086853
1.274755597114563
1.1418747901916504
1.3330236673355103
1.208114504814148
1.2149420976638794
1.2207449674606323
1.2433362007141113
1.2709062099456787
1.1898127794265747
1.2597851753234863
1.1893161535263062
1.1096335649490356
1.2454274892807007
1.2227674722671509
1.166191577911377
1.2503409385681152
1.1150058507919312
1.1932034492492676
1.2535802125930786
1.220102310180664
1.2418689727783203
1.1526131629943848
1.2228585481643677
1.1347148418426514
1.1949822902679443
1.192076563835144
1.2325366735458374
1.2068957090377808
1.191223382949829
1.1868432760238647
1.2188950777053833
1.1534795761108398
1.1528990268707275
1.2529654502868652
1.1912976503372192
1.181742548942566
1.2170782089233398
1.081067681312561
1.16740882396698
1.1759988069534302
1.1933194398880005
1.1880091428756714
1.1920870542526245
1.1493675708770752
1.1811063289642334
1.1628423929214478
1.1383464336395264
1.0944852828979492
1.1706714630126953
1.134759783744812
1.1416431665420532
1.1577028036117554
1.0879828929901123
1.0999414920806885
1.1489601135253906
1.0270123481750488
1.0997692346572876
1.1378519535064697
0.9891645312309265
1.139264464378357
1.1638633012771606
1.1321338415145874
1.154397964477539
1.0944511890411377
1.1567602157592773
1.110897421836853
1.1115663051605225
1.1438933610916138
1.1446782350540161
1.117384433746338
1.1445021629333496
1.1097280979156494
1.1378551721572876
1.0564545392990112
1.0868157148361206
1.0060209035873413
1.1131511926651
1.0817954540252686
1.105465292930603
1.1100943088531494
1.0031501054763794
1.1636213064193726
1.0600905418395996
1.0600659847259521
1.084174633026123
1.120740294456482
1.107025146484375
1.0475270748138428
1.0957400798797607
1.0673229694366455
1.124564290046692
1.0345627069473267
1.1146453619003296
1.0916439294815063
1.0958609580993652
1.068603754043579
1.0387991666793823
1.0249427556991577
1.095638394355774
1.0447651147842407
1.104486346244812
1.050330400466919
1.0965778827667236
1.1052420139312744
1.0077738761901855
1.0738550424575806
1.090488076210022
1.0040379762649536
1.0702191591262817
1.0370434522628784
1.015695571899414
1.0541316270828247
1.0676414966583252
1.0311843156814575
1.0083436965942383
0.9769523739814758
0.978257417678833
1.0398874282836914
0.9968662261962891
1.0654232501983643
1.0309652090072632
1.0360854864120483
1.050839900970459
1.0169535875320435
1.0104726552963257
1.0053181648254395
1.0722802877426147
1.0538430213928223
1.09162175655365
1.0114039182662964
1.073274850845337
1.0503064393997192
0.9694005250930786
0.9993675351142883
1.0299489498138428
0.9698547124862671
1.0192407369613647
1.0080488920211792
1.014768123626709
1.0116029977798462
0.9878460168838501
0.986485481262207
1.015810251235962
0.9936991333961487
1.0578484535217285
0.9985278844833374
0.9888201951980591
1.013810634613037
0.9854058027267456
0.959272563457489
0.9561755657196045
1.0874701738357544
1.0254400968551636
0.954349160194397
0.9841476678848267
1.0157779455184937
1.05606210231781
1.0272315740585327
0.991908848285675
0.970735490322113
1.0116420984268188
0.975344181060791
0.9759381413459778
0.9293913841247559
1.007523536682129
1.0033785104751587
0.9643623232841492
1.010473608970642
1.0175939798355103
0.9810109734535217
1.0644309520721436
0.9841715693473816
1.0050654411315918
0.9826712608337402
1.0158618688583374
1.0208308696746826
0.9377703070640564
0.9645305871963501
0.957927405834198
0.9898468852043152
1.0261799097061157
0.9440485239028931
0.9984998106956482
0.9778813123703003
1.0574607849121094
1.0262898206710815
0.9987285137176514
1.0091396570205688
0.9627025723457336
0.9527437090873718
0.9387437105178833
1.0080368518829346
0.9796728491783142
0.9993923902511597
0.9754645228385925
0.9663453698158264
0.9652256965637207
0.9927141070365906
0.9833304286003113
0.9635636210441589
0.933060884475708
0.8937556743621826
0.9611025452613831
0.9145820140838623
0.975017786026001
0.9397853016853333
0.7480865120887756
0.9288713335990906
0.970863938331604
0.9433320164680481
0.8859445452690125
0.9405924677848816
0.9588944315910339
0.9560977816581726
0.9671720862388611
0.9808675050735474
0.9437717199325562
0.9214741587638855
0.8509348630905151
0.9624528288841248
0.9426500797271729
0.9661896824836731
0.9714016914367676
0.944204568862915
0.9755731225013733
0.8926593065261841
0.872418224811554
0.9225175976753235
0.9755980968475342
0.9726694822311401
0.9634596705436707
0.9177432656288147
0.9869471788406372
0.9582647681236267
0.9247511029243469
0.9918129444122314
0.9249442219734192
0.9481887221336365
0.9285556674003601
0.9334936141967773
0.9109069108963013
0.9220758676528931
0.825066328048706
0.931152880191803
0.9325286746025085
0.8992605209350586
0.8903512954711914
0.840580940246582
0.8611862659454346
0.9420865178108215
0.8468012809753418
0.9138171672821045
0.9679045081138611
0.8998067378997803
0.9460164904594421
0.9731015563011169
0.9100022315979004
0.9050248861312866
0.9412409067153931
0.9398066401481628
0.9075682163238525
0.9844399094581604
0.9112656116485596
0.8285698890686035
0.9075895547866821
0.9182248115539551
0.9082569479942322
0.8949223756790161
0.9020150899887085
0.8706510663032532
0.9042845368385315
0.876731812953949
0.9005115628242493
0.9728457927703857
0.9480593800544739
0.9213765263557434
0.9424342513084412
0.943674623966217
0.8913606405258179
0.8268958926200867
0.9001907706260681
0.8398719429969788
0.8834503293037415
0.9219760298728943
0.9686508178710938
0.8534354567527771
0.8880568742752075
0.9162930846214294
0.8832027316093445
0.9434190392494202
0.8789250254631042
0.9302736520767212
0.9044442176818848
0.8891744613647461
0.947135329246521
0.8584005236625671
0.8338651061058044
0.935168981552124
0.9099110960960388
0.817499577999115
0.9059634804725647
0.850925087928772
0.8935996294021606
0.8518780469894409
0.9060453772544861
0.9182705283164978
0.8658979535102844
0.8729410767555237
0.9021438956260681
0.9170525074005127
0.8940524458885193
0.9298005700111389
0.8956236839294434
0.7911074757575989
0.8988518714904785
0.8627198338508606
0.8918346166610718
0.9008260369300842
0.8686431646347046
0.8202282190322876
0.8967434167861938
0.8075440526008606
0.8897308111190796
0.8864136338233948
0.835748553276062
0.8597198724746704
0.8652896285057068
0.8428910970687866
0.8459854125976562
0.9023096561431885
0.8363228440284729
0.8749393820762634
0.8630319833755493
0.8622876405715942
0.8957530856132507
0.8294674754142761
0.8501242399215698
0.9599735140800476
0.8820202946662903
0.8588782548904419
0.8208783268928528
0.8610275983810425
0.8740128874778748
0.870598316192627
0.9296272993087769
0.8851819634437561
0.9167661666870117
0.8550679087638855
0.8812544345855713
0.8129609823226929
0.8375513553619385
0.8439423441886902
0.8417151570320129
0.8597530722618103
0.8177317976951599
0.8770660161972046
0.7799909114837646
0.9491466879844666
0.8645861744880676
0.8460285663604736
0.8731783628463745
0.866457998752594
0.8724374771118164
0.8200483322143555
0.8937315344810486
0.8420876860618591
0.8771787285804749
0.8557047843933105
0.8463194966316223
0.891542375087738
0.8610770106315613
0.87214595079422
0.8326027989387512
0.8506307601928711
0.7717272043228149
0.8850314617156982
0.8475303053855896
0.799680233001709
0.8915330171585083
0.8407973051071167
0.880084216594696
0.9098638296127319
0.8943004012107849
0.8497793078422546
0.841377317905426
0.8312421441078186
0.854638934135437
0.8329495787620544
0.8147003054618835
0.7091069221496582
0.8476152420043945
0.8144970536231995
0.780764102935791
0.8566426634788513
0.8909132480621338
0.8354629278182983
0.8217262625694275
0.8533649444580078
0.8566361665725708
0.8339859843254089
0.8762237429618835
0.8624760508537292
0.845869779586792
0.8439924120903015
0.8171378374099731
0.8464089035987854
0.9062401652336121
0.8446964025497437
0.8503003120422363
0.8417734503746033
0.897629976272583
0.8549805879592896
0.8637431859970093
0.8657599687576294
0.8212804794311523
0.8133352994918823
0.8601558208465576
0.8642042279243469
0.8218655586242676
0.7939688563346863
0.8081215023994446
0.8278139233589172
0.7992605566978455
0.8598741888999939
0.7937446236610413
0.8609640002250671
0.8300453424453735
0.8735442161560059
0.8366048336029053
0.8601181507110596
0.8917359113693237
0.8253282308578491
0.8409292101860046
0.8337076902389526
0.8196331262588501
0.8713697195053101
0.8624913692474365
0.868482232093811
0.8231026530265808
0.8060712218284607
0.8467201590538025
0.7612797021865845
0.8876552581787109
0.8250585198402405
0.8575925230979919
0.8649393320083618
0.855208694934845
0.8321649432182312
0.8800897598266602
0.8225913643836975
0.8135930299758911
0.8496822714805603
0.8457604646682739
0.8183001279830933
0.8207128643989563
0.826312780380249
0.8554044365882874
0.7638129591941833
0.8353886008262634
0.8433067202568054
0.813642144203186
0.8285354375839233
0.8164751529693604
0.8269298076629639
0.8212711811065674
0.8494810461997986
0.841115415096283
0.8081390261650085
0.8441979289054871
0.823054313659668
0.7941955327987671
0.8016436696052551
0.8311940431594849
0.8518842458724976
0.8354792594909668
0.7426979541778564
0.7635711431503296
0.8159694671630859
0.8378153443336487
0.8151089549064636
0.7090303897857666
0.7623664140701294
0.8002801537513733
0.8672896027565002
0.8454926013946533
0.8262681365013123
0.8325885534286499
0.8626694083213806
0.7526170611381531
0.731214702129364
0.8015359044075012
0.8012186884880066
0.8447391986846924
0.8394659161567688
0.7792391180992126
0.8256129622459412
0.7969896197319031
0.7781580090522766
0.8221330642700195
0.8391340970993042
0.8599874377250671
0.8078317046165466
0.8311691880226135
0.7911632061004639
0.8684302568435669
0.8487911224365234
0.8185470700263977
0.7806263566017151
0.7875400185585022
0.8576768636703491
0.7820667028427124
0.8467782139778137
0.800853431224823
0.8465035557746887
0.8182662725448608
0.7985656261444092
0.8351777195930481
0.7860990762710571
0.8013375401496887
0.8281936645507812
0.8328431844711304
0.8381595611572266
0.786525309085846
0.8190300464630127
0.7711923122406006
0.7962177395820618
0.7479609847068787
0.8272799849510193
0.7696368098258972
0.8038312792778015
0.824935793876648
0.8103411793708801
0.7981988787651062
0.8394113779067993
0.8370882272720337
0.8421949744224548
0.8048802018165588
0.8002051115036011
0.7758431434631348
0.7284430861473083
0.7981939315795898
0.8237079381942749
0.7532296180725098
0.7601690888404846
0.7538818717002869
0.782859206199646
0.7938469648361206
0.8223009705543518
0.8410300612449646
0.8082678914070129
0.8108516335487366
0.803513765335083
0.8480380773544312
0.7749969363212585
0.8036490082740784
0.8168004155158997
0.7545149922370911
0.7808127999305725
0.8020519018173218
0.8617384433746338
0.8430202007293701
0.76742023229599
0.8041325211524963
0.7964690923690796
0.7900999188423157
0.843755304813385
0.8142245411872864
0.8207511901855469
0.8414647579193115
0.7626267075538635
0.8063434958457947
0.7765056490898132
0.8105002045631409
0.8100483417510986
0.8229965567588806
0.8103268146514893
0.6685940027236938
0.8214912414550781
0.8282813429832458
0.8404552936553955
0.8098559975624084
0.8266421556472778
0.7964167594909668
0.8183425664901733
0.8406643271446228
0.7953434586524963
0.7915343046188354
0.8351868391036987
0.7712576985359192
0.792966365814209
0.848483681678772
0.7880025506019592
0.8011963963508606
0.8162004351615906
0.7959951758384705
0.80171799659729
0.7815406322479248
0.8369962573051453
0.7890364527702332
0.7806727290153503
0.7998782992362976
0.6488564014434814
0.7328929305076599
0.7348230481147766
0.7609440684318542
0.8056946396827698
0.8164011836051941
0.7936435341835022
0.8135936260223389
0.8755399584770203
0.8088030219078064
0.8263373374938965
0.7451663017272949
0.8051580786705017
0.8405325412750244
0.7824661731719971
0.7770727872848511
0.8122912049293518
0.7404689192771912
0.7767133712768555
0.8417830467224121
0.81995689868927
0.7366299033164978
0.8118235468864441
0.7932554483413696
0.7572984099388123
0.7660984992980957
0.7508894205093384
0.74566251039505
0.7160201072692871
0.8363538980484009
0.7816029787063599
0.8022869229316711
0.8099457025527954
0.7518564462661743
0.7639862895011902
0.761026918888092
0.796328604221344
0.7592241168022156
0.762250542640686
0.8148671388626099
0.7669836282730103
0.8272233009338379
0.7908970713615417
0.7915199398994446
0.7583851218223572
0.7835543751716614
0.8533637523651123
0.8015288710594177
0.8243967294692993
0.7971767783164978
0.7718695402145386
0.8220148086547852
0.7971265912055969
0.8127634525299072
0.7157741785049438
0.7958226799964905
0.809319794178009
0.7857711911201477
0.8694565892219543
0.8254529237747192
0.8013968467712402
0.8132131099700928
0.7585690021514893
0.7939550280570984
0.7531110644340515
0.7767412662506104
0.7307020425796509
0.7842608094215393
0.8063738346099854
0.789428174495697
0.7676477432250977
0.7753950357437134
0.7805224657058716
0.7416035532951355
0.7708379626274109
0.7782641053199768
0.8099235892295837
0.7711535096168518
0.6852118968963623
0.8040040731430054
0.8353496789932251
0.791246771812439
0.7727767825126648
0.8257626295089722
0.8095992207527161
0.7934925556182861
0.7756608724594116
0.6557992696762085
0.8640545606613159
0.8018155097961426
0.7811059355735779
0.7744100093841553
0.755523145198822
0.7502630949020386
0.7955535054206848
0.7082105875015259
0.7944470643997192
0.8103014826774597
0.7935680747032166
0.7858713865280151
0.8011907935142517
0.7601861953735352
0.7923926115036011
0.760731041431427
0.7615377902984619
0.7622584104537964
0.7255467772483826
0.8212746381759644
0.7883314490318298
0.8102694153785706
0.8055040240287781
0.7897166013717651
0.7649736404418945
0.7654072642326355
0.8491852283477783
0.7978917360305786
0.75124192237854
0.6564310789108276
0.6898127198219299
0.7810643315315247
0.78173828125
0.7285071611404419
0.7477104067802429
0.775925874710083
0.7733162045478821
0.8003602027893066
0.7374536991119385
0.7734158635139465
0.7607462406158447
0.8060028553009033
0.7324557304382324
0.7927901744842529
0.793857753276825
0.7722464799880981
0.7880978584289551
0.7323570251464844
0.7841500639915466
0.7767429351806641
0.748828649520874
0.7737097144126892
0.7873286008834839
0.7912358641624451
0.7712219953536987
0.8453945517539978
0.8151237964630127
0.7768802642822266
0.820662796497345
0.7963793277740479
0.7750450968742371
0.781319260597229
0.7432417869567871
0.6936901807785034
0.7440369725227356
0.7710914015769958
0.8091750741004944
0.7754219770431519
0.7155513167381287
0.745135486125946
0.8114525079727173
0.7273886203765869
0.7901602387428284
0.7100714445114136
0.7714468240737915
0.7739844918251038
0.7588543891906738
0.7748203873634338
0.7645367980003357
0.7951454520225525
0.7374047636985779
0.8034917116165161
0.8084242939949036
0.737509548664093
0.7520047426223755
0.7767255306243896
0.7697486877441406
0.7964099049568176
0.686265766620636
0.7898439168930054
0.7656087279319763
0.7645316123962402
0.8073514699935913
0.8083286285400391
0.7538109421730042
0.7491927146911621
