164.90431213378906
145.95835876464844
132.58990478515625
146.9133758544922
141.2526092529297
139.98280334472656
149.9021453857422
90.68310546875
136.85182189941406
130.2021026611328
150.0247344970703
128.0142822265625
150.74659729003906
132.53387451171875
125.32695770263672
126.27754211425781
149.26007080078125
130.68130493164062
133.682373046875
134.0406036376953
145.99380493164062
114.69202423095703
131.63523864746094
140.96986389160156
146.46876525878906
105.19303894042969
146.456298828125
144.41055297851562
128.5975341796875
139.94088745117188
135.0063018798828
124.80952453613281
128.8718719482422
119.823974609375
133.93846130371094
130.28970336914062
116.02910614013672
118.48738861083984
130.71156311035156
135.17404174804688
113.10604095458984
89.57029724121094
125.7453842163086
95.00838470458984
96.06033325195312
126.21978759765625
122.77638244628906
112.80032348632812
120.85469055175781
116.61321258544922
107.56098937988281
122.34729766845703
102.58361053466797
119.35493469238281
120.63097381591797
99.05339813232422
115.9827880859375
88.81814575195312
96.72752380371094
88.88443756103516
101.50419616699219
107.26700592041016
86.28924560546875
100.30469512939453
99.62274932861328
98.99486541748047
91.65361022949219
81.27348327636719
76.42400360107422
72.06920623779297
73.81083679199219
60.894989013671875
68.09569549560547
65.5142822265625
63.99690246582031
59.95853805541992
52.50003433227539
56.07993698120117
43.98762130737305
46.243858337402344
45.67131423950195
42.03501892089844
36.998260498046875
37.01515579223633
31.227920532226562
32.7412223815918
31.414155960083008
27.868621826171875
28.70889663696289
29.764381408691406
22.694957733154297
20.539430618286133
20.53509521484375
18.903362274169922
17.588504791259766
16.33980941772461
14.593226432800293
12.038482666015625
10.95645523071289
11.450559616088867
8.60830020904541
8.497153282165527
7.416478157043457
7.344203948974609
7.241394996643066
5.838253498077393
5.498104572296143
5.589313507080078
5.451282978057861
5.572806358337402
4.9719014167785645
5.152656078338623
4.471887588500977
5.103494644165039
4.419546604156494
4.753228664398193
4.329583168029785
4.581945419311523
4.314359664916992
4.0466742515563965
3.84869647026062
3.8134963512420654
4.0457305908203125
3.8261170387268066
3.3730924129486084
3.389634370803833
3.3351237773895264
3.390653610229492
3.732464075088501
3.3365976810455322
3.4337265491485596
3.0757126808166504
3.019319772720337
3.192850351333618
3.156968355178833
2.9877302646636963
2.783221483230591
2.9996581077575684
2.9236581325531006
2.8351919651031494
2.797132968902588
2.662123680114746
2.799154758453369
2.770310401916504
2.5549771785736084
2.4101006984710693
2.6365506649017334
2.2415308952331543
2.623432159423828
2.355944871902466
2.196185350418091
2.3589327335357666
2.5677318572998047
2.4334232807159424
2.5635831356048584
2.3474254608154297
2.247030735015869
2.5653092861175537
2.566763162612915
2.106039524078369
2.212249279022217
2.2331907749176025
2.270104169845581
2.278749465942383
2.3540732860565186
2.3229196071624756
2.362847089767456
2.2777347564697266
2.3925647735595703
2.2971413135528564
2.0071890354156494
2.3136649131774902
2.3022196292877197
2.2054104804992676
2.324512481689453
2.126450300216675
2.284043550491333
2.3848495483398438
2.2149009704589844
2.242673397064209
2.017486572265625
2.0510878562927246
2.1774792671203613
2.067551851272583
2.0731897354125977
1.9867897033691406
2.078267812728882
1.9045016765594482
2.135456085205078
2.2020187377929688
2.192821502685547
2.0735645294189453
2.1079418659210205
1.8349093198776245
2.102583408355713
2.2508950233459473
2.0913755893707275
2.184678077697754
1.933120846748352
1.8373390436172485
1.8580819368362427
1.9029767513275146
1.8895806074142456
1.9125900268554688
1.8912835121154785
1.929667353630066
1.9606581926345825
2.016206741333008
1.9888430833816528
2.0252928733825684
1.552590012550354
1.8278437852859497
1.9355571269989014
2.073273181915283
1.854745864868164
2.0000970363616943
1.832951307296753
1.7897813320159912
1.5949676036834717
1.9853943586349487
1.8823570013046265
1.9434252977371216
1.7248539924621582
1.924448013305664
1.8548471927642822
1.869386911392212
1.6151697635650635
1.8568127155303955
1.8850350379943848
1.8735896348953247
1.915145993232727
1.8467940092086792
1.6362377405166626
1.6205272674560547
1.657130479812622
1.8891608715057373
1.8581751585006714
1.915016531944275
1.7155165672302246
1.8864820003509521
1.6859592199325562
1.8319909572601318
1.6915218830108643
1.8668164014816284
1.8513957262039185
1.6425979137420654
1.7530163526535034
1.6300239562988281
1.6131731271743774
1.7192113399505615
1.6415917873382568
1.750670313835144
1.8170677423477173
1.7211326360702515
1.673190951347351
1.9063069820404053
1.8134682178497314
1.6538889408111572
1.6986409425735474
1.6514157056808472
1.83552086353302
1.6170634031295776
1.7593721151351929
1.6950607299804688
1.5830869674682617
1.4980453252792358
1.53877592086792
1.434087872505188
1.4719643592834473
1.7458451986312866
1.7156541347503662
1.6247602701187134
1.6978141069412231
1.5342880487442017
1.56565260887146
1.705140471458435
1.7648093700408936
1.532766342163086
1.3059724569320679
1.4865684509277344
1.7242977619171143
1.698309063911438
1.6827205419540405
1.6966116428375244
1.5153142213821411
1.5730682611465454
1.5835235118865967
1.5465419292449951
1.646384358406067
1.6469831466674805
1.4876072406768799
1.6768184900283813
1.6352795362472534
1.399691104888916
1.6072425842285156
1.5978018045425415
1.4306683540344238
1.3286652565002441
1.5853945016860962
1.0520095825195312
1.6893869638442993
1.6748837232589722
1.6378837823867798
1.5025696754455566
1.6084942817687988
1.4550256729125977
1.5976202487945557
1.5128729343414307
1.6149576902389526
1.6528196334838867
1.5185602903366089
1.567075490951538
1.5820220708847046
1.5605251789093018
1.4755427837371826
1.550160527229309
1.4996052980422974
1.5444217920303345
1.4423152208328247
1.4520189762115479
1.0565823316574097
1.5655593872070312
1.493818998336792
1.5721956491470337
1.6033353805541992
1.5416206121444702
1.4786567687988281
1.4796379804611206
1.3185755014419556
1.5270811319351196
1.5042303800582886
1.106721043586731
1.4904332160949707
1.455281138420105
1.3373340368270874
1.580204725265503
1.5566867589950562
1.3675659894943237
1.5276310443878174
1.5162891149520874
1.5254207849502563
1.436022400856018
1.4770406484603882
1.3934739828109741
1.5464117527008057
1.5111172199249268
1.5053761005401611
1.3805484771728516
1.2981770038604736
1.518710970878601
1.4024748802185059
1.4459388256072998
1.3802849054336548
1.3620764017105103
1.3595547676086426
1.3235918283462524
1.5174944400787354
1.4643659591674805
1.3993605375289917
1.26911199092865
1.3434356451034546
1.2679377794265747
1.2346603870391846
1.4938069581985474
1.4759654998779297
1.406933307647705
1.2562743425369263
1.4618695974349976
1.3806523084640503
1.3188706636428833
1.224746584892273
1.3763949871063232
1.513721227645874
1.4522123336791992
1.172456979751587
1.4497727155685425
1.3690612316131592
1.0930421352386475
1.4575103521347046
1.2294611930847168
1.4391908645629883
1.222619652748108
1.4542654752731323
1.296991229057312
1.3281298875808716
1.478075623512268
1.4094957113265991
1.3310710191726685
1.3290823698043823
1.2981866598129272
1.368688941001892
1.1990087032318115
1.4195314645767212
1.1483855247497559
1.2910728454589844
1.4143877029418945
1.448934555053711
0.9814519882202148
1.3969566822052002
1.4151464700698853
1.249786376953125
1.214663028717041
1.422777771949768
1.1389825344085693
1.1671924591064453
1.4004145860671997
1.019572138786316
1.309104323387146
1.2732869386672974
1.400596261024475
1.3936671018600464
1.3241139650344849
1.402423620223999
1.3723260164260864
1.3780356645584106
1.3919049501419067
1.2536495923995972
1.364951491355896
1.2252166271209717
1.1517822742462158
1.3734720945358276
1.2121696472167969
1.2011271715164185
1.0592542886734009
1.3313122987747192
1.3109071254730225
1.3646477460861206
1.3909437656402588
1.359665036201477
1.3308602571487427
1.0486360788345337
1.359100580215454
1.2162517309188843
1.192023515701294
1.1646143198013306
1.3129194974899292
1.3629189729690552
1.29241943359375
1.3518279790878296
1.222679853439331
1.2633665800094604
1.1216617822647095
1.1739051342010498
1.3500258922576904
1.3162174224853516
1.1184738874435425
1.208821177482605
1.197029709815979
1.1867451667785645
1.2287578582763672
1.0740580558776855
1.1576290130615234
1.3039095401763916
1.1517870426177979
1.2950235605239868
1.093263864517212
1.1688547134399414
2.1518585681915283
1.2380415201187134
1.3804082870483398
1.18367600440979
1.1000711917877197
1.1467702388763428
1.2928310632705688
1.340026617050171
1.3020164966583252
1.1708810329437256
1.2230504751205444
1.177634596824646
1.2076103687286377
1.317920207977295
1.2500231266021729
1.3549206256866455
1.2794640064239502
1.2667169570922852
1.0570298433303833
1.293039083480835
1.2808266878128052
1.2169148921966553
1.274143934249878
1.0458362102508545
1.2721730470657349
1.1564544439315796
1.2774027585983276
1.156126856803894
1.1565850973129272
1.1480132341384888
1.2844009399414062
1.2755510807037354
1.2430884838104248
1.0233981609344482
1.2592469453811646
1.185809850692749
1.2205106019973755
1.2045159339904785
1.2592474222183228
1.2773066759109497
1.0621552467346191
1.1233402490615845
1.3061081171035767
1.2757549285888672
1.157096266746521
1.1305053234100342
1.2127373218536377
0.8115830421447754
1.2027015686035156
1.2629892826080322
1.2465553283691406
1.2628737688064575
1.2343569993972778
1.232420802116394
1.2490321397781372
1.154486894607544
1.2015167474746704
1.0559022426605225
1.265976905822754
1.236151099205017
1.1081305742263794
0.9090602397918701
1.2507013082504272
1.1307506561279297
1.2415671348571777
1.0984805822372437
1.2226428985595703
1.2512288093566895
0.9799439311027527
1.2502492666244507
1.2102068662643433
1.1755564212799072
1.22414231300354
1.210169792175293
1.0925025939941406
1.0226216316223145
1.0650101900100708
1.11162269115448
1.167925477027893
1.259236454963684
1.23529851436615
1.167137861251831
1.1263679265975952
1.2035356760025024
1.1266599893569946
0.8896918296813965
1.0281832218170166
1.2079744338989258
1.1539082527160645
1.090075135231018
1.155576467514038
1.092229962348938
1.1844772100448608
1.1666243076324463
1.2052441835403442
1.249066710472107
1.2411129474639893
1.1030423641204834
1.1987024545669556
1.0493991374969482
1.234312891960144
1.1156108379364014
1.202357530593872
1.2100526094436646
1.188998818397522
0.9603277444839478
0.936677873134613
1.2229645252227783
0.9559277892112732
0.8986751437187195
1.1579079627990723
1.0583575963974
1.1771986484527588
1.1054328680038452
0.980522871017456
1.0576894283294678
1.2325423955917358
1.1954360008239746
0.963912844657898
1.007064700126648
1.194329857826233
1.0406397581100464
1.060462236404419
1.1978650093078613
0.9894635081291199
1.1786649227142334
1.0376813411712646
1.037412405014038
1.201719045639038
1.1448503732681274
1.1792391538619995
1.104335069656372
0.8364697098731995
1.14193594455719
0.9985509514808655
1.1948461532592773
1.077690601348877
1.1685166358947754
1.103790521621704
1.1530102491378784
1.167534589767456
1.1058135032653809
1.1233108043670654
1.1224766969680786
1.1887785196304321
1.1407257318496704
1.1380174160003662
1.0598787069320679
1.202571153640747
1.0775498151779175
1.155690312385559
1.0641160011291504
1.1671737432479858
1.1487374305725098
1.179488182067871
1.1220824718475342
1.1595805883407593
1.1238659620285034
1.1637791395187378
0.9858050346374512
1.0553449392318726
0.8789780735969543
0.7972939610481262
1.1250189542770386
1.1104899644851685
1.0567529201507568
1.1477066278457642
1.1588655710220337
1.1218820810317993
1.0773978233337402
1.0405770540237427
1.1558170318603516
1.053987979888916
0.8591669201850891
1.1062119007110596
1.1305687427520752
1.1368070840835571
1.159713864326477
1.1274917125701904
1.1364991664886475
1.1226940155029297
1.087610125541687
0.9745281934738159
1.0990078449249268
1.1261584758758545
1.1365535259246826
1.019014596939087
1.0524979829788208
1.0415527820587158
1.14380943775177
1.1143684387207031
1.0764621496200562
1.1214574575424194
1.1270400285720825
1.109302282333374
1.0165783166885376
1.1309810876846313
0.9819867014884949
1.1092867851257324
1.0324500799179077
0.9939437508583069
1.0978057384490967
0.9799463152885437
1.0573350191116333
1.046707272529602
1.0295202732086182
1.0694420337677002
1.1386889219284058
1.0776015520095825
1.1096338033676147
1.064671516418457
1.0986876487731934
1.1145085096359253
0.9721943140029907
1.0795429944992065
1.1111518144607544
1.101891040802002
1.1279171705245972
1.0972927808761597
0.9389112591743469
1.0946134328842163
1.0532222986221313
0.7695940732955933
0.9932753443717957
1.0590571165084839
1.1074434518814087
0.8870880603790283
0.8855139017105103
1.0342351198196411
0.9717206358909607
0.9884572625160217
1.0191410779953003
1.084094762802124
1.091005563735962
1.1042667627334595
1.0961694717407227
0.7975032925605774
1.0966075658798218
1.0049958229064941
1.1048351526260376
1.1363295316696167
0.9859387874603271
0.9315139055252075
1.0144755840301514
0.8673573136329651
1.0794154405593872
1.0488404035568237
1.0778319835662842
0.9661102294921875
0.9980154037475586
1.0150303840637207
1.0594600439071655
1.0750579833984375
1.0470110177993774
0.9143512845039368
1.0908783674240112
0.8762927055358887
1.0512772798538208
0.9295055866241455
1.1108169555664062
1.0238292217254639
1.1180603504180908
1.0962682962417603
1.0817025899887085
1.1126667261123657
0.8889760971069336
1.1235859394073486
1.1078373193740845
0.8899789452552795
0.9475857019424438
0.9517555832862854
1.0530942678451538
0.9712353944778442
0.881636381149292
0.9032102823257446
1.0751173496246338
1.0072553157806396
1.0088138580322266
1.093308687210083
1.0548819303512573
1.0850448608398438
0.9804856181144714
1.069337248802185
0.9709375500679016
0.9074481725692749
0.8766161799430847
0.9493575096130371
1.0468991994857788
0.9513171315193176
1.0268044471740723
0.8833128213882446
1.0785588026046753
1.0552115440368652
1.0267122983932495
0.9733490347862244
1.0311243534088135
1.0779153108596802
1.04341459274292
1.0488910675048828
0.8602678179740906
0.8983058333396912
1.0750174522399902
0.9468080997467041
1.0878102779388428
0.9083415865898132
0.950760006904602
1.035531997680664
1.0619120597839355
1.0618400573730469
1.0603647232055664
1.0585278272628784
1.055689811706543
1.0301295518875122
1.0216950178146362
0.9806980490684509
0.97242671251297
1.0614076852798462
1.0746790170669556
1.049585223197937
0.8657159805297852
0.9847679734230042
1.0459222793579102
0.8560730218887329
1.0701972246170044
0.9767531752586365
1.0389248132705688
0.6873105764389038
1.0594019889831543
1.0235716104507446
0.9688949584960938
1.0621204376220703
0.9202631115913391
1.0805838108062744
1.0205349922180176
1.004313349723816
0.9216681718826294
0.9501059055328369
1.0225813388824463
1.0604814291000366
1.008582592010498
1.0559488534927368
0.9286884069442749
0.9485363960266113
1.0345783233642578
1.0215132236480713
1.0357258319854736
1.0328506231307983
1.0729353427886963
0.8891996741294861
0.9616798758506775
0.8711416125297546
1.0377277135849
1.0130646228790283
1.060865879058838
0.9425258040428162
0.8104118704795837
1.045235514640808
0.892184853553772
0.9274431467056274
1.0215811729431152
0.9888840913772583
0.9248842597007751
1.0278619527816772
0.9589242935180664
0.9673487544059753
0.8311589956283569
0.9008885025978088
0.8629185557365417
0.9963437914848328
1.015687108039856
1.0065407752990723
0.7894748449325562
0.9879971146583557
1.003370761871338
0.9629955887794495
1.0221424102783203
0.8761416077613831
1.044691801071167
0.9976539015769958
1.0259069204330444
0.8364542722702026
1.0034167766571045
0.938687801361084
0.8902655243873596
1.0080903768539429
0.9592804312705994
1.02739417552948
1.0075757503509521
0.805321991443634
0.9678092002868652
0.9267176985740662
0.9073665738105774
0.8640804886817932
0.9100993275642395
1.0422310829162598
0.996471643447876
0.9979721903800964
1.025170922279358
1.0134140253067017
0.9665231108665466
1.011937141418457
0.9331361055374146
0.8597147464752197
1.000169038772583
0.9183975458145142
0.934412956237793
0.8177195191383362
0.8995547890663147
0.869874894618988
0.9248167276382446
0.8598241209983826
0.9871768951416016
0.9260919094085693
0.9904572367668152
0.8923907279968262
0.9903285503387451
0.8434275984764099
0.9552206993103027
1.4201215505599976
0.9049942493438721
0.9881599545478821
0.9918503761291504
0.8968592882156372
0.97737717628479
0.9041992425918579
0.853177547454834
0.9943532347679138
0.9720214009284973
0.9490108489990234
0.9107915759086609
0.7099714875221252
0.9472101330757141
1.0142687559127808
0.9191280007362366
0.9169861078262329
0.8820762634277344
0.9384045600891113
0.987640917301178
0.9983614087104797
0.936602771282196
0.9982062578201294
0.9710078239440918
0.9583218693733215
0.9631783962249756
0.9082441329956055
0.7879577279090881
0.9097157120704651
0.9032322764396667
0.9761461019515991
0.8710035085678101
0.9385667443275452
0.9897453784942627
0.9515036940574646
0.888659656047821
0.9742418527603149
1.0034321546554565
0.9807499647140503
0.9622820019721985
0.9842820167541504
0.975077211856842
0.8739503622055054
1.0036314725875854
0.9931368827819824
0.9754950404167175
0.918596625328064
0.9191823601722717
0.7828366756439209
0.9406139254570007
0.980962336063385
0.9066988825798035
0.9796239733695984
0.8730073571205139
0.9029987454414368
0.8874200582504272
0.9672266244888306
0.9105703830718994
0.9598655104637146
0.9212245941162109
0.8329448103904724
0.7567850351333618
0.9573826193809509
0.8607455492019653
0.8413257002830505
0.885585606098175
0.9640076756477356
0.9355367422103882
1.0141514539718628
0.8602706789970398
0.9299535751342773
0.9009966850280762
0.9358063340187073
0.9871898293495178
0.966208815574646
0.9291826486587524
0.9690829515457153
0.8378534913063049
0.8839196562767029
0.8282684683799744
0.8644786477088928
0.9478273391723633
0.7439976334571838
0.9515531063079834
0.8770726919174194
0.8998503088951111
0.8654348254203796
0.8743583559989929
0.8253723978996277
0.7533541321754456
0.820807695388794
0.9159223437309265
0.9312069416046143
0.8392332196235657
0.9555850028991699
0.900669515132904
0.8524649143218994
0.7213355898857117
0.9161627888679504
0.8362224102020264
0.9202321171760559
0.9580379128456116
0.8585844039916992
0.9578492045402527
0.8473697900772095
0.9476466178894043
0.932928740978241
0.7523958086967468
0.9566499590873718
0.7624403834342957
0.7877495288848877
0.9540361762046814
0.9469068646430969
0.933571457862854
0.8190277218818665
0.8246709704399109
0.9090913534164429
0.8680614829063416
0.7910327315330505
0.8446149826049805
0.9081549644470215
0.9367312788963318
0.9344056248664856
0.8537876009941101
0.8006421327590942
0.8393121361732483
0.9030731916427612
0.8979518413543701
0.8060000538825989
0.8898749351501465
0.8270907998085022
0.9077081680297852
0.9358106851577759
0.9284064769744873
0.6796411871910095
0.9299352765083313
0.9421760439872742
0.7885411381721497
0.8802505731582642
0.8739023804664612
0.9069828987121582
0.8941676616668701
0.7598944306373596
0.7977147698402405
0.9014407992362976
0.842399537563324
0.703292727470398
0.9005417227745056
0.7372519373893738
0.8799028992652893
0.8649663925170898
0.8807356953620911
0.9237076044082642
0.8021240830421448
0.8607310056686401
0.8624246716499329
0.9167841076850891
0.9057298302650452
0.8228057622909546
0.5975309014320374
0.8175214529037476
0.7024426460266113
0.8949127793312073
0.7815997004508972
0.7859235405921936
0.8595610857009888
0.9177728295326233
0.891873836517334
0.8888707160949707
0.8705500364303589
0.8883587718009949
0.8178909420967102
0.8931589722633362
0.864395797252655
0.8765130043029785
0.8721722364425659
0.8851304054260254
0.8663662672042847
0.8423133492469788
0.9120413064956665
0.8152932524681091
0.8869701623916626
0.7904197573661804
0.8896012306213379
0.8061034083366394
0.9034473896026611
0.8859890699386597
0.8946181535720825
0.8006911277770996
0.6827197074890137
0.793861985206604
0.8449904322624207
0.882935643196106
0.8334106206893921
0.8570372462272644
0.7008519768714905
0.8740649223327637
0.8614391684532166
0.8094839453697205
0.7524905800819397
0.8660705089569092
0.8633781671524048
0.8266624808311462
0.8196306824684143
0.759985625743866
0.7195413708686829
0.7833529710769653
0.7113229632377625
0.8143091797828674
0.7617275714874268
0.8914240002632141
0.8649492859840393
0.8422250747680664
0.773881196975708
0.8727222681045532
0.7874183058738708
0.8410135507583618
0.8640936613082886
0.743144690990448
0.7613341808319092
0.7629424333572388
0.7783172130584717
0.834510862827301
0.7092194557189941
0.8709079027175903
0.8412160873413086
0.7945696711540222
0.8147457838058472
0.6639856100082397
0.8387990593910217
0.7796540260314941
1.392401933670044
0.6980696320533752
0.8363831043243408
0.7352014183998108
0.820125162601471
0.7503197193145752
0.7896390557289124
0.7763950824737549
0.8238937854766846
0.7593219876289368
0.8297733068466187
0.7281884551048279
0.8174678683280945
0.8204578161239624
0.8254551887512207
0.7628116011619568
0.8036472797393799
0.7315093874931335
0.8207287788391113
0.8285020589828491
0.7950636744499207
0.7989717125892639
0.7843985557556152
0.8633354306221008
0.8069739937782288
0.8257681131362915
0.7718753218650818
0.7380009889602661
0.8365889191627502
0.8258453011512756
0.8839681148529053
0.7561665773391724
0.7902294397354126
0.7066026926040649
0.7298287153244019
0.7070967555046082
0.7822181582450867
0.7941498756408691
0.7926956415176392
0.7880132794380188
0.7551813721656799
0.8087801337242126
0.7899463772773743
0.8182504177093506
0.7003366351127625
0.7901021838188171
0.7493573427200317
0.7957893013954163
0.8112912178039551
0.6980276703834534
0.6970176696777344
0.7886582612991333
0.8076488375663757
0.689105749130249
0.8023020625114441
0.8069967031478882
0.7814890146255493
0.7793301343917847
0.7612063884735107
0.799279510974884
0.8065609931945801
0.7890967726707458
0.6896945834159851
0.7632136940956116
0.7462467551231384
0.8060149550437927
0.7557063698768616
0.8360387086868286
0.6561449766159058
0.6107813119888306
