364.3997497558594
356.908935546875
369.0655517578125
354.2663269042969
380.59375
373.45855712890625
357.3065185546875
370.74554443359375
375.8233337402344
371.3918151855469
368.572021484375
374.44384765625
369.9338684082031
361.689208984375
377.2139892578125
356.9752502441406
369.63739013671875
359.8819274902344
370.2074279785156
368.0024719238281
366.8409423828125
378.07843017578125
363.752197265625
364.7601013183594
375.5578308105469
355.8890075683594
382.0153503417969
372.2729797363281
366.526611328125
365.7963562011719
375.096923828125
365.14056396484375
364.59967041015625
363.7233581542969
376.5856628417969
367.4374084472656
353.0500793457031
362.3367004394531
371.7543640136719
369.47479248046875
370.50482177734375
366.8663024902344
371.1358337402344
369.6410217285156
364.4072570800781
372.58880615234375
371.55841064453125
372.2380676269531
359.18243408203125
363.49334716796875
363.8943786621094
362.9521789550781
372.2933044433594
381.2803955078125
364.1708984375
356.525146484375
367.5982360839844
359.9894714355469
361.9382629394531
361.85333251953125
362.91949462890625
364.47613525390625
367.1922607421875
357.3606262207031
379.06268310546875
366.1863098144531
361.02703857421875
380.5560302734375
368.5003967285156
360.0238952636719
376.4275207519531
390.5496520996094
390.0864562988281
380.27197265625
389.8880615234375
373.1640625
392.9893798828125
377.4125671386719
390.5232238769531
381.53631591796875
389.3995666503906
358.0709228515625
371.0857849121094
345.0238342285156
328.4914245605469
311.0617370605469
258.1805419921875
215.03636169433594
169.4645233154297
150.17770385742188
156.75790405273438
165.489013671875
146.7030029296875
139.88475036621094
125.21098327636719
107.57881164550781
102.5135269165039
101.64407348632812
126.5263671875
137.75799560546875
152.20127868652344
151.55908203125
157.1834716796875
161.470947265625
145.52957153320312
131.13418579101562
122.60514831542969
105.48493957519531
88.03935241699219
77.57948303222656
65.26731872558594
63.65594482421875
61.35691833496094
56.59938049316406
59.009944915771484
61.94667053222656
56.24037170410156
74.80595397949219
84.31005096435547
90.47856140136719
82.22258758544922
72.22371673583984
69.547119140625
49.57737350463867
39.29209899902344
32.1469612121582
34.727638244628906
34.989044189453125
36.825584411621094
35.276336669921875
33.47107696533203
36.594871520996094
33.110748291015625
26.082107543945312
21.54314613342285
17.082109451293945
15.027169227600098
15.941861152648926
19.44244956970215
20.154239654541016
15.178030967712402
10.383721351623535
10.154788970947266
14.0354585647583
16.665164947509766
13.846063613891602
6.315025329589844
8.014765739440918
11.738594055175781
16.205291748046875
8.71435832977295
7.346611976623535
8.7302885055542
7.787966251373291
11.113917350769043
7.331056118011475
12.588356971740723
11.781643867492676
7.327384948730469
7.004788875579834
6.259318828582764
9.949389457702637
9.200668334960938
4.731486797332764
5.006576061248779
4.919304370880127
7.551506519317627
6.434299945831299
7.53331184387207
6.356391429901123
9.922562599182129
9.337279319763184
6.226419925689697
6.6862688064575195
4.249392032623291
8.280708312988281
10.492344856262207
4.612451076507568
6.873696327209473
5.361288547515869
6.381167411804199
9.305359840393066
4.167388916015625
5.997433662414551
6.687352180480957
3.8801608085632324
5.446319103240967
5.746786117553711
5.559371471405029
4.52581262588501
4.628779411315918
5.933565616607666
5.6716108322143555
3.356860876083374
7.1265363693237305
6.690855979919434
8.277941703796387
5.850771903991699
7.003070831298828
6.32147741317749
7.430990695953369
8.279242515563965
9.38862133026123
13.553865432739258
2.766845464706421
8.97054672241211
7.465892314910889
7.813085079193115
9.236930847167969
6.929317474365234
7.822253704071045
8.91673755645752
9.445191383361816
3.842910051345825
9.20215892791748
8.796627044677734
10.544743537902832
6.444727897644043
5.810647010803223
7.3201189041137695
4.337294101715088
4.9273247718811035
4.546335220336914
3.1535837650299072
11.437700271606445
7.352824687957764
7.280106067657471
4.512397766113281
6.037154674530029
5.564434051513672
4.823942184448242
5.89489221572876
5.688299179077148
4.539248466491699
7.3048553466796875
4.661430835723877
5.201580047607422
7.553994655609131
6.530661106109619
7.5662760734558105
8.156323432922363
9.084059715270996
8.285547256469727
4.68156099319458
7.289566516876221
3.688067674636841
7.038094520568848
8.28239917755127
13.144024848937988
7.552816867828369
5.04868221282959
8.784252166748047
7.963046550750732
8.93044662475586
3.4329867362976074
3.183685302734375
5.935290336608887
4.9187912940979
3.1866538524627686
8.521478652954102
5.115581512451172
6.347271919250488
4.865178108215332
4.1387834548950195
4.07247257232666
10.959049224853516
8.164336204528809
6.80666971206665
6.679965496063232
2.2850139141082764
9.210590362548828
8.446910858154297
7.910590648651123
7.280041217803955
4.900986194610596
12.355021476745605
10.33621883392334
6.232388973236084
9.53966236114502
8.968606948852539
6.656184673309326
6.175426006317139
5.991011142730713
7.6980881690979
6.80181360244751
12.129049301147461
14.979813575744629
4.713171482086182
11.209246635437012
15.608707427978516
10.04747200012207
8.351430892944336
7.583901405334473
5.952126979827881
6.505191802978516
5.236207008361816
7.256021976470947
2.9277901649475098
2.6019318103790283
4.645638942718506
5.746927738189697
2.8919756412506104
3.0551745891571045
3.707799196243286
3.0775935649871826
3.1129159927368164
6.172994136810303
2.144292116165161
3.4945218563079834
4.740043640136719
2.7760980129241943
3.427877426147461
4.006399631500244
2.868131399154663
3.4051589965820312
5.722911357879639
3.514920234680176
2.6101086139678955
5.849293231964111
4.92809534072876
9.994257926940918
10.254525184631348
3.3220064640045166
6.993488788604736
4.078154563903809
8.009527206420898
8.75848388671875
3.257462501525879
6.381956100463867
4.9033074378967285
6.214322090148926
7.392064094543457
2.7473771572113037
3.9851794242858887
5.5672454833984375
4.064117908477783
5.941510200500488
6.3219990730285645
3.606809616088867
5.281275272369385
2.830775022506714
6.364059925079346
4.64370059967041
7.278759956359863
5.395514488220215
3.729746103286743
6.607636451721191
3.866245985031128
2.9693751335144043
2.792264461517334
4.692187786102295
4.511357307434082
3.2822208404541016
3.11553955078125
3.7856605052948
4.0115485191345215
3.5771663188934326
2.4640610218048096
4.001810550689697
3.9556713104248047
2.322985887527466
3.242058277130127
3.818894624710083
3.62518048286438
5.197811126708984
4.865612506866455
8.431488990783691
5.483458995819092
6.91452169418335
7.058895111083984
4.368518352508545
9.699347496032715
8.276865005493164
3.6130120754241943
5.519440174102783
4.972537517547607
6.306685447692871
4.625360012054443
4.288052558898926
4.064836025238037
5.440112113952637
6.451235294342041
3.7881641387939453
4.476215362548828
5.66117000579834
3.395109176635742
3.216090679168701
5.025917053222656
4.140902996063232
3.4729151725769043
3.901658773422241
4.213582992553711
4.226100444793701
2.8832404613494873
4.343637466430664
4.027059555053711
3.003268241882324
3.4763777256011963
3.167310953140259
4.50297212600708
2.2496449947357178
3.595378875732422
3.593637466430664
3.2298362255096436
4.238463878631592
3.0855867862701416
4.080244064331055
3.4850668907165527
3.0450856685638428
4.643696308135986
2.9840734004974365
5.147881984710693
4.34260892868042
3.48569655418396
2.238544464111328
4.3120927810668945
5.418549537658691
3.749912738800049
3.59366774559021
2.7663979530334473
3.1152141094207764
4.077560901641846
4.353189468383789
2.7244935035705566
3.6658554077148438
4.219987869262695
1.869925856590271
4.239120006561279
4.133690357208252
2.9942400455474854
4.943110942840576
3.599815607070923
3.598358631134033
3.0042128562927246
2.5925779342651367
2.8264682292938232
2.890641689300537
3.003533124923706
1.8088291883468628
2.6666481494903564
2.796184778213501
2.564669609069824
3.1093995571136475
2.5413455963134766
3.8819549083709717
3.5938491821289062
2.437558650970459
1.7166154384613037
3.462705373764038
3.1896469593048096
2.84187388420105
4.137460231781006
3.74603533744812
2.050786256790161
3.6508071422576904
3.7474026679992676
2.707939624786377
3.968834400177002
2.824045181274414
2.191462278366089
2.3126442432403564
3.338146686553955
1.992419719696045
2.655447006225586
2.53408145904541
2.8085033893585205
2.7521767616271973
2.4290177822113037
1.5825434923171997
4.627057075500488
3.28975772857666
2.576719045639038
3.762925624847412
3.767303943634033
5.464138984680176
4.936737537384033
4.082381725311279
4.42985200881958
3.908731460571289
6.247193813323975
3.6024703979492188
6.500665664672852
7.497593402862549
3.5535967350006104
6.9121527671813965
7.638379096984863
4.7202229499816895
3.7731800079345703
3.45633602142334
5.543633937835693
4.969392776489258
4.1897101402282715
3.734347343444824
2.5958566665649414
2.807875871658325
2.877516746520996
2.1060996055603027
3.129606246948242
3.481868028640747
3.1093451976776123
4.276655673980713
3.977783203125
1.5571914911270142
2.765340805053711
1.9157134294509888
2.052002191543579
1.8652513027191162
3.122271776199341
2.582953929901123
2.691962718963623
2.318030595779419
2.76713228225708
3.3314051628112793
3.4656119346618652
2.762897491455078
2.832247018814087
4.071681976318359
2.6569066047668457
3.612053632736206
3.796793222427368
2.960394859313965
3.2680206298828125
3.3699350357055664
2.993617057800293
3.8864872455596924
3.9473633766174316
2.992889165878296
1.6071292161941528
3.040062665939331
2.5057373046875
3.783552885055542
3.045248508453369
4.178371429443359
3.8577592372894287
3.100956439971924
4.64509916305542
3.132185697555542
2.46187686920166
3.2696001529693604
2.6712276935577393
4.034635543823242
4.552671432495117
2.505654811859131
3.467369556427002
3.9823596477508545
2.248507261276245
3.173881769180298
4.0401082038879395
3.0443665981292725
2.2714486122131348
3.588092803955078
1.843185544013977
2.547483205795288
2.481536388397217
2.4816975593566895
2.054868698120117
2.6215128898620605
3.819361925125122
2.875976085662842
3.443521022796631
3.437181234359741
4.451515197753906
4.404403209686279
1.6907713413238525
2.5512282848358154
2.3675880432128906
5.077695369720459
3.8989999294281006
3.2324435710906982
4.036396026611328
2.766641855239868
2.9331185817718506
2.876507520675659
3.2141356468200684
1.7749446630477905
2.294677972793579
2.8562819957733154
3.429901123046875
2.120006799697876
2.164109468460083
3.2989587783813477
1.9368650913238525
4.515126705169678
4.460923194885254
3.5335726737976074
2.8752505779266357
3.5765364170074463
3.5269052982330322
2.8611888885498047
3.3261566162109375
4.103402137756348
2.994828462600708
1.8824325799942017
4.614778995513916
2.0035996437072754
1.8975825309753418
2.3268046379089355
3.3000707626342773
1.813123106956482
3.2692160606384277
3.618211269378662
2.90374755859375
1.7932547330856323
4.442960262298584
4.2144904136657715
1.7754065990447998
4.29835844039917
2.2991342544555664
3.649047374725342
3.2441494464874268
3.2742066383361816
3.054473876953125
2.147625684738159
4.071297645568848
3.331231117248535
2.6500794887542725
2.701075553894043
1.7194031476974487
1.954182505607605
2.096701145172119
2.4734387397766113
2.2687573432922363
3.4429006576538086
1.942561149597168
2.6830193996429443
1.7049033641815186
3.833376884460449
3.566988706588745
1.88587486743927
2.778935670852661
2.3505144119262695
2.56673264503479
2.6310291290283203
2.035961627960205
2.0574886798858643
1.8975540399551392
2.721092700958252
2.3932316303253174
1.5913481712341309
2.8510525226593018
2.2205121517181396
2.4235918521881104
2.161998987197876
2.691908836364746
0.97865229845047
2.717444896697998
3.142221450805664
2.0430896282196045
2.012803792953491
3.408036470413208
2.574206590652466
1.437868595123291
1.443637728691101
2.6462833881378174
2.151085138320923
2.319904327392578
2.098766565322876
2.0004305839538574
2.145099639892578
2.22904109954834
2.302367687225342
1.9264426231384277
2.5122714042663574
2.2816355228424072
2.2838077545166016
2.540881633758545
2.6594178676605225
1.8223772048950195
2.7381556034088135
2.3032100200653076
2.0124220848083496
2.012268304824829
3.3145334720611572
2.1134870052337646
1.7937657833099365
1.624719262123108
2.594977855682373
1.92350435256958
1.4164702892303467
1.7324340343475342
2.630577802658081
1.528666377067566
2.499567985534668
1.4632015228271484
3.6796250343322754
3.5248067378997803
2.2411391735076904
1.7780011892318726
1.4156012535095215
3.1095058917999268
2.059440851211548
1.4121264219284058
1.8931108713150024
1.590967059135437
2.382389545440674
1.9288346767425537
1.6807740926742554
2.432248592376709
1.6206767559051514
2.4494407176971436
1.8448777198791504
3.0568859577178955
1.805808663368225
1.6756902933120728
1.8362505435943604
1.8842017650604248
1.5586473941802979
1.6167213916778564
1.177582025527954
1.9804496765136719
2.783843517303467
2.131175994873047
1.4958021640777588
2.6853673458099365
2.0940208435058594
2.477398157119751
1.751656174659729
1.3828932046890259
2.3509814739227295
1.4374558925628662
1.2190070152282715
1.5582799911499023
2.3046774864196777
1.6713107824325562
3.1126062870025635
3.2295637130737305
2.996088743209839
1.7821578979492188
1.2242273092269897
2.128509759902954
1.8636314868927002
1.4630552530288696
2.2725460529327393
1.1568214893341064
0.8666343092918396
1.891196370124817
2.067296266555786
2.794898748397827
1.3707219362258911
1.9277464151382446
1.6505807638168335
1.1443359851837158
1.638054370880127
1.4283249378204346
2.089338541030884
1.32529616355896
1.0575857162475586
1.5426363945007324
1.0604913234710693
1.4448188543319702
1.4910809993743896
1.8831382989883423
1.8929111957550049
1.0003266334533691
1.3527675867080688
1.4733200073242188
1.7694182395935059
1.9044145345687866
1.7714098691940308
1.4032342433929443
2.2316434383392334
1.5081483125686646
1.7522886991500854
1.857542872428894
2.509979724884033
0.9861956834793091
1.9027717113494873
1.7360985279083252
2.3920209407806396
2.8914542198181152
1.7902677059173584
1.4590730667114258
2.3812320232391357
1.382697343826294
1.5290112495422363
1.6759543418884277
1.667249083518982
1.6432390213012695
2.9600348472595215
1.7933540344238281
2.1236650943756104
1.6158186197280884
1.8424184322357178
1.3016369342803955
1.655229091644287
2.558108329772949
1.589215874671936
2.070286750793457
2.103661060333252
1.13818359375
1.3408820629119873
1.7339740991592407
1.277380108833313
1.0196267366409302
1.0839391946792603
1.358317255973816
1.6308284997940063
1.393141269683838
1.1366299390792847
1.2502518892288208
1.2607438564300537
2.4586570262908936
1.567586064338684
1.2706435918807983
1.2193578481674194
1.1292349100112915
0.9130063056945801
1.1723161935806274
1.1906254291534424
1.1073884963989258
0.8832609057426453
1.184320092201233
2.440885543823242
1.4460203647613525
1.2518343925476074
1.9400897026062012
2.1150848865509033
1.207861304283142
0.8311603665351868
1.6471561193466187
1.6127631664276123
1.1793103218078613
2.0805423259735107
1.8005075454711914
1.539232611656189
1.192983865737915
1.3306885957717896
1.9723777770996094
1.4207643270492554
1.4921997785568237
1.1678181886672974
2.223438262939453
1.8592880964279175
1.754400610923767
1.2985663414001465
1.5255359411239624
1.6503405570983887
1.0090194940567017
1.7080657482147217
1.3182408809661865
1.0598957538604736
1.906628966331482
1.2274428606033325
1.8290225267410278
1.5281448364257812
0.8654814958572388
1.5653971433639526
1.5839464664459229
1.0259524583816528
1.8949309587478638
2.1179418563842773
1.4322139024734497
1.318169116973877
1.5510826110839844
1.1583645343780518
1.5453708171844482
1.5152181386947632
1.5573562383651733
1.6822693347930908
1.1055574417114258
0.8193799257278442
0.8998267650604248
0.8916565179824829
1.9738214015960693
1.5528790950775146
1.2905559539794922
1.1013072729110718
1.4416064023971558
1.1437941789627075
1.1995646953582764
1.0335769653320312
1.2056077718734741
1.2696599960327148
1.978258728981018
3.162879467010498
1.474859595298767
0.798917829990387
1.7788419723510742
2.32338547706604
1.1546962261199951
0.8386128544807434
1.4206079244613647
0.9083564877510071
1.769316554069519
1.3473340272903442
1.155325174331665
1.7968323230743408
0.9697855114936829
1.6178561449050903
2.143920660018921
2.418370485305786
1.7789678573608398
2.2002203464508057
2.031001091003418
2.0791633129119873
1.2022780179977417
1.263878583908081
2.13395619392395
1.8842741250991821
1.2976717948913574
1.877431035041809
0.9189793467521667
1.1578022241592407
1.9857633113861084
1.6270924806594849
1.707281470298767
1.0847736597061157
1.234688401222229
1.3967095613479614
1.577598214149475
1.2835533618927002
1.806638240814209
2.1588516235351562
1.6992511749267578
1.7123854160308838
1.51681649684906
1.8316140174865723
0.8212020993232727
2.106745719909668
1.4511191844940186
1.0325969457626343
1.1794289350509644
1.724063754081726
1.0982853174209595
2.053914785385132
1.1288766860961914
1.7083731889724731
1.1150985956192017
1.2237311601638794
1.8050676584243774
