108.28211975097656
112.46516418457031
113.81575775146484
133.1978302001953
153.90013122558594
138.49755859375
120.62214660644531
144.01986694335938
134.31124877929688
130.47796630859375
146.7272186279297
143.63169860839844
143.9950714111328
122.52474212646484
118.90487670898438
149.90855407714844
125.73358917236328
145.40081787109375
131.02859497070312
144.2000732421875
127.19293975830078
144.83859252929688
155.656494140625
127.44119262695312
136.5922088623047
142.6114044189453
139.6581268310547
145.29803466796875
111.31359100341797
146.93463134765625
141.50640869140625
122.52283477783203
137.69593811035156
137.55514526367188
91.58390045166016
142.32534790039062
138.57504272460938
133.50274658203125
138.0110626220703
125.39208984375
122.97959899902344
150.58448791503906
135.14462280273438
135.16400146484375
124.56493377685547
138.81651306152344
121.78141784667969
134.46163940429688
125.77601623535156
127.1898193359375
117.19434356689453
120.58407592773438
128.19833374023438
119.90788269042969
117.48517608642578
119.4490737915039
123.01321411132812
136.17529296875
113.68183135986328
125.72393798828125
127.53217315673828
101.56442260742188
113.2704086303711
115.16175079345703
100.42390441894531
119.17293548583984
91.10208892822266
92.0370101928711
98.14462280273438
82.18798828125
99.6548080444336
80.01824188232422
86.6026611328125
91.53620147705078
83.7706298828125
70.29287719726562
72.22447204589844
71.58843994140625
67.59184265136719
69.22148895263672
67.2657470703125
54.79521560668945
52.12053298950195
52.4574089050293
50.45336151123047
46.65104675292969
44.814640045166016
43.22877883911133
46.6734504699707
36.73859786987305
34.457786560058594
38.994441986083984
35.15985870361328
32.60962677001953
31.133174896240234
31.709646224975586
35.662330627441406
29.733238220214844
27.944164276123047
28.949914932250977
26.840476989746094
27.413869857788086
24.927690505981445
26.88268280029297
23.31543731689453
23.2056827545166
21.241289138793945
22.294111251831055
19.20810890197754
18.513076782226562
17.018508911132812
16.252614974975586
16.76053237915039
14.19244384765625
13.736028671264648
13.1654691696167
11.33887004852295
11.468371391296387
10.243250846862793
8.50757884979248
8.68877124786377
7.611959934234619
8.403587341308594
7.523926258087158
5.671831130981445
5.595686912536621
5.103786945343018
4.307178020477295
4.508145332336426
4.1579084396362305
3.7519943714141846
3.25069522857666
3.6980767250061035
3.7262978553771973
3.6168229579925537
3.287994861602783
3.2101547718048096
3.453453779220581
3.0578200817108154
2.897489309310913
2.7207274436950684
3.1123909950256348
2.846719264984131
3.0049638748168945
3.104045867919922
2.663001775741577
2.8062877655029297
2.6075987815856934
2.8358449935913086
2.7938778400421143
2.5932321548461914
2.577700614929199
2.1442463397979736
2.6846084594726562
2.4917173385620117
2.4846558570861816
2.710994243621826
2.562610149383545
2.255702257156372
2.4687297344207764
2.5049517154693604
2.2344274520874023
2.3402891159057617
2.1389052867889404
2.282196044921875
2.4368860721588135
2.1863110065460205
1.841546654701233
2.492744207382202
2.2446908950805664
1.9251738786697388
2.1730282306671143
1.981135606765747
2.278006076812744
2.418581008911133
2.32358717918396
2.673889636993408
2.156991958618164
2.3540966510772705
2.112562894821167
2.0546364784240723
2.417154312133789
2.2679543495178223
2.087202310562134
2.2845394611358643
2.186227321624756
1.856041669845581
2.1024980545043945
1.9633580446243286
2.162332057952881
2.1205480098724365
2.027353286743164
2.172989845275879
2.0892398357391357
2.1591908931732178
1.5467325448989868
1.831132411956787
2.1391656398773193
2.203399181365967
2.1043381690979004
2.0613911151885986
2.108802080154419
2.002272844314575
2.0826117992401123
1.9973325729370117
1.995330810546875
1.9872034788131714
2.2340149879455566
1.9124630689620972
1.8132253885269165
2.0209813117980957
1.69782555103302
1.9459832906723022
1.9778790473937988
2.0749690532684326
2.1830737590789795
1.972491979598999
2.069603443145752
1.870064616203308
1.85355544090271
2.0684945583343506
1.7110456228256226
1.9498578310012817
1.8968889713287354
1.7421393394470215
1.8315812349319458
1.8065013885498047
1.9360747337341309
2.0265815258026123
2.0046653747558594
1.7753440141677856
2.1079773902893066
1.885461688041687
1.7957528829574585
2.0193400382995605
1.8106540441513062
1.9581178426742554
1.6210025548934937
1.9865747690200806
1.821747899055481
1.8805238008499146
1.681122899055481
1.6188249588012695
1.9189099073410034
2.040024995803833
1.9704344272613525
1.9861725568771362
1.9091242551803589
1.878771424293518
1.8363460302352905
1.9727692604064941
1.81721830368042
1.833519458770752
1.7881733179092407
1.8364006280899048
1.6488490104675293
1.7684948444366455
1.7255076169967651
1.7817301750183105
1.7843886613845825
1.7023128271102905
1.689980387687683
1.7952134609222412
1.9710822105407715
1.6461471319198608
1.9197282791137695
1.8812705278396606
1.8052008152008057
1.8819036483764648
1.525118112564087
1.7243534326553345
1.8268052339553833
1.6494497060775757
1.584206223487854
1.6829640865325928
1.8053265810012817
1.941416621208191
1.6575453281402588
2.3049163818359375
1.6360715627670288
1.754396677017212
1.7154016494750977
1.732542872428894
1.7567696571350098
1.5669612884521484
1.7349790334701538
1.7670464515686035
1.7495414018630981
1.8749641180038452
1.6239356994628906
1.753678560256958
1.5922702550888062
1.7242603302001953
1.6136566400527954
1.6911559104919434
1.6936427354812622
1.7961881160736084
1.768673062324524
1.703612208366394
1.7564101219177246
1.6928715705871582
1.6787736415863037
1.683523416519165
1.567166805267334
1.6263577938079834
1.591010332107544
1.6923394203186035
1.747154951095581
1.837420105934143
1.543886661529541
1.6206660270690918
1.5481685400009155
1.7796884775161743
1.8260458707809448
1.356767177581787
1.5655723810195923
1.4331674575805664
1.4540270566940308
1.590766191482544
1.7840763330459595
1.5921839475631714
1.5549710988998413
1.469650149345398
1.5085233449935913
1.720186471939087
1.580148696899414
1.4751355648040771
1.4679405689239502
1.4854785203933716
1.7000281810760498
1.6475868225097656
1.4796559810638428
1.374119758605957
1.5805097818374634
1.605306625366211
1.6372288465499878
1.5286056995391846
1.3747018575668335
1.5795421600341797
1.3888909816741943
1.3064665794372559
1.6254379749298096
1.4545180797576904
1.6028401851654053
1.5505127906799316
1.5465513467788696
1.3180513381958008
1.5959056615829468
1.4195202589035034
1.288988471031189
1.6181387901306152
1.4954066276550293
1.4508717060089111
1.4995992183685303
1.7984639406204224
1.4128303527832031
1.3455151319503784
1.2329715490341187
1.5468615293502808
1.5243926048278809
1.561079502105713
1.5009428262710571
1.442290186882019
1.3964507579803467
1.5195516347885132
1.5587822198867798
1.5105539560317993
1.4297236204147339
1.5082215070724487
1.4984211921691895
1.2939499616622925
1.593660593032837
1.5725836753845215
1.5413198471069336
1.6519562005996704
1.1460601091384888
1.5551458597183228
1.5206342935562134
1.5366199016571045
1.5314252376556396
1.4981449842453003
1.3045251369476318
1.4647164344787598
1.4374548196792603
1.5222277641296387
1.403670072555542
1.4146300554275513
1.6762477159500122
1.2499182224273682
1.4668136835098267
1.3754335641860962
1.506437063217163
1.5217422246932983
1.4404107332229614
1.5214979648590088
1.5051671266555786
1.3251917362213135
1.4812602996826172
1.371604084968567
1.459492564201355
1.3257355690002441
1.4305174350738525
1.47952139377594
1.6217916011810303
1.4531558752059937
1.4537115097045898
1.3373273611068726
1.401448369026184
1.4969720840454102
1.4937858581542969
1.4516597986221313
1.3073076009750366
1.5005639791488647
1.2456072568893433
1.415726900100708
1.3140169382095337
1.3692436218261719
1.3319052457809448
1.4509162902832031
1.5322004556655884
1.3507583141326904
1.4247748851776123
1.4223812818527222
1.3504858016967773
1.29049813747406
1.5030008554458618
1.4472806453704834
1.3898625373840332
1.3771544694900513
1.488518238067627
1.4270895719528198
1.326094388961792
1.508996844291687
1.3766636848449707
0.9811416268348694
1.2163572311401367
1.2853505611419678
1.3040916919708252
1.276726484298706
1.159129023551941
1.245643138885498
1.4384386539459229
0.9810137152671814
1.3129535913467407
1.382078766822815
1.3852832317352295
1.357633113861084
1.192908763885498
1.4201159477233887
1.2736619710922241
1.3129241466522217
1.391739010810852
1.2504379749298096
1.363939881324768
1.2407000064849854
1.2924665212631226
1.3711637258529663
1.241530179977417
1.3296897411346436
1.4162931442260742
1.398430585861206
1.4150738716125488
1.3818475008010864
1.382203459739685
1.3776506185531616
1.3652759790420532
1.3865830898284912
1.3561773300170898
1.3549977540969849
1.2269182205200195
1.3356846570968628
1.3047571182250977
1.423284649848938
1.3354068994522095
1.2731832265853882
1.234579086303711
1.2431260347366333
1.263350009918213
1.3166639804840088
1.2774970531463623
1.2442705631256104
1.267748475074768
1.3722401857376099
1.1759462356567383
1.1574575901031494
1.3674237728118896
1.3605035543441772
1.3376318216323853
1.2295688390731812
1.2301156520843506
1.3495020866394043
1.193421721458435
1.2154556512832642
1.245324730873108
1.3189620971679688
1.3271830081939697
1.2296669483184814
1.1661325693130493
1.2626138925552368
1.1870030164718628
1.3086156845092773
1.3273265361785889
1.248558759689331
1.1633610725402832
1.294294834136963
1.3043782711029053
1.2097114324569702
1.0759140253067017
1.3236457109451294
1.1736021041870117
1.1444683074951172
1.0949673652648926
1.2192716598510742
1.1701099872589111
1.3108919858932495
1.2887520790100098
1.1676156520843506
1.1915032863616943
1.3180381059646606
1.0920480489730835
1.2730921506881714
1.1243627071380615
1.2197237014770508
1.1585146188735962
1.117369294166565
1.3123716115951538
1.248265027999878
1.0602585077285767
1.3049308061599731
1.1846555471420288
1.2686216831207275
1.2796893119812012
1.2230452299118042
1.3414053916931152
1.2742472887039185
1.17499840259552
1.2325913906097412
1.2514206171035767
1.2491886615753174
1.3005917072296143
1.0077332258224487
1.2936418056488037
1.2890949249267578
1.1771999597549438
1.1528141498565674
1.0407229661941528
1.1331257820129395
1.0606194734573364
1.2858078479766846
1.277199387550354
1.2742091417312622
1.2144204378128052
1.2494345903396606
1.1361417770385742
1.2426611185073853
1.0985379219055176
1.1881730556488037
1.0656194686889648
1.251928448677063
1.30813467502594
1.1176127195358276
1.2710440158843994
1.160452127456665
0.992220938205719
1.2419817447662354
1.1491495370864868
1.318873405456543
1.1154253482818604
1.0942453145980835
1.301939845085144
1.261122465133667
1.2887312173843384
1.1891382932662964
1.1185219287872314
1.0078299045562744
1.2244389057159424
1.2704966068267822
1.1369894742965698
1.0339725017547607
1.1652384996414185
1.299477219581604
1.2365258932113647
1.1870641708374023
1.2258591651916504
1.2823724746704102
1.1884701251983643
1.2513428926467896
1.1902769804000854
1.0704675912857056
1.1939507722854614
1.244080901145935
1.2687970399856567
1.2385046482086182
1.0893832445144653
1.1283888816833496
1.193400502204895
1.1028926372528076
0.8829374313354492
1.1661843061447144
1.11263108253479
1.170685887336731
1.1091865301132202
1.0966358184814453
0.8825458884239197
1.2008346319198608
1.1811420917510986
1.238709807395935
1.2047457695007324
1.1934541463851929
1.003759741783142
1.109382152557373
1.1487390995025635
1.0247019529342651
1.188035488128662
1.2298890352249146
0.9916921257972717
1.1585140228271484
1.0034798383712769
1.2155286073684692
1.1142202615737915
1.1971549987792969
1.1121193170547485
1.211061716079712
1.0797028541564941
0.9216412305831909
1.1169459819793701
1.223539113998413
1.0543955564498901
1.0449143648147583
1.1951676607131958
1.2133235931396484
1.2291861772537231
0.9842215180397034
1.0754470825195312
1.1239745616912842
1.1228245496749878
1.0978208780288696
0.8695592880249023
1.1714273691177368
1.156982183456421
1.0440444946289062
1.1976522207260132
1.0805256366729736
1.0508688688278198
1.0880038738250732
1.1094669103622437
1.1865084171295166
1.1855813264846802
1.0769134759902954
0.9805765151977539
1.1736048460006714
1.1591551303863525
1.0207273960113525
0.996796190738678
1.013327717781067
1.1636996269226074
1.198858618736267
1.136245846748352
1.0800719261169434
0.9984926581382751
1.19395112991333
1.122955322265625
1.046995997428894
1.1855504512786865
1.2093510627746582
1.1747492551803589
1.1735769510269165
1.1422648429870605
1.0278706550598145
1.142822504043579
1.0492452383041382
1.2023694515228271
1.0374022722244263
1.0196707248687744
1.102937936782837
1.164052128791809
1.1233208179473877
1.151112675666809
1.136757493019104
1.0580750703811646
1.0601742267608643
1.136515736579895
0.9213998317718506
1.062883973121643
1.1202874183654785
1.1439783573150635
1.058195948600769
0.9795917868614197
1.1734671592712402
1.1344794034957886
1.1306920051574707
0.9916226863861084
1.089078664779663
1.358780860900879
1.1272507905960083
1.1232963800430298
1.0509599447250366
1.1751134395599365
1.0739881992340088
1.0423147678375244
0.8174286484718323
1.1522387266159058
1.1206008195877075
1.1376302242279053
0.9663398265838623
1.0145426988601685
1.1066958904266357
1.142555832862854
1.0757859945297241
1.1638920307159424
1.1367692947387695
1.1212986707687378
0.8705902695655823
1.0225070714950562
1.124735951423645
1.0547590255737305
1.1244956254959106
1.051858901977539
1.1160932779312134
1.1326385736465454
1.1142253875732422
1.1473965644836426
1.1132110357284546
1.1244909763336182
1.153077244758606
1.00408935546875
1.0140210390090942
1.140071988105774
1.1473300457000732
0.9239736199378967
1.03379487991333
1.1442867517471313
0.8242232203483582
1.0643662214279175
1.0177338123321533
1.015278697013855
1.0240075588226318
1.134386658668518
1.1481609344482422
1.1076747179031372
1.088131308555603
1.0371185541152954
1.0148969888687134
0.9937257766723633
1.1267892122268677
1.105271816253662
1.1228995323181152
1.1130810976028442
1.1277798414230347
1.0000181198120117
0.8278775811195374
1.0853562355041504
1.0961151123046875
1.0933762788772583
1.1181716918945312
1.0391916036605835
1.073756217956543
1.0867481231689453
0.9298338294029236
1.0386658906936646
0.9138389229774475
1.061376929283142
1.0191947221755981
1.0858302116394043
1.1232011318206787
1.0622801780700684
1.060930609703064
1.0418893098831177
1.0055079460144043
1.0449987649917603
0.8291221261024475
0.9470161199569702
1.1347743272781372
1.0357985496520996
1.13948655128479
1.0234733819961548
1.0666311979293823
0.9541182518005371
0.836334228515625
1.0990406274795532
1.1533534526824951
1.1008111238479614
1.0834439992904663
1.0677013397216797
1.1091996431350708
0.9925510883331299
0.9367672204971313
1.1101876497268677
0.7889478206634521
1.0954532623291016
1.0829671621322632
0.914519727230072
1.0928822755813599
0.9950284957885742
1.0787780284881592
0.7935108542442322
1.091862440109253
0.8768350481987
1.1108843088150024
1.022602915763855
0.9929587841033936
1.1111193895339966
0.9922586679458618
0.9948315620422363
0.9880715012550354
0.9680668711662292
1.1028708219528198
0.9527618288993835
1.0555622577667236
1.1012251377105713
1.087451457977295
1.0221863985061646
0.8526328802108765
1.0333760976791382
0.7988831400871277
0.9112464189529419
1.0091028213500977
0.7506428360939026
1.0902478694915771
0.9691240787506104
0.8423265814781189
1.0785131454467773
0.9085627198219299
0.9364235401153564
1.0735749006271362
1.0500223636627197
0.9930520057678223
1.0973225831985474
1.0953556299209595
0.955483615398407
0.9629639983177185
0.9928354620933533
1.0813809633255005
1.078038215637207
0.995622992515564
1.0061143636703491
1.0950446128845215
0.9527525901794434
0.9313617944717407
1.0163615942001343
1.0752614736557007
1.0850144624710083
0.8952247500419617
0.9141528010368347
0.8390000462532043
1.0284823179244995
0.9774975180625916
1.039881706237793
1.0893763303756714
0.8860819339752197
0.9998998641967773
1.0349602699279785
1.034466028213501
1.0333327054977417
0.800354540348053
1.0080418586730957
1.0771697759628296
0.9099354147911072
1.0529898405075073
1.05271315574646
0.9805993437767029
0.9591440558433533
1.0010185241699219
0.9534553289413452
1.0671098232269287
1.025892734527588
1.0608909130096436
1.0392738580703735
1.061050295829773
0.9332623481750488
0.9542909860610962
1.0473648309707642
0.7751230001449585
1.0278695821762085
0.8837777972221375
0.9930518269538879
1.0344839096069336
1.0467252731323242
1.0462565422058105
1.0322648286819458
0.877644956111908
0.959485650062561
1.0431805849075317
0.9572267532348633
1.0109684467315674
1.011264681816101
1.0130459070205688
0.9737334847450256
0.9319664835929871
1.047694444656372
1.0211105346679688
1.0238046646118164
0.8662816286087036
1.0519481897354126
0.9763496518135071
0.9503524303436279
0.9814298748970032
1.0216671228408813
1.0310354232788086
0.9819393157958984
0.9714339375495911
1.0028408765792847
0.9080325365066528
0.9438968300819397
1.0051273107528687
1.0163646936416626
1.0102683305740356
0.940052330493927
0.9468216896057129
0.9524130821228027
0.9965633749961853
0.9302644729614258
0.8971035480499268
0.9399155974388123
0.8453696966171265
0.8910818099975586
0.9729620814323425
0.8212007284164429
0.9603560566902161
0.9927792549133301
0.7676634192466736
0.890638530254364
0.9994611144065857
0.8152535557746887
0.8212451338768005
1.0112518072128296
0.9541373252868652
0.8328697681427002
0.9265697002410889
0.8489605188369751
0.849823534488678
0.9242091774940491
0.900210440158844
0.8462111353874207
0.9375430345535278
0.7431991100311279
0.8918018937110901
0.8021991848945618
0.8682913780212402
0.8327741026878357
0.7874756455421448
0.754814624786377
0.8788414001464844
0.7315068244934082
0.8148251175880432
0.8477776646614075
0.8136343359947205
0.8835113048553467
0.7414237856864929
0.8436728715896606
0.8196378946304321
0.8445472717285156
0.8817384839057922
0.7720125913619995
0.8612618446350098
0.8139527440071106
0.7745901346206665
0.8231183886528015
0.9202451109886169
0.7942323684692383
0.8347729444503784
0.7854971885681152
0.7592487335205078
0.8184693455696106
0.6849277019500732
0.7650859951972961
0.7804693579673767
0.8619423508644104
0.7011289596557617
0.8316642642021179
0.7962318658828735
0.7195526361465454
0.7490079998970032
0.7692127227783203
0.7324169874191284
0.8020613789558411
0.813118577003479
0.7045388221740723
0.8110076785087585
0.7370383739471436
0.773729681968689
0.7148861885070801
0.8212361931800842
0.7683410048484802
0.8136751651763916
0.6551679372787476
0.7146121263504028
0.7102954983711243
0.798080325126648
0.7695621848106384
0.7280183434486389
0.769111156463623
0.787811279296875
0.7903091907501221
0.8349804878234863
0.7724383473396301
0.7938352823257446
0.61539626121521
0.758998692035675
0.7762550711631775
0.6616990566253662
0.7554784417152405
0.7657472491264343
0.7517098188400269
0.7885419130325317
0.7447784543037415
0.7622069120407104
0.7728136777877808
0.8007321357727051
0.6887996196746826
0.6770955920219421
0.6596934795379639
0.7276015281677246
0.6990823149681091
0.75627601146698
0.6657856106758118
0.7281981706619263
0.7367803454399109
0.7790886163711548
0.7516567707061768
0.7046642303466797
0.7377155423164368
0.7346810102462769
0.7533496618270874
0.7555007934570312
0.712204098701477
0.6964017152786255
0.6567685604095459
0.7572229504585266
0.6778330206871033
0.7378160953521729
0.7163093090057373
0.7771722078323364
0.7421486377716064
0.756837785243988
0.6802821159362793
0.6963047981262207
0.7553479075431824
0.7387509942054749
0.7114802598953247
0.6513548493385315
0.7083023190498352
0.7000528573989868
0.7058693766593933
0.7697979211807251
0.5986647605895996
0.7296791076660156
0.6889566779136658
0.7112565040588379
0.6927982568740845
0.6748729944229126
0.6783983111381531
0.5931768417358398
0.662204384803772
0.7019991874694824
0.7356188297271729
0.7428451776504517
0.6510975360870361
0.7515944242477417
0.6717178225517273
0.6527671813964844
0.7460405826568604
0.7382663488388062
0.7846469879150391
0.7029433250427246
0.7102241516113281
0.6947368383407593
0.726976215839386
0.7189308404922485
0.6809431314468384
0.5891047120094299
0.658200740814209
0.7202662229537964
0.7165981531143188
0.7512578368186951
0.6246939301490784
0.6314805150032043
0.7195777297019958
0.7309339046478271
0.6738708019256592
0.635778546333313
0.6172279119491577
0.7361226677894592
0.7325748205184937
0.6981460452079773
0.687004566192627
0.7086064219474792
0.7101275324821472
0.7058019042015076
0.721506655216217
0.7215059399604797
0.6579976081848145
0.6886606216430664
0.7179499864578247
0.672465443611145
0.7551044225692749
0.7205815315246582
0.5718353986740112
0.6973495483398438
0.721027135848999
0.730361819267273
0.734293520450592
0.7041183114051819
0.7038261890411377
0.7415400147438049
0.6433264017105103
0.6723086833953857
0.7115841507911682
0.6030281782150269
0.6759471893310547
0.7098575234413147
0.7027151584625244
0.6776168942451477
0.5609387159347534
0.6510782241821289
0.6163038015365601
0.7378976941108704
0.6758669018745422
0.711397111415863
0.7134562730789185
0.6299116611480713
0.7105007767677307
0.6352463960647583
0.690633237361908
0.6889618039131165
0.7052049040794373
0.5608445405960083
0.6503641605377197
0.6920592784881592
0.6624839901924133
0.6539955139160156
0.7016260623931885
0.6933752298355103
0.698357343673706
0.7152780294418335
0.6261487603187561
0.6261067986488342
0.6918497085571289
0.731052041053772
0.6278740167617798
0.6478920578956604
0.5859588980674744
0.6262450218200684
0.6946679949760437
0.6993579268455505
0.6061350107192993
0.6709164381027222
0.5950730443000793
0.7077839970588684
0.6894376873970032
0.6704759001731873
0.6591193079948425
0.6736510396003723
0.5926507115364075
0.6496987342834473
0.7001946568489075
0.6629000902175903
0.661469042301178
0.6758713722229004
0.6631225943565369
0.6005409955978394
0.6559140682220459
0.6640032529830933
0.6938393115997314
0.6837393045425415
0.6977882981300354
0.6218981742858887
0.7058920860290527
0.5336653590202332
0.6868183016777039
0.6221100091934204
0.6865087747573853
0.6690951585769653
0.7002577781677246
0.6360971927642822
0.7227569222450256
