224.10421752929688
223.3616485595703
216.6082000732422
222.22146606445312
217.712158203125
215.7248077392578
218.5569610595703
215.49722290039062
220.39236450195312
218.3394775390625
220.6614227294922
224.51022338867188
214.79815673828125
216.52099609375
218.7998046875
216.1696014404297
222.31300354003906
215.8799591064453
214.32366943359375
213.07821655273438
222.26278686523438
219.19483947753906
216.61911010742188
214.95115661621094
209.6261444091797
214.95709228515625
212.85147094726562
215.64892578125
212.0604248046875
211.8213348388672
205.7989501953125
208.57965087890625
208.94134521484375
209.661865234375
209.3815155029297
207.13613891601562
202.4546356201172
206.51663208007812
209.24740600585938
203.18255615234375
198.83282470703125
200.96221923828125
203.27822875976562
206.51150512695312
192.8039093017578
192.04371643066406
201.5514678955078
198.18133544921875
199.5174102783203
190.62486267089844
190.35411071777344
193.9622039794922
188.0719757080078
192.34695434570312
191.76364135742188
185.85923767089844
187.18875122070312
185.46165466308594
183.7929229736328
173.85008239746094
179.04969787597656
176.8654327392578
173.61178588867188
160.74929809570312
170.7620391845703
165.60751342773438
162.6024932861328
166.04759216308594
155.8871612548828
161.95819091796875
153.1671600341797
149.62155151367188
146.65530395507812
143.2865447998047
138.93264770507812
136.6846160888672
131.0726776123047
129.06842041015625
119.63926696777344
120.53923797607422
114.32331848144531
111.44161224365234
105.49605560302734
98.5638198852539
94.65957641601562
92.39382934570312
89.7060317993164
89.12969970703125
84.03563690185547
81.29985046386719
79.02915954589844
78.9140396118164
77.48563385009766
76.07400512695312
73.2621841430664
70.0599136352539
69.143310546875
68.03397369384766
65.73177337646484
63.95623779296875
62.12469482421875
60.28729248046875
58.03498077392578
57.1175422668457
55.26980209350586
53.454864501953125
50.57636642456055
49.902099609375
49.21751403808594
46.68429183959961
45.95301055908203
43.705928802490234
43.04733657836914
41.90985870361328
40.28251647949219
38.53806686401367
36.81320571899414
35.31740951538086
34.88381576538086
33.07200622558594
31.770511627197266
30.267030715942383
29.10438346862793
28.231409072875977
26.607666015625
26.160768508911133
25.257570266723633
24.166732788085938
23.511001586914062
22.560550689697266
21.743755340576172
20.646751403808594
20.160547256469727
19.294151306152344
18.579626083374023
17.74313735961914
17.031625747680664
16.73653793334961
16.152973175048828
15.736963272094727
15.522791862487793
14.988968849182129
14.694838523864746
14.34810733795166
13.97824478149414
13.886734008789062
13.421670913696289
13.316373825073242
12.646403312683105
12.774334907531738
12.298641204833984
12.13180923461914
11.784387588500977
11.584885597229004
11.397574424743652
11.166913986206055
10.976312637329102
10.688530921936035
10.685293197631836
10.441583633422852
10.467009544372559
10.196246147155762
10.164626121520996
9.97506332397461
9.848339080810547
9.759663581848145
9.682098388671875
9.52470588684082
9.31900405883789
9.259506225585938
9.366816520690918
9.034112930297852
8.840343475341797
8.70992660522461
8.702692985534668
8.683423042297363
8.649983406066895
8.565881729125977
8.40330696105957
8.366983413696289
8.391356468200684
8.088828086853027
8.195992469787598
8.222580909729004
7.785152912139893
7.884340286254883
7.77875280380249
7.793298721313477
7.663354396820068
7.44541597366333
7.506447792053223
7.3912882804870605
7.254265308380127
7.2292351722717285
7.015928745269775
7.12987756729126
6.926571846008301
6.891336917877197
6.901443004608154
6.709174633026123
6.840154647827148
6.641681671142578
6.551857948303223
6.5294928550720215
6.637888431549072
6.281140327453613
6.368570804595947
6.143131256103516
6.181266784667969
6.234949111938477
6.069285869598389
6.070154190063477
6.016796588897705
5.869185447692871
5.763615608215332
6.029805660247803
5.757775783538818
5.673645496368408
5.662744998931885
5.612868309020996
5.516394138336182
5.56545352935791
5.523205757141113
5.3688836097717285
5.4844279289245605
5.3065338134765625
5.267751693725586
5.2935943603515625
5.260061740875244
5.368314266204834
5.314459323883057
5.127042770385742
5.332858085632324
5.06557559967041
5.072892189025879
5.139336109161377
5.05779504776001
5.007027626037598
5.024264335632324
4.87420654296875
5.001392364501953
5.149903774261475
4.9080376625061035
4.963425636291504
4.949367523193359
4.889516830444336
4.784782409667969
4.737296104431152
4.7977705001831055
4.877555847167969
4.665620803833008
4.774682521820068
4.787722110748291
4.785147190093994
4.6233978271484375
4.619887351989746
4.700500965118408
4.802627086639404
4.889144420623779
4.765328407287598
4.643205642700195
4.672671318054199
4.838393688201904
4.687169551849365
4.675846576690674
4.594603538513184
4.445788383483887
4.478550434112549
4.503789901733398
4.621741771697998
4.704336643218994
4.3531365394592285
4.390271186828613
4.380583763122559
4.4413228034973145
4.3393073081970215
4.331894874572754
4.394481658935547
4.454189300537109
4.287353515625
4.4828691482543945
4.282195091247559
4.278543949127197
4.240377426147461
4.174921989440918
4.243076801300049
4.163092136383057
4.118176460266113
4.154565334320068
4.195213794708252
4.070861339569092
4.199613094329834
4.129213809967041
3.965533971786499
4.072100639343262
3.99312162399292
4.144169330596924
4.290768146514893
3.9977221488952637
4.120996952056885
4.0311503410339355
3.9990129470825195
3.899627685546875
3.8673243522644043
4.064356327056885
3.916355609893799
3.8529701232910156
3.906003952026367
3.7779643535614014
3.9018735885620117
3.8733885288238525
3.7241454124450684
3.6888303756713867
3.781015157699585
3.8427634239196777
3.72408127784729
3.661454439163208
3.706697940826416
3.669616460800171
3.564668655395508
3.677595615386963
3.576281785964966
3.621198892593384
3.612220048904419
3.674160957336426
3.5733046531677246
3.497901439666748
3.506476879119873
3.4960033893585205
3.659559965133667
3.4873502254486084
3.557435989379883
3.740501880645752
3.504380702972412
3.5009148120880127
3.470566511154175
3.5462288856506348
3.478172779083252
3.413083791732788
3.5329182147979736
3.3900225162506104
3.3578643798828125
3.4835140705108643
3.3256866931915283
3.3522884845733643
3.3235299587249756
3.34869384765625
3.382805109024048
3.2575762271881104
3.3375778198242188
3.2369821071624756
3.315960645675659
3.3633172512054443
3.2907965183258057
3.2507119178771973
3.2315025329589844
3.1944925785064697
3.308537006378174
3.260857343673706
3.158118963241577
3.2551825046539307
3.202730178833008
3.166672468185425
3.185203790664673
3.1892035007476807
3.1163198947906494
3.089942455291748
3.065305709838867
3.1569809913635254
3.0162768363952637
3.1632699966430664
3.1052284240722656
3.08837890625
3.0026488304138184
3.0807504653930664
3.020545721054077
3.084564208984375
3.0237934589385986
3.002730131149292
2.962350368499756
3.0203049182891846
2.915822982788086
2.9541804790496826
2.88057804107666
2.927844762802124
2.917288064956665
2.8908116817474365
2.911970853805542
2.9689435958862305
2.8971455097198486
2.948115825653076
2.9476771354675293
2.928374767303467
2.998075008392334
2.8300271034240723
2.898911237716675
2.822909355163574
2.875838041305542
2.8193538188934326
2.852285146713257
2.8754143714904785
2.788532018661499
2.8317348957061768
2.819833278656006
2.81754994392395
2.7780909538269043
2.735279083251953
2.748713493347168
2.786309003829956
2.909163236618042
2.7536497116088867
2.858858585357666
2.8255772590637207
2.7320199012756348
2.6883764266967773
2.6570775508880615
2.740790367126465
2.7439539432525635
2.695655345916748
2.7045490741729736
2.7007651329040527
2.644984722137451
2.7236220836639404
2.7351813316345215
2.71736216545105
2.755742311477661
2.693676233291626
2.6811635494232178
2.6386494636535645
2.7423043251037598
2.623173713684082
2.5941357612609863
2.6270029544830322
2.7318217754364014
2.7259466648101807
2.5897791385650635
2.6463215351104736
2.6810264587402344
2.5445199012756348
2.639476776123047
2.6080315113067627
2.6770083904266357
2.6619527339935303
2.546839714050293
2.5495734214782715
2.520115375518799
2.583075761795044
2.5523476600646973
2.5997555255889893
2.564912796020508
2.506194591522217
2.635615587234497
2.491774082183838
2.5306434631347656
2.467006206512451
2.5405681133270264
2.5856430530548096
2.544678211212158
2.495307207107544
2.5081050395965576
2.508537769317627
2.481755018234253
2.449920654296875
2.411783218383789
2.442075252532959
2.462292194366455
2.4326303005218506
2.6530187129974365
2.508735179901123
2.4482955932617188
2.455505132675171
2.4193785190582275
2.519252300262451
2.4184982776641846
2.4392778873443604
2.4301095008850098
2.481236457824707
2.4400951862335205
2.417595148086548
2.4761345386505127
2.3973398208618164
2.408323049545288
2.4014248847961426
2.4484145641326904
2.3969833850860596
2.379807710647583
2.416135549545288
2.4036309719085693
2.3610005378723145
2.5368094444274902
2.366649866104126
2.4352915287017822
2.4789183139801025
2.335317373275757
2.3891971111297607
2.380667209625244
2.3445398807525635
2.3918697834014893
2.370297431945801
2.3704068660736084
2.3498647212982178
2.292259931564331
2.3096401691436768
2.309770107269287
2.4803853034973145
2.2838377952575684
2.291353225708008
2.3105249404907227
2.3240127563476562
2.386653184890747
2.296605110168457
2.324869394302368
2.3137199878692627
2.359368085861206
2.2653486728668213
2.290205240249634
2.2945950031280518
2.318338632583618
2.287572145462036
2.2792205810546875
2.2824783325195312
2.2444570064544678
2.2243142127990723
2.298646926879883
2.2063522338867188
2.2727582454681396
2.209782600402832
2.2120022773742676
2.2597503662109375
2.2249374389648438
2.252340793609619
2.3230018615722656
2.293088912963867
2.2170257568359375
2.228325366973877
2.2771263122558594
2.294541358947754
2.258084535598755
2.224720001220703
2.1700263023376465
2.232577085494995
2.2645010948181152
2.1976318359375
2.228878974914551
2.2139017581939697
2.2741622924804688
2.1451165676116943
2.1569063663482666
2.189222574234009
2.2939023971557617
2.171055555343628
2.307380437850952
2.1613662242889404
2.152589797973633
2.178875207901001
2.1316275596618652
2.1937780380249023
2.1647725105285645
2.168545722961426
2.2056262493133545
2.1625590324401855
2.1641314029693604
2.1520352363586426
2.153992176055908
2.131462335586548
2.13375186920166
2.2108280658721924
2.1713645458221436
2.2164089679718018
2.116274833679199
2.1407406330108643
2.159050703048706
2.138111114501953
2.0914087295532227
2.125910520553589
2.129223585128784
2.0664656162261963
2.093426465988159
2.116966724395752
2.1431586742401123
2.144810438156128
2.1159021854400635
2.1443939208984375
2.159789800643921
2.2094242572784424
2.133197069168091
2.1356489658355713
2.13281512260437
2.1567704677581787
2.068530321121216
2.03946590423584
2.0915257930755615
2.0565454959869385
2.173156261444092
2.0561599731445312
2.0322446823120117
2.1341700553894043
2.113351583480835
2.0613558292388916
2.1042726039886475
2.0897843837738037
2.077030897140503
2.058950901031494
2.021103620529175
2.036205768585205
2.1097898483276367
2.068918228149414
2.03585147857666
2.13063907623291
2.010694742202759
2.151686906814575
2.096571683883667
2.0553195476531982
2.0774831771850586
2.0687434673309326
2.093785524368286
2.035181999206543
2.035676956176758
2.0912365913391113
2.0174601078033447
1.984283208847046
2.0765652656555176
2.052388906478882
2.056863784790039
2.12335467338562
2.1406679153442383
2.016618251800537
1.9883047342300415
2.0588555335998535
1.9748950004577637
2.026136636734009
2.0484397411346436
1.980867624282837
2.022766351699829
2.0191729068756104
2.044257879257202
2.038498878479004
2.0082504749298096
2.1291494369506836
2.0025179386138916
2.016000270843506
1.9740760326385498
2.035238027572632
2.010685443878174
1.9895278215408325
2.060563325881958
1.9459587335586548
2.0132405757904053
1.983615517616272
2.013292074203491
2.0259978771209717
1.9662537574768066
2.0083425045013428
1.9871571063995361
1.9298654794692993
2.016450881958008
2.014214515686035
1.9721113443374634
1.9631794691085815
1.9454225301742554
1.9658819437026978
1.96703040599823
1.9714194536209106
2.0084359645843506
1.9198977947235107
1.9650291204452515
1.9569127559661865
1.9472196102142334
2.0193498134613037
1.973275899887085
2.006479501724243
1.960357427597046
1.9373606443405151
1.9600619077682495
1.9747458696365356
1.9392951726913452
2.0357491970062256
1.933192253112793
1.8943285942077637
1.9386730194091797
1.9786819219589233
1.9455550909042358
1.9801923036575317
1.9424793720245361
1.9629583358764648
1.982098937034607
1.8976306915283203
1.9302273988723755
1.9653658866882324
1.9103533029556274
1.9080348014831543
1.9580460786819458
1.9120086431503296
1.8992793560028076
1.9305191040039062
1.9184530973434448
1.9010754823684692
1.9456180334091187
2.0101523399353027
1.976633071899414
1.958471417427063
1.9697691202163696
1.9263081550598145
1.8757044076919556
1.9279974699020386
1.96554434299469
1.9222794771194458
1.8975629806518555
1.9185824394226074
1.9186354875564575
1.9278229475021362
1.933663249015808
1.9292582273483276
1.9568233489990234
1.912117838859558
1.965093970298767
1.9274756908416748
1.8779711723327637
1.9548715353012085
1.9412665367126465
1.8829989433288574
1.9626100063323975
1.9170401096343994
1.93731689453125
1.8845618963241577
1.8989505767822266
1.8842092752456665
1.8761883974075317
1.8812248706817627
2.018282651901245
1.8694244623184204
1.94627046585083
1.8936316967010498
1.9499574899673462
1.9167038202285767
1.869457483291626
1.8789924383163452
1.8439079523086548
1.9256489276885986
1.915043830871582
1.8702412843704224
1.8611924648284912
1.8786206245422363
1.897369384765625
1.9064364433288574
1.9377517700195312
1.9182813167572021
1.8844859600067139
1.8646193742752075
1.8655260801315308
1.9497454166412354
1.8543424606323242
1.8979737758636475
1.8421530723571777
1.8261390924453735
1.890773057937622
1.8688784837722778
1.8288726806640625
1.8961706161499023
1.8602591753005981
1.8617568016052246
1.8803220987319946
1.8642717599868774
1.8730720281600952
1.8400280475616455
1.8704626560211182
1.9021636247634888
1.8583444356918335
1.9407013654708862
1.8335473537445068
1.9046880006790161
1.8117903470993042
1.872867465019226
1.8755933046340942
1.8871638774871826
1.882979393005371
1.8836966753005981
1.8127473592758179
1.8537240028381348
1.878584623336792
1.8631610870361328
1.827543020248413
1.8618316650390625
1.8736594915390015
1.8616740703582764
1.7996822595596313
1.8866938352584839
1.8454357385635376
1.8246955871582031
1.8982795476913452
1.828826665878296
1.8238433599472046
1.8055458068847656
1.8375263214111328
1.8477988243103027
1.8035123348236084
1.830641746520996
1.8282465934753418
1.8518930673599243
1.8241996765136719
1.8143560886383057
1.8209245204925537
1.8442150354385376
1.8582721948623657
1.849822759628296
1.874251365661621
1.8502203226089478
1.8672183752059937
1.8870699405670166
1.8723863363265991
1.8113088607788086
1.8708789348602295
1.7961204051971436
1.8606914281845093
1.8154770135879517
1.871427059173584
1.84171724319458
1.877686858177185
1.8203068971633911
1.8626829385757446
1.8782508373260498
1.862964391708374
1.8824175596237183
1.7984519004821777
1.8393527269363403
1.8245422840118408
1.8536304235458374
1.8777272701263428
1.8113898038864136
1.8872864246368408
1.822588562965393
1.798840045928955
1.8148576021194458
1.835191011428833
1.7766109704971313
1.8206814527511597
1.8134797811508179
1.7886276245117188
1.7839117050170898
1.8703962564468384
1.8456649780273438
1.7898327112197876
1.821121335029602
1.829529047012329
1.8137179613113403
1.8490920066833496
1.8718544244766235
1.8996033668518066
1.7617062330245972
1.800837516784668
1.8409223556518555
1.7921562194824219
1.8005497455596924
1.8200688362121582
1.8637994527816772
1.7587547302246094
1.779390573501587
1.847399353981018
1.7897181510925293
1.8660815954208374
1.8326219320297241
1.772253394126892
1.8110491037368774
1.7899054288864136
1.777422547340393
1.7456583976745605
1.803283929824829
1.8671469688415527
1.7834842205047607
1.808286428451538
1.9067330360412598
1.8083044290542603
1.7644168138504028
1.8076215982437134
1.7878360748291016
1.8778650760650635
1.8107777833938599
1.7566306591033936
1.8249984979629517
1.838071584701538
1.8120033740997314
1.8484206199645996
1.7636215686798096
1.8029073476791382
1.7876008749008179
1.8187528848648071
1.8107331991195679
1.7706538438796997
1.8590978384017944
1.74504816532135
1.7884236574172974
1.772476315498352
1.8623387813568115
1.8309004306793213
1.8116240501403809
1.801105260848999
1.7846488952636719
1.8161952495574951
1.8032342195510864
1.8468762636184692
1.826886534690857
1.7942265272140503
1.8269579410552979
1.7707479000091553
1.7875391244888306
1.7522345781326294
1.8033376932144165
1.802528738975525
1.8041597604751587
1.804524540901184
1.9069709777832031
1.8185317516326904
1.8056342601776123
1.7786039113998413
1.7642971277236938
1.8336608409881592
1.9285149574279785
1.7975106239318848
1.7141939401626587
1.8240584135055542
1.799574613571167
1.7700505256652832
1.8308837413787842
1.734591007232666
1.7935112714767456
1.7721080780029297
1.7756834030151367
1.7839218378067017
1.772930383682251
1.8029621839523315
