220.83535766601562
215.78916931152344
222.36105346679688
214.70774841308594
228.0444793701172
224.5790557861328
216.36669921875
223.11024475097656
225.6106414794922
223.4191131591797
221.9713897705078
224.81517028808594
222.34996032714844
218.0364990234375
226.07264709472656
215.1562042236328
221.8058319091797
216.40248107910156
221.9547882080078
220.63270568847656
220.1270294189453
225.7943572998047
217.99786376953125
218.57008361816406
224.05213928222656
213.29498291015625
226.6891632080078
221.51812744140625
218.44631958007812
218.19720458984375
222.7286834716797
217.4139404296875
216.80520629882812
215.92239379882812
222.4344482421875
217.5943145751953
209.94247436523438
214.3828582763672
218.81028747558594
217.0543975830078
217.76239013671875
215.4055938720703
216.9658660888672
216.19442749023438
213.0053253173828
216.6028594970703
215.4951934814453
215.18649291992188
208.31536865234375
210.21136474609375
209.53982543945312
208.62086486816406
212.71823120117188
215.8249969482422
207.1113739013672
202.378173828125
206.8645782470703
202.2744140625
201.9394989013672
200.63595581054688
199.81796264648438
199.08775329589844
199.28892517089844
192.79920959472656
201.08961486816406
192.7708282470703
188.0293731689453
194.48448181152344
186.67713928222656
179.1552276611328
183.52259826660156
186.48036193847656
182.46693420410156
173.56124877929688
173.50857543945312
161.1501007080078
164.57411193847656
152.83798217773438
153.01016235351562
144.41641235351562
142.5887908935547
128.11875915527344
128.13597106933594
118.87847137451172
113.68000030517578
109.80884552001953
99.83666229248047
97.08935546875
93.24336242675781
90.95842742919922
91.2665786743164
89.37266540527344
89.21282196044922
86.21588134765625
83.01236724853516
80.0652084350586
78.14434814453125
74.926513671875
74.43988800048828
72.60420989990234
71.99495697021484
69.76543426513672
68.77025604248047
67.77857208251953
65.08551788330078
63.117820739746094
62.14060592651367
60.408695220947266
59.070404052734375
57.91764831542969
56.16876220703125
55.01337432861328
53.630496978759766
51.48293685913086
50.27099609375
48.581790924072266
45.735755920410156
44.92499542236328
43.91230392456055
42.04835891723633
39.92344665527344
38.458797454833984
37.33721160888672
34.74234390258789
33.37320327758789
31.507417678833008
30.37630271911621
28.772647857666016
27.404451370239258
25.21419906616211
24.02765655517578
22.98834228515625
22.1136417388916
20.957855224609375
19.76687240600586
19.200197219848633
18.683996200561523
17.80963897705078
17.238676071166992
16.90167999267578
16.292613983154297
15.722505569458008
15.054640769958496
14.414741516113281
14.037877082824707
13.617962837219238
13.405299186706543
13.274242401123047
12.558329582214355
12.640745162963867
12.188372611999512
12.214927673339844
11.853055953979492
11.601814270019531
11.370065689086914
11.293643951416016
10.921409606933594
10.8733549118042
10.699310302734375
10.56617259979248
10.462367057800293
10.203323364257812
10.134016036987305
9.981745719909668
9.878073692321777
9.772893905639648
9.684966087341309
9.565924644470215
9.337477684020996
9.29791259765625
9.118621826171875
9.090802192687988
8.965410232543945
8.783848762512207
8.607958793640137
8.586883544921875
8.486590385437012
8.355161666870117
8.230720520019531
8.151665687561035
8.111319541931152
7.988783836364746
7.90128755569458
7.824519157409668
7.728914260864258
7.550549507141113
7.551836013793945
7.4678802490234375
7.337099075317383
7.352870941162109
7.131058692932129
7.166172504425049
7.096136569976807
6.8531084060668945
6.766057014465332
6.778092384338379
6.659542560577393
6.609009265899658
6.474813938140869
6.529266357421875
6.494290828704834
6.531132221221924
6.273585796356201
6.2478508949279785
6.1757636070251465
6.25736665725708
5.962899208068848
6.039608478546143
6.007707595825195
5.985755443572998
5.8123908042907715
5.871862888336182
5.751347541809082
5.853231906890869
5.652256488800049
5.651123046875
5.662156581878662
5.580339431762695
5.449587345123291
5.474423885345459
5.48573112487793
5.474626064300537
5.3505706787109375
5.384765625
5.235108852386475
5.408477306365967
5.22043514251709
5.1196770668029785
5.2809319496154785
5.1335649490356445
5.190577507019043
5.0523681640625
5.023134708404541
4.9513115882873535
4.857507228851318
5.0066657066345215
4.825438499450684
4.82794189453125
4.7694549560546875
4.678770065307617
4.659830570220947
4.799821376800537
4.717225551605225
4.557071208953857
4.596867084503174
4.523725986480713
4.6162028312683105
4.585741996765137
4.493228435516357
4.6099114418029785
4.443636417388916
4.404500961303711
4.45384407043457
4.350050926208496
4.339616298675537
4.48558235168457
4.324522972106934
4.353363990783691
4.300610542297363
4.277742385864258
4.227353572845459
4.226227760314941
4.168758869171143
4.15224027633667
4.160985469818115
4.084731578826904
4.224140644073486
4.069302558898926
4.095909118652344
4.060563564300537
4.087220668792725
4.052419185638428
3.958303451538086
4.084214687347412
3.993920087814331
4.014881610870361
4.025952339172363
3.917102813720703
3.847745656967163
3.91644024848938
3.8659474849700928
3.8764374256134033
3.8609821796417236
3.8302245140075684
3.9346394538879395
3.8569705486297607
3.837902307510376
3.870716094970703
3.7999634742736816
3.7601654529571533
3.842228412628174
3.76920223236084
3.9193382263183594
3.7175729274749756
3.7433464527130127
3.6848888397216797
3.6269896030426025
3.7468624114990234
3.5230698585510254
3.6516501903533936
3.651531219482422
3.763460159301758
3.581839084625244
3.5521724224090576
3.5866689682006836
3.5300703048706055
3.471764326095581
3.5829949378967285
3.4339442253112793
3.484112501144409
3.4893479347229004
3.4763259887695312
3.329043388366699
3.3956637382507324
3.3983559608459473
3.3148064613342285
3.3083245754241943
3.3712170124053955
3.343170404434204
3.271609306335449
3.3213701248168945
3.334524393081665
3.3427300453186035
3.252720832824707
3.2596609592437744
3.2140984535217285
3.2084832191467285
3.273512601852417
3.3271484375
3.188751697540283
3.1773228645324707
3.245879650115967
3.2203898429870605
3.155085802078247
3.261265754699707
3.188138723373413
3.250612497329712
3.240936279296875
3.112856864929199
3.0962400436401367
3.151803970336914
3.105923652648926
3.106741428375244
3.0122671127319336
3.00514817237854
3.071838617324829
3.034238338470459
3.004884958267212
3.049142360687256
3.0551340579986572
2.97961688041687
3.0956685543060303
3.0420875549316406
3.0626957416534424
3.014491558074951
3.040355920791626
2.970082998275757
2.9739487171173096
2.8597826957702637
2.925300359725952
3.0260188579559326
2.925546407699585
2.8679497241973877
2.9377665519714355
2.8612165451049805
2.9241793155670166
2.9709675312042236
2.8336188793182373
2.8748254776000977
2.7897753715515137
2.7734031677246094
2.8374574184417725
2.8469462394714355
2.835829019546509
2.7306363582611084
2.737811803817749
2.801530122756958
2.792896032333374
2.762573719024658
2.7427656650543213
2.765481472015381
2.883348226547241
2.771761417388916
2.7453131675720215
2.7693352699279785
2.697683334350586
2.663665533065796
2.601435422897339
2.672187089920044
2.608168840408325
2.653153419494629
2.6675400733947754
2.703152894973755
2.694258689880371
2.609405755996704
2.6040749549865723
2.6330621242523193
2.567323923110962
2.607510805130005
2.6636924743652344
2.660691499710083
2.6067259311676025
2.6169419288635254
2.6325364112854004
2.5672426223754883
2.5685088634490967
2.4790337085723877
2.5207760334014893
2.508618116378784
2.603548288345337
2.502933979034424
2.4943807125091553
2.6035072803497314
2.5497167110443115
2.4514222145080566
2.5388598442077637
2.6523478031158447
2.5484139919281006
2.449662446975708
2.4927284717559814
2.5558927059173584
2.520967483520508
2.5185043811798096
2.4354324340820312
2.521031379699707
2.50226092338562
2.4769787788391113
2.4471402168273926
2.457404851913452
2.4636783599853516
2.452847957611084
2.4841368198394775
2.4305155277252197
2.4125235080718994
2.3889658451080322
2.3713114261627197
2.468945026397705
2.3834455013275146
2.4383161067962646
2.404928207397461
2.4338362216949463
2.3989779949188232
2.4700634479522705
2.465796947479248
2.3601789474487305
2.32761812210083
2.3583247661590576
2.3258769512176514
2.337167501449585
2.2754693031311035
2.3482065200805664
2.3909366130828857
2.3509185314178467
2.2928178310394287
2.339907169342041
2.276183843612671
2.2965095043182373
2.3064496517181396
2.2851412296295166
2.3494951725006104
2.245105743408203
2.322498321533203
2.2653324604034424
2.2813971042633057
2.220494270324707
2.2634103298187256
2.2852864265441895
2.302321672439575
2.2694523334503174
2.2636070251464844
2.2233059406280518
2.200857639312744
2.252856731414795
2.3253090381622314
2.2622673511505127
2.3137710094451904
2.177741289138794
2.2034831047058105
2.14270281791687
2.245393753051758
2.230684757232666
2.1976563930511475
2.180511236190796
2.1745669841766357
2.1558401584625244
2.1808769702911377
2.2329859733581543
2.166473627090454
2.127779722213745
2.2459356784820557
2.2355294227600098
2.1996970176696777
2.2341883182525635
2.2084460258483887
2.1103591918945312
2.200934410095215
2.1305150985717773
2.188822031021118
2.2060258388519287
2.1092000007629395
2.15571665763855
2.1597864627838135
2.125290870666504
2.174849033355713
2.186089515686035
2.219857692718506
2.17651104927063
2.1411478519439697
2.1145849227905273
2.0791175365448
2.1837892532348633
2.080533981323242
2.1225008964538574
2.1260242462158203
2.076706647872925
2.1004137992858887
2.174610137939453
2.1420814990997314
2.091651439666748
2.0564212799072266
2.0665283203125
2.038713216781616
2.0540990829467773
2.066847324371338
2.096367597579956
2.0768678188323975
2.118932008743286
2.0931992530822754
2.1008429527282715
2.054152011871338
2.1037960052490234
2.0672593116760254
2.0630717277526855
2.0812747478485107
2.0664167404174805
2.0967113971710205
2.0501596927642822
2.0825355052948
2.085893154144287
2.0984771251678467
2.067154884338379
1.9938163757324219
2.0993850231170654
2.0429039001464844
2.0641164779663086
2.045745611190796
2.008446216583252
1.9891633987426758
1.9689388275146484
2.076511859893799
1.9889004230499268
1.987113356590271
1.9784791469573975
1.990139365196228
1.9709733724594116
1.948720932006836
1.9979900121688843
2.004359722137451
2.0393686294555664
1.9472306966781616
2.055806875228882
2.053863763809204
1.9515186548233032
1.9554171562194824
1.9751592874526978
1.9535735845565796
2.0023000240325928
1.9842417240142822
2.006617307662964
1.9422658681869507
1.9296786785125732
1.9150826930999756
1.9812188148498535
1.9718852043151855
1.9462565183639526
1.9938149452209473
1.9354153871536255
1.9306304454803467
1.9864548444747925
1.9163246154785156
1.957444667816162
1.9522066116333008
1.9744162559509277
1.9369674921035767
2.0379533767700195
1.9444242715835571
2.10451602935791
1.9398882389068604
1.9197617769241333
1.9995572566986084
1.9584136009216309
1.9113320112228394
1.9527329206466675
1.9141113758087158
2.0014209747314453
1.9676475524902344
1.9228631258010864
1.9623597860336304
1.9580254554748535
1.8732126951217651
1.9079039096832275
1.9423822164535522
1.9147652387619019
1.9276063442230225
1.925864577293396
1.927828311920166
1.9708609580993652
1.9071881771087646
1.9573463201522827
1.90337073802948
1.909253716468811
1.8699307441711426
1.9127113819122314
1.9157747030258179
1.902896761894226
1.9378496408462524
1.9661450386047363
1.8753536939620972
1.9096206426620483
1.9900871515274048
1.8764114379882812
1.8812865018844604
1.8943135738372803
1.8317773342132568
1.87563157081604
1.8450291156768799
1.8573189973831177
1.8498344421386719
1.8465473651885986
1.875152349472046
1.8702647686004639
1.910239815711975
1.9616903066635132
1.9100686311721802
1.9288748502731323
1.9003567695617676
1.8622697591781616
1.9037476778030396
1.869536280632019
1.8341686725616455
1.8463712930679321
1.8829643726348877
1.8241970539093018
1.8429603576660156
1.8559670448303223
1.8868331909179688
1.9023329019546509
1.8358769416809082
1.7891007661819458
1.836181640625
1.8568775653839111
1.8630561828613281
1.83706533908844
1.8566406965255737
1.8196734189987183
1.8265421390533447
1.9179105758666992
1.8550199270248413
1.8247257471084595
1.801649570465088
1.8254088163375854
1.9004604816436768
1.8776254653930664
1.900204062461853
1.820172905921936
1.866207480430603
1.7983993291854858
1.7931756973266602
1.8604044914245605
1.8606308698654175
1.8216350078582764
1.8033897876739502
1.8288105726242065
1.813542366027832
1.7873129844665527
1.800565481185913
1.7969106435775757
1.8179371356964111
1.7941341400146484
1.8072117567062378
1.8524131774902344
1.8089653253555298
1.801429271697998
1.7651660442352295
1.837233304977417
1.7933716773986816
1.7643132209777832
1.752219557762146
1.769508719444275
1.7757784128189087
1.7821013927459717
1.798474907875061
1.785963773727417
1.7876766920089722
1.8227663040161133
1.777099847793579
1.77637779712677
1.804828405380249
1.8229824304580688
1.8413355350494385
1.7726534605026245
1.819804310798645
1.7685960531234741
1.807145595550537
1.8079614639282227
1.8199785947799683
1.778962254524231
1.7877717018127441
1.7742712497711182
1.7525733709335327
1.7956010103225708
1.7033735513687134
1.8498847484588623
1.821272850036621
1.7687537670135498
1.790824294090271
1.7582252025604248
1.7680742740631104
1.7947744131088257
1.7822316884994507
1.7143887281417847
1.7681328058242798
1.7804394960403442
1.8437148332595825
1.7267534732818604
1.7429585456848145
1.728166103363037
1.7697621583938599
1.762584924697876
1.7361341714859009
1.7970691919326782
1.7971419095993042
1.7038849592208862
1.7448375225067139
1.7381153106689453
1.7952791452407837
1.7756762504577637
1.8284894227981567
1.756386160850525
1.7330483198165894
1.7895228862762451
1.7006421089172363
1.749396562576294
1.7768208980560303
1.7169451713562012
1.877011775970459
1.7016361951828003
1.6992628574371338
1.7371716499328613
1.7287225723266602
1.8506981134414673
1.7656152248382568
1.7719473838806152
1.7154878377914429
1.8040542602539062
1.7612038850784302
1.760501742362976
1.7294087409973145
1.7332593202590942
1.6846613883972168
1.7454699277877808
1.7109572887420654
1.7828859090805054
1.7646372318267822
1.7166744470596313
1.7489588260650635
1.764411211013794
1.7397692203521729
1.7489851713180542
1.6583315134048462
1.726980447769165
1.7016032934188843
1.6875063180923462
1.7321621179580688
1.6593613624572754
1.7431671619415283
1.7132320404052734
1.726077914237976
1.716368317604065
1.7229410409927368
1.7315008640289307
1.7135380506515503
1.7027099132537842
1.7380918264389038
1.7282977104187012
1.7642091512680054
1.7845330238342285
1.7177242040634155
1.851720929145813
1.7767583131790161
1.7623275518417358
1.7186176776885986
1.699018955230713
1.725569725036621
1.7262094020843506
1.711057424545288
1.6839855909347534
1.7338685989379883
1.6695879697799683
1.6445937156677246
1.707331895828247
1.790673851966858
1.6801549196243286
1.7231749296188354
1.699435830116272
1.6610506772994995
1.697607398033142
1.7165484428405762
1.7019352912902832
1.6575804948806763
1.6812708377838135
1.6928927898406982
1.7259068489074707
1.7600878477096558
1.7268157005310059
1.6664098501205444
1.7192285060882568
1.6658601760864258
1.6621695756912231
1.6907306909561157
1.6777971982955933
1.7099086046218872
1.7914742231369019
1.739149808883667
1.698024034500122
1.6722012758255005
1.6733791828155518
1.6891257762908936
1.6875112056732178
1.7000609636306763
1.6651114225387573
1.7299070358276367
1.6601638793945312
1.657482624053955
1.682437777519226
1.7410231828689575
1.6725386381149292
1.6543852090835571
1.7355672121047974
1.737503170967102
1.6544326543807983
1.701798915863037
1.6715178489685059
1.7132340669631958
1.6696337461471558
1.6610918045043945
1.6843231916427612
1.662755012512207
1.723915934562683
1.768882393836975
1.6745173931121826
1.7435542345046997
1.6658008098602295
1.6678142547607422
1.6789982318878174
1.6526283025741577
1.7529503107070923
1.665894865989685
1.651948094367981
1.6999043226242065
1.7542572021484375
1.7756567001342773
1.7591636180877686
1.6758002042770386
1.6398756504058838
1.6859266757965088
1.6281392574310303
1.6703789234161377
1.7226158380508423
1.6570868492126465
1.655503511428833
1.6412346363067627
1.6445022821426392
1.6780959367752075
1.6703298091888428
1.6418520212173462
1.7032033205032349
1.647125005722046
1.6939929723739624
1.6572068929672241
1.6460540294647217
1.6651554107666016
1.6721113920211792
1.637205958366394
1.7096855640411377
1.6712729930877686
1.6435294151306152
1.681807041168213
1.6800278425216675
1.6418793201446533
1.6740056276321411
1.6762657165527344
1.6637145280838013
1.7323483228683472
1.6737900972366333
1.651202917098999
1.712888479232788
1.6385880708694458
1.6680599451065063
1.6737744808197021
1.7031447887420654
1.6806799173355103
1.592056155204773
1.6339768171310425
1.6420894861221313
1.650687575340271
1.6805071830749512
1.67400324344635
1.6913836002349854
1.6188284158706665
1.6429451704025269
1.6715325117111206
1.6580644845962524
1.6167612075805664
1.6983071565628052
1.5881246328353882
1.6710114479064941
1.6516733169555664
1.7148364782333374
1.7181005477905273
1.6416959762573242
1.6524136066436768
1.6398030519485474
1.634604811668396
1.684064269065857
1.6400514841079712
1.7072155475616455
1.6631593704223633
1.6162936687469482
1.6372958421707153
