41.21758270263672
38.31020736694336
41.44959259033203
40.400657653808594
38.84841537475586
42.32121658325195
39.87723922729492
39.81693649291992
38.24341583251953
42.43619918823242
42.20591735839844
32.88867950439453
44.80662155151367
42.14474868774414
46.37915802001953
42.27964782714844
37.06454086303711
46.02238464355469
41.92063903808594
46.60539245605469
43.59536361694336
50.36989974975586
50.23262405395508
50.18321228027344
50.49949645996094
51.8984260559082
47.11735153198242
52.59160232543945
48.85939407348633
57.814083099365234
50.55303192138672
57.85250473022461
56.49441146850586
63.490657806396484
61.20725631713867
64.12525939941406
68.69507598876953
62.69270324707031
73.3303451538086
75.97840881347656
60.840293884277344
80.53117370605469
85.70624542236328
88.13410949707031
87.44290924072266
92.8185043334961
88.2193374633789
102.5262451171875
106.79483795166016
98.94770812988281
111.34364318847656
109.16609191894531
120.09822845458984
122.59733581542969
105.5416030883789
123.53044128417969
123.79097747802734
86.59161376953125
150.73294067382812
143.2351531982422
135.0502166748047
166.4055938720703
167.51268005371094
160.5939483642578
146.2447509765625
166.9293670654297
197.8618927001953
205.23883056640625
170.15420532226562
202.9801483154297
187.34524536132812
188.33651733398438
206.7354278564453
198.41212463378906
196.09678649902344
221.45370483398438
206.809814453125
212.52688598632812
227.253173828125
175.8934783935547
222.51512145996094
188.49732971191406
191.88418579101562
192.39552307128906
111.36952209472656
120.1771240234375
94.46784210205078
100.31177520751953
102.00855255126953
89.53073120117188
67.79703521728516
52.95051193237305
40.80971145629883
29.581615447998047
29.418100357055664
51.68768310546875
48.82198715209961
69.33903503417969
75.01040649414062
46.979034423828125
116.4808578491211
130.1536102294922
129.9430694580078
155.5777130126953
175.30575561523438
61.02227783203125
65.47802734375
87.4035415649414
84.280029296875
55.07025909423828
74.96170806884766
31.240550994873047
105.12444305419922
96.87567901611328
27.717470169067383
39.52874755859375
164.4215545654297
74.63553619384766
157.56915283203125
25.001598358154297
73.44879150390625
169.07846069335938
135.4949188232422
116.96935272216797
34.72304153442383
60.87189865112305
120.29621124267578
68.2464370727539
20.220674514770508
33.293338775634766
83.96479034423828
90.42756652832031
28.71893882751465
115.71910095214844
58.176185607910156
50.3506965637207
100.15345001220703
29.13692283630371
25.546899795532227
97.42523193359375
95.62342834472656
28.650144577026367
132.76364135742188
180.77593994140625
105.70059204101562
22.962783813476562
23.3126220703125
79.77409362792969
71.96803283691406
38.64266586303711
46.65290451049805
55.204959869384766
71.97193145751953
212.56019592285156
85.13639068603516
31.156980514526367
63.245121002197266
128.97531127929688
87.72394561767578
46.64857864379883
36.863197326660156
42.88669967651367
47.64256286621094
12.376897811889648
65.31443786621094
73.03181457519531
47.313663482666016
48.73143768310547
84.44327545166016
44.80259704589844
26.533222198486328
21.93199348449707
51.64300537109375
30.654104232788086
131.67001342773438
27.639354705810547
7.908477306365967
16.6763916015625
44.697242736816406
24.305143356323242
20.021678924560547
68.65985870361328
14.031065940856934
17.731698989868164
41.028053283691406
68.12046813964844
22.80387306213379
70.31818389892578
82.49287414550781
15.282462120056152
34.396846771240234
41.23527908325195
20.284502029418945
12.998626708984375
24.914878845214844
135.46986389160156
120.05441284179688
46.615272521972656
22.932819366455078
63.28419494628906
99.53160095214844
57.49363327026367
50.88213348388672
121.1047134399414
64.27608489990234
26.443363189697266
58.368953704833984
105.15250396728516
54.61837387084961
91.33749389648438
116.21299743652344
58.54270935058594
25.141515731811523
55.54203796386719
52.69544219970703
18.54392433166504
135.1905975341797
166.1862030029297
123.44050598144531
37.75321960449219
112.81169128417969
166.1556854248047
104.90554809570312
56.84980010986328
99.6690902709961
174.8939971923828
146.25048828125
51.723480224609375
37.432342529296875
85.85073852539062
59.02043151855469
9.965155601501465
59.20108413696289
58.96220016479492
17.21157455444336
32.70414733886719
31.038015365600586
56.90480422973633
27.184419631958008
17.168052673339844
25.879901885986328
35.6292839050293
25.924121856689453
18.660247802734375
26.881729125976562
73.5096435546875
38.396785736083984
15.421812057495117
78.30364990234375
114.08467102050781
91.2318344116211
21.7460880279541
119.10624694824219
136.3648681640625
78.84040832519531
29.19800567626953
48.689640045166016
12.535322189331055
15.025010108947754
21.236297607421875
25.889543533325195
27.037790298461914
10.83173656463623
54.42088317871094
31.999469757080078
16.079660415649414
40.918941497802734
35.29557800292969
56.403778076171875
64.29981994628906
55.99441146850586
20.629587173461914
132.60696411132812
80.14839172363281
65.35442352294922
34.30731201171875
73.50701141357422
67.84259033203125
85.25530242919922
65.42878723144531
25.60345458984375
94.71249389648438
105.55278778076172
77.18110656738281
15.110945701599121
56.7709846496582
25.039012908935547
17.14643669128418
12.558475494384766
58.62358093261719
24.746185302734375
90.7809066772461
14.839056015014648
11.273850440979004
6.518418788909912
55.35639953613281
44.80023193359375
39.201759338378906
49.38850784301758
26.06060218811035
25.06798553466797
54.22417449951172
48.981563568115234
33.27880859375
20.830265045166016
34.55178451538086
17.60835075378418
48.580726623535156
36.7061882019043
36.01462936401367
15.91708755493164
30.106374740600586
28.762056350708008
12.764946937561035
19.587635040283203
16.69198226928711
7.997556686401367
33.56675720214844
14.451287269592285
34.51438522338867
29.95501136779785
19.45921516418457
53.99409484863281
74.88207244873047
86.12054443359375
35.841861724853516
53.148380279541016
10.316095352172852
134.4281768798828
121.58695983886719
41.385013580322266
75.71460723876953
114.97282409667969
93.03095245361328
32.3608512878418
15.969395637512207
9.854350090026855
101.54447937011719
92.55997467041016
14.088615417480469
98.79669189453125
121.64257049560547
126.64045715332031
14.677053451538086
106.35546112060547
167.1951446533203
167.49977111816406
65.23738861083984
63.881256103515625
123.69657897949219
129.71897888183594
16.50516700744629
82.17310333251953
79.03723907470703
30.899433135986328
48.89098358154297
81.71382904052734
27.508682250976562
57.5560302734375
110.15848541259766
75.83341217041016
12.33962345123291
108.94783020019531
166.69151306152344
118.97036743164062
25.14535903930664
76.9184799194336
136.42283630371094
144.80770874023438
56.30603790283203
32.15005874633789
71.22860717773438
44.899620056152344
10.390388488769531
46.23312759399414
41.390933990478516
35.11590576171875
15.25385856628418
12.721181869506836
10.901667594909668
78.73241424560547
41.491981506347656
8.992376327514648
18.327110290527344
48.65483093261719
14.534497261047363
55.519405364990234
80.9795150756836
11.747958183288574
44.978240966796875
69.70733642578125
54.754852294921875
7.641243934631348
100.51661682128906
124.78327178955078
69.9173812866211
15.48690128326416
89.24390411376953
79.60421752929688
32.75091552734375
58.673946380615234
101.43830108642578
63.123043060302734
36.946266174316406
88.01127624511719
94.26744079589844
132.21292114257812
38.32208251953125
66.68695831298828
111.4198989868164
72.25745391845703
29.303009033203125
70.28243255615234
114.67559814453125
66.13809967041016
20.836511611938477
43.66272735595703
86.59321594238281
72.3386001586914
42.15095520019531
36.21223068237305
92.14540100097656
80.47348022460938
35.18923568725586
72.92158508300781
73.87802124023438
74.44974517822266
59.08133316040039
37.26813888549805
42.875144958496094
53.338199615478516
4.372119426727295
56.77949523925781
95.55001831054688
60.13248062133789
20.583805084228516
57.27056121826172
65.81439208984375
47.61897277832031
12.555708885192871
42.83293533325195
70.62618255615234
14.00815486907959
32.46868896484375
39.998809814453125
18.439502716064453
13.432330131530762
46.56039047241211
29.7804012298584
18.580692291259766
35.34935760498047
11.693208694458008
6.360909938812256
19.70571517944336
15.71286678314209
7.919553756713867
36.739349365234375
13.461441040039062
13.538435935974121
33.633277893066406
42.73687744140625
19.392810821533203
11.650949478149414
20.922744750976562
15.852499961853027
39.515323638916016
54.9664192199707
10.22918701171875
38.388702392578125
77.46914672851562
11.026724815368652
57.91206741333008
6.869044780731201
31.698932647705078
8.222739219665527
59.32631301879883
6.098864555358887
12.275136947631836
40.382240295410156
14.38040828704834
22.995649337768555
43.27611541748047
25.628494262695312
11.84130859375
47.02969741821289
28.87495994567871
28.492189407348633
28.668243408203125
36.03831481933594
13.286293983459473
56.17609786987305
59.49688720703125
25.165536880493164
32.53472900390625
21.459659576416016
16.381072998046875
25.936798095703125
54.508365631103516
30.244789123535156
25.00226593017578
21.73137092590332
14.763330459594727
63.48267364501953
62.495880126953125
7.0224175453186035
92.7958755493164
103.6550521850586
81.94746398925781
37.30482482910156
44.19686508178711
32.74718475341797
83.78411865234375
96.72940826416016
58.634281158447266
14.002023696899414
50.22206115722656
17.22093963623047
68.46216583251953
73.5290756225586
42.47965621948242
69.29219055175781
86.53253173828125
39.7437744140625
14.919869422912598
69.94666290283203
52.131893157958984
11.912532806396484
89.10153198242188
112.1722640991211
86.58071899414062
47.28043746948242
53.75434112548828
86.53067779541016
91.11146545410156
69.83501434326172
46.642181396484375
52.36499786376953
29.252635955810547
13.022082328796387
63.106475830078125
147.1009979248047
116.15536499023438
70.42935943603516
9.85765266418457
53.96538543701172
56.438140869140625
16.580846786499023
55.888694763183594
80.76409912109375
34.12469482421875
8.039673805236816
86.30257415771484
68.88432312011719
90.44979858398438
12.64604377746582
57.18524169921875
68.89434814453125
37.01025390625
18.725854873657227
30.468828201293945
22.597888946533203
39.66273880004883
40.09260177612305
48.877689361572266
33.257110595703125
30.307607650756836
12.34009075164795
30.22640037536621
33.2181510925293
10.177600860595703
7.653739929199219
7.632155895233154
8.311445236206055
31.355606079101562
8.110176086425781
24.941469192504883
26.328092575073242
30.309829711914062
16.993391036987305
45.6796875
24.044795989990234
17.901174545288086
13.558709144592285
5.800980091094971
51.187923431396484
58.03034591674805
28.451496124267578
21.767745971679688
59.476776123046875
17.836036682128906
44.55643844604492
59.24494552612305
26.84690284729004
33.413902282714844
39.106292724609375
8.075135231018066
56.62963104248047
21.384815216064453
8.279227256774902
77.1833724975586
80.8957290649414
58.09488296508789
10.799072265625
62.82012939453125
60.272674560546875
28.871135711669922
49.40946578979492
71.28248596191406
40.949859619140625
13.825479507446289
20.548717498779297
22.36222267150879
12.20943546295166
35.83353042602539
11.669743537902832
5.842167854309082
8.89241886138916
39.12134552001953
14.522751808166504
28.42729949951172
13.196701049804688
39.59457015991211
41.21932601928711
8.16178035736084
26.22345542907715
26.751386642456055
22.890254974365234
17.493635177612305
11.105682373046875
25.616348266601562
9.599088668823242
43.033653259277344
7.177848815917969
34.24619674682617
21.123374938964844
67.48162078857422
78.92024230957031
71.58496856689453
12.068717002868652
42.56391525268555
21.874685287475586
32.84624481201172
66.24955749511719
36.525474548339844
46.340274810791016
56.820594787597656
26.525609970092773
46.41123580932617
39.16547393798828
20.809097290039062
57.479434967041016
71.50959014892578
30.47258758544922
16.87721061706543
22.485187530517578
20.107234954833984
22.137388229370117
8.772614479064941
12.500212669372559
33.94359588623047
39.992645263671875
29.050989151000977
50.58891677856445
104.38838958740234
68.89450073242188
28.065805435180664
45.39599609375
76.58415222167969
49.65046691894531
31.545713424682617
26.740806579589844
26.887163162231445
68.73568725585938
7.317746639251709
26.103641510009766
38.05445861816406
67.7037582397461
11.88293170928955
54.748783111572266
63.28688049316406
52.170623779296875
19.796192169189453
38.30219650268555
57.35689163208008
79.18180847167969
42.73502731323242
23.82907485961914
55.013824462890625
37.77911376953125
4.24319314956665
26.425395965576172
8.243473052978516
17.24065589904785
16.334436416625977
10.167654991149902
23.467540740966797
15.24853801727295
9.933403015136719
4.632026195526123
6.042298793792725
17.524005889892578
63.058998107910156
47.698036193847656
28.195262908935547
36.76524353027344
65.64747619628906
69.34284210205078
7.105515956878662
17.0823917388916
76.72566223144531
39.5209846496582
62.46487808227539
19.093862533569336
78.2496109008789
66.4776840209961
10.208370208740234
21.21932029724121
25.376188278198242
27.532533645629883
37.47431564331055
15.861820220947266
21.805816650390625
45.440425872802734
48.056522369384766
27.560073852539062
11.302783966064453
79.30474853515625
81.76563262939453
83.06619262695312
89.18407440185547
38.77623748779297
40.97827911376953
90.29440307617188
71.2809829711914
53.38985824584961
28.42459487915039
40.158729553222656
48.49911117553711
67.86919403076172
50.320133209228516
18.325136184692383
54.37285232543945
72.46668243408203
82.51683044433594
67.64627075195312
23.734764099121094
32.07048034667969
61.61319351196289
56.81036376953125
36.33451461791992
8.8107271194458
9.469738960266113
6.665258884429932
20.13747215270996
12.965435981750488
17.39289665222168
15.899802207946777
4.312767505645752
29.224197387695312
52.63639450073242
28.829092025756836
26.840091705322266
41.778079986572266
54.99208450317383
17.387468338012695
13.261157035827637
54.0425910949707
60.21670150756836
14.345440864562988
5.637938022613525
20.288888931274414
23.063528060913086
25.723711013793945
17.425630569458008
7.8900041580200195
17.27889633178711
20.695064544677734
12.467839241027832
8.672684669494629
27.91901206970215
26.33793830871582
10.078113555908203
47.00959396362305
48.707244873046875
55.75258255004883
9.401445388793945
31.17196273803711
37.17058181762695
44.817264556884766
8.848176956176758
11.700029373168945
5.891668796539307
19.581741333007812
30.305387496948242
5.686818599700928
66.76557922363281
61.12858200073242
46.314697265625
7.899232387542725
44.170082092285156
55.414878845214844
66.33636474609375
11.991154670715332
47.66010665893555
46.564849853515625
43.29007339477539
7.985825061798096
25.452878952026367
42.99480056762695
19.815200805664062
8.122212409973145
44.68001937866211
19.846872329711914
16.382169723510742
41.39272689819336
24.97623634338379
3.2291314601898193
47.55204391479492
71.40141296386719
70.81755065917969
36.85212707519531
9.425243377685547
52.386600494384766
47.29792404174805
32.473323822021484
4.7633771896362305
27.374826431274414
45.08803939819336
52.333282470703125
9.047249794006348
19.350082397460938
47.79246139526367
12.138120651245117
24.225902557373047
20.444704055786133
5.595963001251221
15.40568733215332
22.617586135864258
18.51467514038086
21.999412536621094
24.277706146240234
14.894610404968262
27.6978816986084
14.990853309631348
7.804891109466553
3.827756643295288
17.184154510498047
6.02367639541626
12.137344360351562
16.469945907592773
6.871394157409668
7.239410877227783
62.03752517700195
80.13276672363281
61.882572174072266
18.16497230529785
19.037029266357422
70.29438781738281
97.60753631591797
92.1993179321289
86.07279968261719
50.75124740600586
7.015629291534424
36.57339859008789
90.58480072021484
79.35487365722656
82.62378692626953
35.65580368041992
20.064022064208984
22.51447105407715
49.39161682128906
58.99200439453125
12.962474822998047
29.763442993164062
14.023550987243652
23.895082473754883
34.39762878417969
18.49843978881836
25.623544692993164
21.179458618164062
5.759260177612305
16.75581169128418
13.704753875732422
25.592205047607422
3.901571273803711
6.5798821449279785
34.621070861816406
42.293914794921875
36.007423400878906
12.996233940124512
14.627163887023926
16.255653381347656
8.625872611999512
13.06482219696045
10.799108505249023
16.872207641601562
4.935918807983398
11.2498779296875
8.843306541442871
14.62925910949707
16.255084991455078
8.998848915100098
4.5713043212890625
15.232511520385742
9.47288703918457
7.406614303588867
8.437941551208496
25.9163761138916
7.92518424987793
17.237709045410156
56.96430587768555
16.989673614501953
19.149620056152344
5.8046674728393555
18.797414779663086
9.39190673828125
20.841907501220703
35.317848205566406
20.330839157104492
4.503724098205566
86.95248413085938
66.5068130493164
63.64862823486328
49.53971862792969
23.13587760925293
35.92808532714844
66.32289123535156
53.92628860473633
56.84776306152344
22.183412551879883
3.786879301071167
29.108835220336914
33.10903549194336
27.407867431640625
30.98788833618164
21.207090377807617
27.792743682861328
9.536820411682129
27.296127319335938
28.396194458007812
34.03508377075195
33.91517639160156
9.817909240722656
12.593415260314941
23.480785369873047
5.666390895843506
9.866731643676758
15.831796646118164
12.542679786682129
9.084967613220215
16.373136520385742
21.748794555664062
4.532870292663574
33.98368453979492
5.05763578414917
23.159378051757812
27.53632926940918
3.2924845218658447
4.989505767822266
22.97890281677246
20.65765380859375
23.404762268066406
15.381368637084961
32.365135192871094
6.6644673347473145
17.508745193481445
12.311439514160156
30.105974197387695
58.726192474365234
21.165870666503906
21.922752380371094
40.90623474121094
7.2522664070129395
3.3378167152404785
17.07851219177246
9.818541526794434
32.64265823364258
22.889707565307617
31.170534133911133
15.23132038116455
4.260951042175293
6.684963703155518
12.126444816589355
6.337077617645264
16.84361457824707
22.246980667114258
13.394607543945312
6.1297712326049805
9.523880004882812
9.483912467956543
6.451241493225098
21.877723693847656
20.04322052001953
3.4978017807006836
2.523238182067871
8.128077507019043
14.472485542297363
52.112091064453125
46.98701095581055
37.70006561279297
10.217971801757812
18.519515991210938
23.40641212463379
8.921093940734863
11.675884246826172
26.150348663330078
21.026262283325195
5.769081115722656
12.834307670593262
5.507879734039307
5.925955772399902
6.750364303588867
30.24693489074707
28.15784454345703
5.224667549133301
9.633116722106934
15.460652351379395
4.10819149017334
4.081021785736084
18.903322219848633
26.481870651245117
26.289871215820312
3.1042134761810303
8.683344841003418
10.42444133758545
17.40019416809082
9.98384952545166
6.548356533050537
9.514192581176758
6.613236427307129
14.816330909729004
6.912993907928467
6.2724080085754395
23.630035400390625
5.488787651062012
6.983407497406006
38.91648483276367
29.89655303955078
25.15944480895996
11.467451095581055
28.62520408630371
52.55818176269531
38.880584716796875
36.725311279296875
8.39519214630127
24.805492401123047
35.070899963378906
52.12762451171875
23.16436004638672
14.063663482666016
7.403947830200195
19.98592185974121
9.748781204223633
2.2833216190338135
44.93568801879883
35.272830963134766
56.132286071777344
36.57253646850586
3.378812789916992
9.667330741882324
9.468960762023926
7.028079986572266
3.6320862770080566
9.927197456359863
23.487035751342773
22.548885345458984
22.300533294677734
6.635446548461914
22.329912185668945
24.191938400268555
5.1266584396362305
38.354331970214844
5.730099678039551
3.416447401046753
2.981930732727051
2.5724434852600098
24.12814712524414
33.94828414916992
25.294565200805664
19.316734313964844
23.12024688720703
17.915313720703125
4.073734283447266
2.1104345321655273
28.12709617614746
27.514850616455078
49.400421142578125
20.59426498413086
12.214766502380371
42.0596923828125
41.78426742553711
19.16883659362793
3.936265468597412
19.778589248657227
47.55801773071289
59.48587417602539
42.07377243041992
54.394126892089844
44.683433532714844
11.026965141296387
11.302353858947754
23.197349548339844
24.87213897705078
12.462363243103027
6.076968669891357
8.864852905273438
21.901578903198242
33.49874496459961
10.117596626281738
31.7941951751709
8.824016571044922
9.264389991760254
2.3889079093933105
4.809929847717285
23.83712387084961
4.311387062072754
2.7630727291107178
13.267997741699219
4.447411060333252
37.61676788330078
33.8834114074707
48.570247650146484
33.14439392089844
14.307816505432129
20.983930587768555
7.8041815757751465
30.478239059448242
33.47231674194336
15.136344909667969
4.829583644866943
10.358731269836426
34.6243896484375
51.9340934753418
17.3454647064209
11.993556022644043
17.264516830444336
14.361968994140625
27.59023666381836
41.80345153808594
41.73715591430664
44.27519607543945
9.372783660888672
26.698286056518555
49.436119079589844
25.600921630859375
25.70002555847168
32.494529724121094
2.0162644386291504
7.657449245452881
51.56108474731445
28.919322967529297
3.9104881286621094
7.699709892272949
13.476846694946289
41.806854248046875
13.39731216430664
52.13406753540039
4.5839152336120605
12.494928359985352
6.566927433013916
8.1328125
10.778079986572266
19.507396697998047
38.048789978027344
20.39152717590332
3.584784746170044
12.741205215454102
6.548400402069092
3.313851833343506
10.168617248535156
12.924763679504395
15.152494430541992
12.329944610595703
26.685287475585938
14.99080753326416
5.130180358886719
