135.975341796875
126.8199462890625
130.31394958496094
129.41439819335938
120.31160736083984
136.30303955078125
119.70588684082031
126.62381744384766
118.26101684570312
128.019775390625
132.92169189453125
92.90748596191406
140.5404510498047
131.71653747558594
146.25086975097656
134.41299438476562
103.10626220703125
138.58358764648438
127.86226654052734
135.6614532470703
125.34722900390625
149.70901489257812
144.97900390625
141.59564208984375
140.269287109375
138.1944580078125
122.70311737060547
133.14097595214844
115.68993377685547
144.67315673828125
122.486328125
133.5466766357422
127.70272827148438
142.3005828857422
125.86752319335938
128.02354431152344
137.17303466796875
113.70204162597656
134.65585327148438
135.35252380371094
102.3760757446289
133.89208984375
135.93545532226562
135.00831604003906
121.81511688232422
127.6906967163086
117.6110610961914
132.32083129882812
131.06881713867188
109.8162841796875
120.90956115722656
108.8273696899414
118.69776153564453
112.87987518310547
83.93305969238281
101.35242462158203
101.38933563232422
63.901023864746094
112.8146743774414
99.62362670898438
89.97283935546875
104.68441009521484
99.2779541015625
95.00764465332031
77.44955444335938
79.25128936767578
97.25310516357422
96.13011169433594
77.69622802734375
81.72242736816406
68.08885955810547
75.39804077148438
72.46643829345703
68.39070892333984
58.57914352416992
65.06312561035156
56.10981369018555
54.17676544189453
58.99333572387695
50.74075698852539
53.721038818359375
43.05141067504883
45.15827560424805
43.70758056640625
39.25113296508789
36.7354850769043
29.297161102294922
31.528959274291992
32.51479721069336
35.467071533203125
27.862348556518555
27.335391998291016
27.01287269592285
25.295747756958008
23.7174015045166
22.668184280395508
20.25730323791504
22.529340744018555
17.683124542236328
19.718563079833984
15.606852531433105
22.783592224121094
18.2641544342041
14.67642879486084
16.729141235351562
12.970976829528809
10.264433860778809
16.72718620300293
14.592888832092285
14.659287452697754
21.91168212890625
13.42680549621582
9.573705673217773
9.32796573638916
11.34296703338623
7.979001998901367
14.35826587677002
8.282730102539062
13.740483283996582
7.164804935455322
7.041569232940674
8.81804370880127
7.26175594329834
6.88986349105835
6.328469753265381
6.894471168518066
6.661792278289795
6.428676128387451
5.556376934051514
6.663604736328125
6.450787544250488
6.3109846115112305
5.13447904586792
7.237363338470459
5.556143760681152
5.15691614151001
5.79863166809082
6.156980514526367
5.050069332122803
5.85854434967041
5.352307319641113
5.571254730224609
6.176455974578857
6.342010021209717
5.331503391265869
5.828429222106934
5.342878341674805
5.401063919067383
6.993369102478027
5.006840705871582
5.255778789520264
4.656850814819336
5.143032550811768
9.607131958007812
5.41257905960083
5.023697376251221
4.988286972045898
5.999368667602539
5.396809101104736
4.824333190917969
4.5823493003845215
4.812356948852539
4.7466349601745605
4.660628318786621
4.939924716949463
5.545137882232666
4.547399520874023
4.575505256652832
5.3782148361206055
4.540933609008789
5.2737956047058105
4.422638893127441
4.649601936340332
4.3670830726623535
6.906230926513672
4.588706970214844
4.091350078582764
4.398686408996582
4.346668720245361
4.302035331726074
4.380433559417725
4.262035369873047
4.106804370880127
4.0649027824401855
3.635993719100952
4.086605072021484
4.272051811218262
3.7235591411590576
5.096733093261719
3.410841703414917
4.052009582519531
4.268612384796143
4.028709888458252
3.610311269760132
3.9929871559143066
4.469789028167725
4.377072334289551
4.94474983215332
3.773664712905884
4.223555564880371
3.9304263591766357
3.7380707263946533
3.9407529830932617
4.515750408172607
3.8000552654266357
3.951312780380249
3.821690082550049
4.205051422119141
3.981548309326172
4.106860160827637
4.054549217224121
3.9928972721099854
3.7003509998321533
3.7834560871124268
3.3561906814575195
3.452965259552002
4.4953179359436035
4.794192790985107
4.475142002105713
3.513578414916992
4.492023944854736
4.906414985656738
4.254162788391113
3.507699489593506
3.9876086711883545
5.354771614074707
4.586066722869873
3.3319509029388428
3.4715070724487305
3.7204277515411377
3.4060728549957275
3.2213029861450195
3.422121286392212
3.497282028198242
3.3127779960632324
3.504866123199463
3.2589943408966064
3.4291205406188965
2.9773175716400146
3.213588237762451
2.9041171073913574
3.4081931114196777
2.5333199501037598
3.2299890518188477
3.518010377883911
3.6558032035827637
3.775430679321289
3.303218126296997
3.206745147705078
3.9655346870422363
4.447338581085205
3.1228554248809814
3.848398447036743
4.105271816253662
3.317140579223633
2.8653903007507324
3.049669027328491
2.8410589694976807
2.789536237716675
2.4681973457336426
2.773958206176758
2.9129586219787598
2.729041576385498
2.8760249614715576
2.98976731300354
2.9467360973358154
2.82495379447937
3.015040636062622
3.0119996070861816
2.713808298110962
2.8397297859191895
2.688584804534912
3.6987271308898926
2.8336222171783447
2.999768018722534
2.6249237060546875
3.274738311767578
2.9678072929382324
3.300947904586792
3.0504422187805176
2.7228078842163086
3.1329240798950195
3.396188259124756
3.164811134338379
2.7052462100982666
2.772860527038574
2.534607410430908
2.739091634750366
2.2804484367370605
2.8512516021728516
2.795994758605957
3.775136947631836
2.646834135055542
2.3973774909973145
2.8414969444274902
2.8094162940979004
2.7124321460723877
2.69917631149292
2.5897655487060547
2.6961519718170166
2.8671715259552
2.590616464614868
2.6987593173980713
2.7311947345733643
2.3026509284973145
2.348517417907715
2.7858517169952393
2.8049607276916504
2.8505706787109375
2.69406795501709
2.5929813385009766
2.510814666748047
2.488140106201172
2.5131797790527344
2.4688239097595215
2.5803825855255127
2.177713632583618
2.5165762901306152
2.8768093585968018
2.3992116451263428
2.718278646469116
2.877826690673828
2.016058921813965
2.7654190063476562
2.458456039428711
2.3100717067718506
2.5287275314331055
2.52974796295166
3.3180453777313232
2.9564666748046875
2.618312120437622
3.0872647762298584
3.066162347793579
3.0625905990600586
2.647270917892456
2.443209648132324
2.515188694000244
3.1034765243530273
2.799691915512085
2.635960102081299
2.847454309463501
3.2019894123077393
3.5066332817077637
2.6870651245117188
3.096060037612915
3.8337461948394775
4.071340084075928
2.8923192024230957
2.8932888507843018
3.604247808456421
3.5673136711120605
2.4679572582244873
2.9588048458099365
3.558372974395752
2.4808874130249023
2.65425443649292
2.94136643409729
2.487149477005005
2.623932361602783
3.1329774856567383
2.948678731918335
2.447364330291748
3.1870787143707275
4.287530899047852
3.336958408355713
2.406341075897217
2.9472835063934326
3.705962657928467
3.7636709213256836
2.656592607498169
2.8405778408050537
2.999263048171997
2.639951705932617
2.514540910720825
2.641240119934082
2.534898281097412
2.166421413421631
2.31498384475708
2.458676338195801
2.513291597366333
2.777047634124756
2.482912302017212
2.034668445587158
2.5101816654205322
2.596571683883667
2.455242156982422
2.3034372329711914
2.764786720275879
2.2754299640655518
2.3090713024139404
2.4103217124938965
2.6707918643951416
2.148430824279785
3.2028956413269043
3.335012197494507
2.723583221435547
2.393684148788452
2.9527671337127686
2.800018548965454
2.050103187561035
2.5483009815216064
3.0423622131347656
2.654177665710449
2.5469086170196533
2.777792453765869
3.165666341781616
3.9318854808807373
2.185490369796753
2.787876844406128
3.677234649658203
2.9028260707855225
2.43804669380188
3.1597468852996826
3.3446500301361084
2.7325501441955566
1.9856709241867065
2.5025386810302734
2.9701011180877686
2.9556546211242676
2.5422725677490234
2.705396890640259
2.9587559700012207
2.8399646282196045
2.4563486576080322
2.8415098190307617
2.636876106262207
2.7446467876434326
2.7100610733032227
2.787428855895996
2.3530266284942627
2.7104601860046387
2.220198392868042
2.679168462753296
3.313605785369873
3.2514758110046387
2.2822539806365967
2.555713415145874
2.788844585418701
2.611083984375
2.3584134578704834
2.393850326538086
2.784586191177368
2.3939602375030518
2.5661306381225586
2.545318603515625
2.4518961906433105
2.0568408966064453
2.218794107437134
2.2651894092559814
2.08762788772583
2.448176622390747
2.4774839878082275
2.2419795989990234
2.4040143489837646
2.4600749015808105
2.446413993835449
2.268427848815918
2.381204843521118
2.226778745651245
2.3031489849090576
2.057504177093506
2.1540277004241943
2.3147528171539307
2.1400821208953857
2.281846046447754
2.601722002029419
2.382262945175171
2.1869916915893555
2.3625543117523193
2.7888741493225098
2.15347957611084
2.531891107559204
1.9435492753982544
2.340853452682495
2.2623209953308105
2.6034295558929443
2.091308116912842
2.3452489376068115
2.349666118621826
2.4370005130767822
2.069702625274658
2.5119309425354004
2.15769362449646
2.2053236961364746
2.430727005004883
2.170250415802002
2.275559663772583
2.3499181270599365
2.2981178760528564
1.989268183708191
2.4517312049865723
2.5893962383270264
1.99349844455719
2.2479188442230225
2.0126466751098633
2.25713849067688
2.3445751667022705
2.370068073272705
2.0754756927490234
2.2290494441986084
2.1583244800567627
1.7407804727554321
2.3934872150421143
2.5089495182037354
1.8663538694381714
2.826077699661255
2.600593328475952
2.4846272468566895
2.3940601348876953
2.193528652191162
2.3649487495422363
2.601992607116699
2.5029807090759277
2.335559844970703
2.037384033203125
2.2620835304260254
2.201852321624756
2.3445992469787598
2.5092296600341797
2.3718082904815674
2.4546632766723633
2.5453040599823
2.1536500453948975
2.269256591796875
2.302828311920166
2.1274254322052
1.739533543586731
2.7981772422790527
3.1692733764648438
2.729200839996338
2.4591031074523926
2.4295129776000977
2.763434410095215
2.9575717449188232
2.569918155670166
2.18778395652771
2.3463478088378906
1.8125561475753784
2.100529670715332
2.3544440269470215
3.9764671325683594
3.2314486503601074
2.6055262088775635
2.338608503341675
2.4155871868133545
2.2648708820343018
2.027637243270874
2.265033006668091
2.5408239364624023
2.109490394592285
2.1159586906433105
2.5749852657318115
2.4542276859283447
2.813863754272461
2.131528377532959
2.307169198989868
2.284569263458252
2.2083899974823
2.269683599472046
2.0521206855773926
2.387723207473755
1.980783224105835
2.0822255611419678
2.29404878616333
1.873785138130188
2.2931315898895264
2.1214470863342285
2.14219069480896
2.0750937461853027
2.0851263999938965
2.182157278060913
2.142458915710449
2.234856605529785
2.1243271827697754
1.5957775115966797
2.303262948989868
4.086000442504883
2.350160598754883
1.884909749031067
2.6504297256469727
2.17800235748291
2.185655117034912
2.1596314907073975
1.843720555305481
2.2813148498535156
2.1351046562194824
2.0979361534118652
1.7374305725097656
2.5232996940612793
1.9928781986236572
2.1886510848999023
2.0156562328338623
1.906827449798584
2.090547561645508
2.1682684421539307
1.6877309083938599
2.286879539489746
2.2322702407836914
1.9480652809143066
2.4474120140075684
2.2663724422454834
2.3292453289031982
1.7530434131622314
2.456742525100708
2.4380438327789307
1.902490496635437
2.1609342098236084
2.4795076847076416
2.2578251361846924
2.0790176391601562
1.7152905464172363
1.6299238204956055
1.9038435220718384
2.1045937538146973
1.9132680892944336
1.8049678802490234
1.8783093690872192
2.2373592853546143
2.201032876968384
2.5422778129577637
2.049212694168091
2.0698885917663574
2.183103084564209
2.0345065593719482
2.01802921295166
2.1047215461730957
2.079484462738037
1.9953888654708862
2.0891408920288086
1.9661730527877808
2.0820608139038086
2.120264768600464
2.1600921154022217
1.9524697065353394
2.0163354873657227
2.2663767337799072
2.1692044734954834
2.3624298572540283
2.0414090156555176
2.1712656021118164
2.0370168685913086
2.15122127532959
2.238586664199829
2.224454641342163
2.16900372505188
2.0711984634399414
2.062249183654785
2.303511381149292
2.0087316036224365
1.9737523794174194
2.1614794731140137
2.4001457691192627
2.0407745838165283
1.790001630783081
1.812589406967163
1.696405291557312
2.135202169418335
1.7503893375396729
1.9352033138275146
2.0069961547851562
2.114842176437378
1.9960036277770996
2.0335586071014404
2.70646071434021
2.3601973056793213
1.8570618629455566
2.02832293510437
2.435411214828491
2.166041851043701
2.043750047683716
1.624151349067688
1.7470636367797852
2.255384922027588
2.0844972133636475
1.5825859308242798
1.7982889413833618
2.060063362121582
2.0599546432495117
2.2285094261169434
1.9646912813186646
2.2377655506134033
1.6089329719543457
1.9430932998657227
1.6897164583206177
2.2739510536193848
2.0888020992279053
1.8304721117019653
2.102212429046631
1.9991892576217651
1.9441072940826416
2.079512596130371
2.0532543659210205
1.813791275024414
1.6107864379882812
1.8079379796981812
1.9307883977890015
1.9536857604980469
1.7378201484680176
1.8988027572631836
1.901788353919983
1.9081461429595947
2.3152241706848145
2.168287992477417
1.8562690019607544
1.8526794910430908
2.1842124462127686
2.10960054397583
1.806597113609314
1.5248082876205444
2.0761594772338867
2.0604074001312256
2.1288516521453857
1.9595173597335815
2.2908055782318115
2.12113356590271
1.8309378623962402
1.75919508934021
1.7592321634292603
2.152052164077759
1.867895483970642
2.0318360328674316
1.9900602102279663
2.0200095176696777
1.977677345275879
1.5811936855316162
1.7837519645690918
2.5189335346221924
2.3302290439605713
2.386737108230591
2.520444869995117
1.9295880794525146
2.10662841796875
2.495304584503174
2.4735426902770996
2.258106231689453
2.085470676422119
2.1450157165527344
1.8282042741775513
2.2869625091552734
2.1056275367736816
2.02414870262146
2.1693472862243652
2.275407552719116
2.5094316005706787
2.0695645809173584
2.0636210441589355
1.8917992115020752
2.0804407596588135
2.1589460372924805
2.01877498626709
1.7603931427001953
1.7699863910675049
1.8832244873046875
1.9020451307296753
1.6339261531829834
1.93559992313385
1.9033093452453613
1.1715595722198486
1.7447495460510254
2.1588449478149414
1.9739264249801636
2.0253899097442627
1.8111084699630737
2.14406156539917
1.9557121992111206
1.7287801504135132
1.985289454460144
2.001197338104248
2.291214942932129
1.5625629425048828
2.0346693992614746
1.9360747337341309
2.142382860183716
1.9037286043167114
1.867416262626648
1.705077052116394
1.9483803510665894
1.9812959432601929
2.0700948238372803
2.0424435138702393
1.7090580463409424
1.4159601926803589
2.037771701812744
2.019604206085205
1.9810892343521118
2.082793951034546
1.9497878551483154
2.0091867446899414
2.023620843887329
1.8200558423995972
1.895766019821167
1.7677360773086548
1.8679018020629883
1.9403592348098755
1.6750776767730713
2.064319133758545
1.9310073852539062
1.9231948852539062
1.823258399963379
2.0227396488189697
2.10750675201416
2.180232048034668
1.9511206150054932
1.8593742847442627
2.002169370651245
2.0832085609436035
1.917822003364563
1.8795448541641235
1.9454861879348755
1.6996421813964844
1.9384031295776367
2.0229568481445312
1.9391849040985107
1.6670341491699219
2.1119272708892822
1.8925014734268188
1.8450405597686768
1.848238468170166
1.9351520538330078
2.1034600734710693
1.9251015186309814
1.7450346946716309
2.018573522567749
2.004671096801758
1.7200326919555664
1.7417668104171753
1.5935797691345215
1.9892054796218872
1.841171383857727
1.7116543054580688
1.9531481266021729
2.0539562702178955
1.887563705444336
1.8631350994110107
2.029224395751953
1.5904896259307861
1.9215434789657593
1.7336124181747437
1.7670537233352661
1.866166353225708
1.6294080018997192
1.5024062395095825
1.752472162246704
1.9188836812973022
1.8663101196289062
1.8742074966430664
1.8842259645462036
1.7508565187454224
1.764853596687317
1.8888376951217651
1.824942946434021
1.8236528635025024
2.1334550380706787
2.086963653564453
1.9239825010299683
1.4476991891860962
1.9064955711364746
2.1296722888946533
2.5783004760742188
2.1821951866149902
2.2110936641693115
1.7779561281204224
1.7763677835464478
1.7350596189498901
2.2674224376678467
2.00258207321167
2.18135142326355
2.012840986251831
1.8209292888641357
1.6247005462646484
1.988831877708435
1.9345893859863281
1.7717896699905396
1.6113317012786865
1.5991413593292236
1.8922789096832275
2.071625232696533
1.8416448831558228
1.9021189212799072
1.800075650215149
1.8592398166656494
1.8779877424240112
1.8025798797607422
1.9113808870315552
1.7719273567199707
1.847616195678711
1.5235227346420288
1.729560136795044
1.9021989107131958
1.7808934450149536
1.4573278427124023
1.733107566833496
1.7432305812835693
1.6666224002838135
1.519757628440857
1.7898269891738892
1.657301902770996
1.9318969249725342
1.615903377532959
1.7351810932159424
1.812066674232483
1.8170846700668335
1.736021876335144
1.7957088947296143
1.6824945211410522
1.8659775257110596
1.7860352993011475
1.7870219945907593
1.8207428455352783
1.7644389867782593
1.988846778869629
1.6994432210922241
1.8617039918899536
1.8149168491363525
1.6740411520004272
1.7842206954956055
1.7183459997177124
1.8904235363006592
1.6493213176727295
1.6013872623443604
2.150272846221924
1.9505242109298706
1.837152123451233
1.8849879503250122
1.8051426410675049
1.6778185367584229
2.0178921222686768
1.8191606998443604
1.702408790588379
1.816304087638855
1.6057263612747192
1.8158758878707886
1.8430938720703125
1.561801552772522
1.7641302347183228
1.6654757261276245
1.9328162670135498
1.4890851974487305
1.7604128122329712
1.636252999305725
1.7671403884887695
1.4920918941497803
1.809972882270813
1.5792325735092163
1.8261618614196777
1.8964133262634277
1.6335103511810303
1.6680914163589478
1.6894243955612183
1.4923980236053467
1.9399135112762451
1.7651245594024658
1.7737748622894287
1.8229358196258545
1.5875513553619385
1.6748453378677368
1.766295313835144
0.9923961758613586
1.9616458415985107
1.8917673826217651
1.770424246788025
1.8231730461120605
1.8506897687911987
1.7407184839248657
1.5497139692306519
1.7745263576507568
1.5172237157821655
1.7847603559494019
1.8795835971832275
1.8002123832702637
1.8751477003097534
1.774060845375061
1.8680094480514526
1.439988374710083
1.7139133214950562
1.7653007507324219
1.7090063095092773
1.8853614330291748
1.6360771656036377
1.808727502822876
1.5294026136398315
1.7999241352081299
1.7085175514221191
1.7486367225646973
1.6943268775939941
1.790600299835205
1.7784160375595093
1.6698031425476074
1.7377159595489502
1.785956859588623
1.6730448007583618
1.6277049779891968
1.667711853981018
1.7953823804855347
1.764254093170166
1.6683080196380615
1.7520482540130615
1.871036410331726
1.8600789308547974
1.7855464220046997
1.5682436227798462
1.8796740770339966
1.5759257078170776
1.7634145021438599
1.7244586944580078
1.5677975416183472
1.8589609861373901
1.803737759590149
1.7699459791183472
1.791240930557251
1.7732429504394531
1.9813666343688965
1.6425795555114746
1.5793730020523071
1.778334140777588
1.735707402229309
1.4731959104537964
1.5548069477081299
1.7340620756149292
1.733836054801941
1.683231234550476
1.8018282651901245
1.5380241870880127
1.7753918170928955
1.1069360971450806
1.465853214263916
1.7884624004364014
1.532770037651062
1.4898042678833008
1.753151535987854
1.8693139553070068
1.4487431049346924
1.6216188669204712
1.6957263946533203
1.6862287521362305
1.44491708278656
1.7386568784713745
1.706813931465149
1.5510380268096924
1.6781971454620361
1.6493116617202759
1.7125943899154663
1.93074631690979
1.4684271812438965
1.3284493684768677
1.633586049079895
1.6122633218765259
1.819865107536316
1.6326725482940674
1.4289621114730835
1.7741131782531738
1.7065279483795166
1.722536325454712
1.3853195905685425
1.8388580083847046
1.6390351057052612
1.8457611799240112
1.7630903720855713
1.3907029628753662
1.8197956085205078
1.654624581336975
1.6094704866409302
1.4203826189041138
1.5535069704055786
1.560211420059204
1.7910411357879639
1.6137522459030151
1.4446908235549927
1.750938892364502
1.7302076816558838
1.3599461317062378
1.6607937812805176
1.7042381763458252
1.8033580780029297
1.670331597328186
1.595555067062378
1.6249531507492065
1.7411168813705444
1.7583794593811035
1.7318655252456665
1.795467734336853
1.727975845336914
1.7471816539764404
1.1360281705856323
1.6514480113983154
1.593999981880188
1.8051210641860962
1.6070914268493652
1.561802864074707
1.7403749227523804
1.7740628719329834
1.652153491973877
1.6480741500854492
1.4990100860595703
1.777323603630066
1.8874961137771606
1.635471224784851
1.8219058513641357
1.479030966758728
1.6186954975128174
1.6977794170379639
1.6173263788223267
1.6304235458374023
1.7623075246810913
1.5116266012191772
1.7531261444091797
1.6466543674468994
1.5759849548339844
1.4995579719543457
1.7673214673995972
1.6634314060211182
1.619525671005249
1.7387611865997314
1.7104607820510864
1.7491822242736816
1.4991989135742188
1.58282470703125
1.745413899421692
1.387884497642517
1.7562484741210938
1.5525884628295898
1.8434659242630005
1.7625296115875244
1.6874587535858154
1.6513714790344238
1.437865138053894
1.3826791048049927
1.6126956939697266
1.6514804363250732
1.6581757068634033
1.8282158374786377
1.5108039379119873
1.4997280836105347
1.6680819988250732
1.5850588083267212
1.4604603052139282
1.6786072254180908
1.7113838195800781
1.747384786605835
1.7138677835464478
1.853525996208191
1.7096737623214722
1.810866355895996
1.6876394748687744
1.7897189855575562
1.4868000745773315
1.6719683408737183
1.412866234779358
1.6949633359909058
1.824569582939148
1.7702363729476929
1.4904391765594482
1.5930523872375488
1.3922489881515503
1.7282968759536743
1.7674564123153687
1.670966625213623
1.588044285774231
1.7835228443145752
1.610782504081726
1.6951266527175903
1.7515068054199219
1.4856637716293335
1.7346203327178955
1.5216870307922363
1.6415132284164429
1.399933934211731
1.6592692136764526
1.4280766248703003
1.4394148588180542
1.5778899192810059
1.5307636260986328
1.5914963483810425
1.7987747192382812
1.6448370218276978
1.4801570177078247
