238.22816467285156
244.9420928955078
240.95358276367188
233.23472595214844
246.5725860595703
249.2654266357422
242.0125274658203
238.1715545654297
243.0935516357422
239.696533203125
245.8950653076172
243.47145080566406
232.16055297851562
227.140380859375
240.40032958984375
237.79302978515625
239.81277465820312
238.17913818359375
240.0578155517578
238.9797821044922
233.1245574951172
234.3232879638672
234.45083618164062
238.48764038085938
234.7386474609375
232.33349609375
239.427978515625
233.81497192382812
233.7900848388672
236.47592163085938
236.82875061035156
223.77279663085938
228.69705200195312
233.4080352783203
227.62611389160156
232.90045166015625
229.8723907470703
230.33055114746094
236.82505798339844
227.5714111328125
229.404541015625
229.83554077148438
227.65652465820312
228.22572326660156
228.18739318847656
229.27392578125
220.2467041015625
226.52264404296875
222.79107666015625
224.71226501464844
223.03453063964844
215.08192443847656
219.12062072753906
217.9359130859375
214.12709045410156
217.61282348632812
215.00547790527344
211.0657501220703
213.71536254882812
207.94924926757812
198.514892578125
206.99497985839844
201.03195190429688
206.67852783203125
207.41360473632812
200.3902587890625
200.15182495117188
194.47935485839844
197.02410888671875
191.089599609375
193.04917907714844
198.8453826904297
188.83599853515625
183.50442504882812
185.1880340576172
180.30238342285156
183.2425079345703
180.92677307128906
179.28948974609375
174.2373809814453
174.68299865722656
162.6465301513672
158.49403381347656
159.23898315429688
158.96542358398438
153.8118133544922
152.73292541503906
150.2193603515625
144.6468963623047
142.54981994628906
137.62692260742188
136.60592651367188
128.71957397460938
122.83265686035156
118.3316650390625
115.6364517211914
108.78751373291016
103.57762908935547
99.44335174560547
98.49678039550781
91.70054626464844
87.20867919921875
82.58856201171875
80.9735107421875
77.88815307617188
77.24920654296875
74.18077850341797
71.22312927246094
67.42642211914062
67.60504150390625
65.12046813964844
62.875492095947266
62.051918029785156
58.9570198059082
57.32308578491211
54.09669494628906
53.341209411621094
51.16362380981445
49.37154769897461
46.21879959106445
46.30780029296875
44.45104217529297
42.62124252319336
42.04914093017578
38.975223541259766
38.18842315673828
36.83572006225586
34.137332916259766
34.49823760986328
32.46818542480469
30.975191116333008
29.76300811767578
28.68170166015625
28.003101348876953
26.402624130249023
25.35934066772461
24.29758644104004
23.497177124023438
22.265722274780273
21.344257354736328
20.873193740844727
19.819068908691406
19.220870971679688
18.54899024963379
17.883771896362305
17.529172897338867
17.083133697509766
16.673473358154297
16.477678298950195
16.01279640197754
15.69124984741211
15.619601249694824
15.164262771606445
15.214944839477539
14.945232391357422
14.243179321289062
14.384176254272461
13.994254112243652
13.631707191467285
13.673808097839355
13.455235481262207
13.135903358459473
12.85263729095459
12.963703155517578
12.703152656555176
12.453160285949707
12.266016960144043
12.209457397460938
12.215574264526367
11.885274887084961
11.736848831176758
11.72459602355957
11.5781831741333
11.50924015045166
11.281033515930176
11.221918106079102
11.049100875854492
10.929731369018555
10.74893569946289
10.8471040725708
10.475359916687012
10.51164722442627
10.434614181518555
10.321080207824707
10.220244407653809
10.073687553405762
10.107805252075195
9.786590576171875
9.941702842712402
9.76931381225586
9.488144874572754
9.572309494018555
9.577553749084473
9.51506233215332
9.525548934936523
9.254731178283691
9.318367004394531
9.249878883361816
9.012248039245605
9.15462875366211
8.85462760925293
8.75989818572998
8.766777992248535
8.531929969787598
8.629328727722168
8.590646743774414
8.361084938049316
8.472478866577148
8.350217819213867
8.26634407043457
8.222067832946777
8.11202335357666
7.983161449432373
8.059478759765625
7.9404425621032715
8.045672416687012
7.677842140197754
7.910966873168945
7.570189476013184
7.655676364898682
7.683659076690674
7.379547119140625
7.490121841430664
7.283894062042236
7.209138870239258
7.326863765716553
7.242403030395508
7.206757545471191
7.249194145202637
7.226132392883301
7.2913126945495605
6.997128963470459
6.887308120727539
7.002476692199707
6.982960224151611
6.875644207000732
6.952702522277832
6.877997398376465
6.795253276824951
6.822838306427002
6.666775703430176
6.433351039886475
6.353579044342041
6.428363800048828
6.401793003082275
6.414549350738525
6.601706027984619
6.193290710449219
6.272111415863037
6.180467128753662
6.18934440612793
6.095636367797852
6.141872882843018
5.945921421051025
6.035619735717773
5.9363508224487305
5.908339500427246
5.986757755279541
5.947236061096191
5.837538242340088
5.823261737823486
5.822622776031494
5.87724494934082
5.706132411956787
5.634334087371826
5.860204219818115
5.65116548538208
5.628825664520264
5.88449764251709
5.635491371154785
5.686153888702393
5.72763204574585
5.571887016296387
5.521113395690918
5.575588226318359
5.408454418182373
5.466249465942383
5.456854343414307
5.446869373321533
5.206625938415527
5.437085151672363
5.33463716506958
5.260406970977783
5.115379333496094
5.250643253326416
5.296377658843994
5.293615818023682
5.195301055908203
5.1402668952941895
5.138984203338623
5.20177698135376
5.232112407684326
5.176088809967041
5.1324849128723145
5.12597131729126
5.164413928985596
5.062921047210693
5.0153889656066895
5.015462875366211
5.023579120635986
5.092586994171143
5.060516834259033
5.060802459716797
4.970249176025391
4.946041107177734
4.835176467895508
4.889489650726318
5.060391426086426
4.9738593101501465
4.831265449523926
4.819727420806885
4.732449531555176
4.870078086853027
4.843099594116211
4.815972805023193
4.827723503112793
4.918682098388672
4.745879173278809
4.775986194610596
4.684442043304443
4.728773593902588
4.673091411590576
4.745599746704102
4.742935657501221
4.6661057472229
4.673902988433838
4.720457077026367
4.605227470397949
4.725028991699219
4.480731964111328
4.649507999420166
4.600988864898682
4.607541561126709
4.624785900115967
4.646304607391357
4.479695796966553
4.688924312591553
4.542418003082275
4.589193820953369
4.475937366485596
4.488068103790283
4.351054668426514
4.512415885925293
4.416114807128906
4.567351818084717
4.4522223472595215
4.461836338043213
4.431910514831543
4.371898651123047
4.389832496643066
4.34893274307251
4.57718563079834
4.329652786254883
4.314120769500732
4.32362699508667
4.275875091552734
4.370903491973877
4.409385681152344
4.448070049285889
4.380459785461426
4.373346328735352
4.228435039520264
4.282840251922607
4.261885166168213
4.409895896911621
4.221054553985596
4.207728862762451
4.13979959487915
4.158565044403076
4.298827648162842
4.1697306632995605
4.2022271156311035
4.153248310089111
4.117367744445801
4.067878246307373
4.165802955627441
4.222792148590088
4.012831687927246
4.0222883224487305
4.218066692352295
4.124807834625244
4.044851303100586
4.090240955352783
4.035362243652344
4.124032497406006
4.17660665512085
3.9549400806427
4.110469818115234
3.9541897773742676
3.977444887161255
3.9912779331207275
4.109106063842773
4.001664638519287
3.8682239055633545
3.805711507797241
3.8735949993133545
3.901876449584961
4.0214056968688965
3.916687488555908
3.927805185317993
3.7708394527435303
3.8206119537353516
3.941560745239258
3.8065474033355713
3.8098766803741455
3.9163503646850586
3.8956828117370605
3.755152463912964
3.8642354011535645
3.817249059677124
3.8364782333374023
3.7852699756622314
3.8832430839538574
3.8662755489349365
3.7104640007019043
3.7842161655426025
3.7489335536956787
3.673349380493164
3.692805528640747
3.7826058864593506
3.696134567260742
3.767672300338745
3.703059434890747
3.739989995956421
3.904186725616455
3.80485200881958
3.722909688949585
3.7873871326446533
3.720414876937866
3.739293336868286
3.7604782581329346
3.6979727745056152
3.8345582485198975
3.741111993789673
3.5753347873687744
3.5231990814208984
3.6991796493530273
3.6237430572509766
3.6393842697143555
3.619717597961426
3.573749542236328
3.50281023979187
3.6598238945007324
3.5250000953674316
3.578680992126465
3.598994731903076
3.6918208599090576
3.5136847496032715
3.510887384414673
3.5109493732452393
3.5677568912506104
3.45273494720459
3.5005104541778564
3.554994821548462
3.5222268104553223
3.5116124153137207
3.522063732147217
3.5050125122070312
3.436344623565674
3.4357001781463623
3.624570846557617
3.4997074604034424
3.4555463790893555
3.466906785964966
3.5239129066467285
3.5088088512420654
3.3544249534606934
3.5061001777648926
3.447063446044922
3.4287803173065186
3.4928317070007324
3.4371893405914307
3.463395118713379
3.4147727489471436
3.359387159347534
3.4473772048950195
3.4356648921966553
3.3505477905273438
3.4314305782318115
3.4414730072021484
3.3336548805236816
3.4721734523773193
3.323786497116089
3.3827035427093506
3.362014055252075
3.3144478797912598
3.3543941974639893
3.2620625495910645
3.367488145828247
3.5797441005706787
3.29995059967041
3.521430492401123
3.3692383766174316
3.3008008003234863
3.249338150024414
3.500307321548462
3.2993814945220947
3.210686206817627
3.2993180751800537
3.4736781120300293
3.2510194778442383
3.256091356277466
3.2723398208618164
3.2899162769317627
3.2253646850585938
3.2092812061309814
3.3385825157165527
3.1664023399353027
3.2951340675354004
3.1343719959259033
3.3751821517944336
3.201894998550415
3.2360801696777344
3.26715350151062
3.1990625858306885
3.178539514541626
3.124936103820801
3.234736204147339
3.169250011444092
3.2402772903442383
3.1907577514648438
3.1971662044525146
3.292006254196167
3.1494557857513428
3.2678749561309814
3.2745494842529297
3.1444573402404785
3.174589157104492
3.145446538925171
3.1246163845062256
3.1342358589172363
3.113046884536743
3.1577329635620117
3.168890953063965
3.129164457321167
3.1405887603759766
3.2011263370513916
3.0685036182403564
3.1107516288757324
3.1944096088409424
3.1966428756713867
3.070943593978882
3.17208194732666
3.1204752922058105
3.2021045684814453
3.128631591796875
3.035637140274048
3.052851915359497
3.072082996368408
3.103649854660034
3.0662777423858643
3.2494874000549316
3.08171010017395
3.1626102924346924
3.1547529697418213
3.0223968029022217
3.087158441543579
3.0756208896636963
3.0141382217407227
3.141308307647705
3.0999717712402344
2.976799488067627
2.983236074447632
3.061321258544922
3.1006805896759033
3.0355494022369385
2.9306583404541016
2.982355833053589
2.945704936981201
3.01025128364563
3.0099058151245117
2.9449565410614014
2.981780529022217
3.0058541297912598
2.913123369216919
3.002262830734253
2.9943716526031494
2.9481828212738037
2.988356590270996
2.934199333190918
2.9312961101531982
2.9265248775482178
2.9282150268554688
2.907141923904419
2.9841301441192627
2.941112518310547
2.8893308639526367
2.9419093132019043
2.9399983882904053
2.9465420246124268
2.8686344623565674
2.8707709312438965
2.9056527614593506
2.9640791416168213
2.802625894546509
2.9729487895965576
2.885852575302124
3.0072691440582275
2.9105045795440674
2.8882312774658203
2.8935413360595703
2.930612564086914
2.9030368328094482
2.9213650226593018
2.896502733230591
2.8769304752349854
2.8203420639038086
2.8267600536346436
3.0171196460723877
2.8853981494903564
2.977004051208496
2.877683162689209
2.9720234870910645
2.9501779079437256
2.7975029945373535
2.8166615962982178
2.8447682857513428
2.829742670059204
2.8603971004486084
2.8663992881774902
2.9223475456237793
2.924586772918701
2.8009591102600098
2.926880121231079
3.0062668323516846
2.8485798835754395
2.8705332279205322
2.845796823501587
2.797023057937622
2.8879404067993164
2.9240469932556152
2.808563470840454
2.8411271572113037
2.8168962001800537
2.8204827308654785
2.92934513092041
2.8099522590637207
2.9757583141326904
2.742541790008545
2.742751121520996
2.860342502593994
2.7848098278045654
2.763777256011963
2.8857100009918213
2.803696632385254
2.8299105167388916
2.7474637031555176
2.8847503662109375
2.814462661743164
2.729569911956787
2.7263975143432617
2.9007742404937744
2.8445851802825928
2.8735368251800537
2.771090030670166
2.8135581016540527
2.865865468978882
2.753509044647217
2.7690179347991943
2.7155234813690186
2.717557668685913
2.7149505615234375
2.8334736824035645
2.7895023822784424
2.788839340209961
2.7827165126800537
2.79948353767395
2.743562936782837
2.757150888442993
2.806735038757324
2.7837255001068115
2.735891103744507
2.7735323905944824
2.7442455291748047
2.832064151763916
2.8054916858673096
2.7214596271514893
2.722113847732544
2.735072612762451
2.7752344608306885
2.770070791244507
2.860718011856079
2.815110206604004
2.8098981380462646
2.765562057495117
2.732998847961426
2.7586045265197754
2.8126327991485596
2.7180538177490234
2.7097713947296143
2.854536771774292
2.652445077896118
2.7836389541625977
2.826988697052002
2.7361462116241455
2.6542720794677734
2.748667001724243
2.7840073108673096
2.693671703338623
2.8251829147338867
2.764979362487793
2.69236421585083
2.75917387008667
2.733694076538086
2.692416191101074
2.732311248779297
2.773200035095215
2.7736148834228516
2.7264249324798584
2.7151076793670654
2.737729549407959
2.708329916000366
2.777961254119873
2.7261171340942383
2.6862952709198
2.6498148441314697
2.7055394649505615
2.884881019592285
2.7536845207214355
2.6218924522399902
2.774632453918457
2.65480899810791
2.748847723007202
2.7184345722198486
2.6650893688201904
2.6507105827331543
2.717395305633545
2.7082509994506836
2.6378631591796875
2.695079803466797
2.694347858428955
2.7350339889526367
2.6437559127807617
2.635803699493408
2.6772358417510986
2.6967544555664062
2.692784309387207
2.6479713916778564
2.654935359954834
2.57844877243042
2.6898739337921143
2.620522975921631
2.742866277694702
2.6294891834259033
2.5774030685424805
2.682551383972168
2.651470899581909
2.7920889854431152
2.7037174701690674
2.65382981300354
2.7062222957611084
2.6287121772766113
2.5486361980438232
2.772900104522705
2.6902146339416504
2.6730408668518066
2.701495409011841
2.723212718963623
2.6332783699035645
2.642047166824341
2.672816753387451
2.580411434173584
2.761042356491089
2.574414014816284
2.65309476852417
2.640313148498535
2.6466128826141357
2.669177770614624
2.6353516578674316
2.721857786178589
2.5718650817871094
2.5654115676879883
2.596285820007324
2.6114661693573
2.6142354011535645
2.63185715675354
2.576296806335449
2.677889823913574
2.6549019813537598
2.6305155754089355
2.6157712936401367
2.726186752319336
2.6030235290527344
2.621715784072876
2.6854541301727295
2.636676549911499
2.572437286376953
2.619441032409668
2.627250909805298
2.86136531829834
2.630962610244751
2.584743022918701
2.670261859893799
2.5674705505371094
2.6269476413726807
2.666001796722412
2.5632808208465576
2.5767219066619873
2.5935516357421875
2.561232566833496
2.55224609375
2.6768343448638916
2.648844003677368
2.680105447769165
2.626554250717163
2.5558793544769287
2.6779487133026123
2.7726051807403564
2.656156301498413
2.555274724960327
2.583094596862793
2.5474395751953125
2.6058788299560547
2.6644017696380615
2.6243841648101807
2.6493985652923584
2.597579002380371
2.536475658416748
2.5090529918670654
2.6123764514923096
2.588582992553711
2.7115988731384277
2.669231414794922
2.6023781299591064
2.5578999519348145
2.524984359741211
2.598893404006958
2.6945133209228516
2.5783228874206543
2.641792058944702
2.6031334400177
2.626497745513916
2.5819344520568848
2.6353607177734375
2.6071064472198486
2.793346405029297
2.6036226749420166
2.626852035522461
2.637331962585449
2.5562491416931152
2.6383678913116455
2.579566240310669
2.5868618488311768
2.6241626739501953
2.606299638748169
2.5073699951171875
2.618314743041992
2.750659704208374
2.5810394287109375
2.7092032432556152
2.6756086349487305
2.596557140350342
2.547576665878296
2.607299566268921
2.5524773597717285
2.6209280490875244
2.5666327476501465
2.566030740737915
2.5810184478759766
2.5060131549835205
2.5087530612945557
2.5096139907836914
2.588740110397339
2.6095035076141357
2.659280300140381
2.5662519931793213
2.5461156368255615
2.6159679889678955
2.621579170227051
2.742323398590088
2.563763380050659
2.5822551250457764
2.4791312217712402
2.5828285217285156
2.52793025970459
2.6637887954711914
2.606435775756836
2.671936273574829
2.5491220951080322
2.631561279296875
2.520308256149292
2.6119306087493896
2.5083515644073486
2.506887197494507
2.5982766151428223
2.5332469940185547
2.48632550239563
2.5511391162872314
2.585927724838257
2.56412935256958
2.5842373371124268
2.4934422969818115
2.4869775772094727
2.518407106399536
2.585836410522461
2.4760451316833496
2.619877815246582
2.547382354736328
2.500204563140869
2.704894542694092
2.5946948528289795
2.58968448638916
2.565514326095581
2.6259500980377197
2.577359914779663
2.5784552097320557
2.5929489135742188
2.5698626041412354
2.6354727745056152
2.585151433944702
2.617063283920288
2.557631015777588
2.5026190280914307
2.505004405975342
2.530475616455078
2.5435283184051514
2.5196096897125244
2.577155590057373
2.630401134490967
2.573707342147827
2.5468900203704834
2.5774521827697754
2.6164371967315674
2.5539071559906006
2.452316999435425
2.536975622177124
2.592252254486084
2.4827260971069336
2.533395290374756
2.482174873352051
