358.44940185546875
365.2891540527344
368.453857421875
371.060546875
360.85546875
358.2945861816406
373.3610534667969
360.6397705078125
364.2603454589844
374.4394836425781
367.9346008300781
372.6251525878906
355.0873718261719
378.5666809082031
372.2194519042969
371.7793884277344
379.10626220703125
364.2368469238281
366.4491271972656
379.80670166015625
369.26678466796875
373.426025390625
372.2101745605469
370.2290344238281
362.5417785644531
375.7452697753906
379.6588439941406
348.75994873046875
368.2449951171875
372.955322265625
347.5232238769531
366.5872497558594
360.99658203125
368.5257873535156
373.0518493652344
371.2649230957031
360.33062744140625
370.8675231933594
371.93988037109375
369.46685791015625
357.32110595703125
359.5538330078125
368.03277587890625
374.61431884765625
367.5410461425781
382.7834167480469
360.9037780761719
373.6499328613281
350.0640869140625
364.2855529785156
354.7564392089844
347.3418273925781
355.1602478027344
374.0032043457031
370.45965576171875
350.7336120605469
361.0317687988281
357.8613586425781
363.8890380859375
376.2348937988281
362.0530090332031
344.7208557128906
367.6870422363281
349.7939147949219
366.9823303222656
358.0909423828125
375.2633056640625
368.2135314941406
362.76434326171875
369.77447509765625
371.7489318847656
363.7810363769531
365.3473205566406
368.8514404296875
366.6151428222656
368.2586364746094
380.03594970703125
370.09814453125
362.2456359863281
373.7836608886719
359.0328063964844
376.325439453125
371.4595031738281
377.66864013671875
382.72833251953125
367.28668212890625
371.9231262207031
378.70697021484375
367.99200439453125
372.20068359375
373.3963928222656
363.8944396972656
368.8462219238281
342.8255615234375
347.6472473144531
308.53802490234375
289.02117919921875
249.07435607910156
217.92286682128906
177.9939422607422
130.44325256347656
110.55958557128906
114.93317413330078
122.65235137939453
126.44049835205078
125.9784927368164
118.1723403930664
103.90262603759766
89.09754180908203
86.53459167480469
100.17344665527344
112.62062072753906
114.18213653564453
138.70877075195312
141.2669677734375
149.1246795654297
129.679931640625
126.69439697265625
128.63523864746094
112.46464538574219
87.69036102294922
92.89385986328125
76.76301574707031
65.61164855957031
56.45591354370117
50.98163986206055
48.17998504638672
50.58940124511719
53.83062744140625
53.56685256958008
52.275455474853516
50.69279861450195
67.98778533935547
64.83116912841797
61.905330657958984
59.91165542602539
53.266563415527344
42.066619873046875
46.50217819213867
41.094303131103516
35.8171501159668
29.6053409576416
32.128662109375
29.117334365844727
33.161094665527344
30.89959716796875
31.90910530090332
36.592132568359375
29.104209899902344
28.310503005981445
23.701997756958008
23.620698928833008
20.81285285949707
20.625905990600586
19.545007705688477
19.793781280517578
20.808197021484375
20.832874298095703
15.798176765441895
12.48806381225586
13.202228546142578
13.619370460510254
14.269672393798828
15.348490715026855
14.684060096740723
13.075125694274902
12.224846839904785
12.346665382385254
10.541993141174316
10.425360679626465
7.67711877822876
8.4322509765625
6.054580211639404
6.025564193725586
7.0955376625061035
6.638576984405518
6.017337799072266
5.6732563972473145
5.376932621002197
7.47946834564209
10.029348373413086
6.943094253540039
7.747274398803711
5.464321136474609
9.153037071228027
6.455718040466309
5.646318435668945
4.964636325836182
5.558464050292969
7.583695888519287
6.644533157348633
4.759289741516113
4.552646636962891
3.587324857711792
8.451022148132324
5.731918811798096
4.9855427742004395
5.724362850189209
3.134028196334839
6.070556163787842
4.576737880706787
4.741799354553223
3.6233863830566406
3.243006467819214
6.511868953704834
3.969400405883789
2.950019598007202
3.753275156021118
4.024807453155518
3.669001817703247
3.04463791847229
5.847257137298584
3.5346522331237793
4.315937519073486
3.3063154220581055
3.0672006607055664
3.9899709224700928
4.042784690856934
2.907339096069336
2.558868885040283
3.8387389183044434
3.544790029525757
3.628180742263794
4.564864635467529
2.7564821243286133
5.645047187805176
3.5268094539642334
3.4116246700286865
5.794178485870361
5.048828125
3.9254539012908936
4.956274509429932
3.557993173599243
5.585405349731445
5.637369155883789
5.6698150634765625
5.764851093292236
2.7217941284179688
4.602048873901367
4.76457405090332
2.502389430999756
3.8271381855010986
2.9950668811798096
3.509443521499634
5.10900354385376
2.9185545444488525
5.291789531707764
6.388966083526611
7.111354351043701
4.555353164672852
4.79005765914917
5.04361629486084
3.515658140182495
6.845134258270264
8.231008529663086
5.635636806488037
3.2285537719726562
5.7533440589904785
3.597034454345703
5.283758163452148
8.456841468811035
4.1891255378723145
3.8270115852355957
3.5518593788146973
3.115377902984619
6.447817802429199
6.104837894439697
1.7603874206542969
4.019056797027588
6.385951519012451
3.230281114578247
3.8767876625061035
3.243138074874878
4.440486907958984
3.908590793609619
3.808483123779297
5.177712917327881
2.5225064754486084
4.2970356941223145
5.330465316772461
3.4067399501800537
3.8056211471557617
3.4784467220306396
3.803408145904541
3.808927059173584
3.519367218017578
3.093090772628784
2.6254470348358154
5.235091209411621
3.1738147735595703
4.203700065612793
3.2812037467956543
2.776405096054077
2.504293203353882
2.433831214904785
2.317509651184082
2.55594801902771
4.485106468200684
3.099574327468872
3.166419506072998
2.005457878112793
2.80652117729187
4.939922332763672
2.98868989944458
3.099599599838257
2.150526523590088
4.444760799407959
4.750761032104492
2.835418224334717
3.0338027477264404
5.14042329788208
4.214079856872559
4.156616687774658
5.693488121032715
5.1508331298828125
4.200209140777588
6.993882656097412
6.6787309646606445
2.364095449447632
4.412497043609619
3.3446803092956543
2.5586183071136475
5.097259044647217
5.04902458190918
2.339092254638672
4.706934452056885
5.016180515289307
3.3608157634735107
4.868254661560059
4.093950271606445
4.7367424964904785
3.682102918624878
3.4021501541137695
3.5851783752441406
4.548515796661377
2.9606564044952393
4.626293182373047
2.8947594165802
2.463958740234375
3.2716543674468994
4.244428634643555
2.9413437843322754
5.120757579803467
4.734631538391113
3.4940173625946045
3.816640853881836
7.570545673370361
6.686498165130615
2.988740921020508
4.029548168182373
6.249658584594727
5.697494983673096
3.883014440536499
7.337437629699707
5.397243022918701
2.815056562423706
5.142550468444824
6.176158428192139
2.828880786895752
4.4921393394470215
4.103190898895264
3.5990443229675293
3.740887403488159
5.02714204788208
4.092929363250732
2.6796367168426514
4.095037460327148
1.7534500360488892
2.063608407974243
2.8151395320892334
3.622467279434204
2.184694528579712
2.417877674102783
2.1489641666412354
2.981647253036499
2.145761251449585
2.8685030937194824
2.246095895767212
2.359163761138916
3.273836851119995
4.574906826019287
2.7464239597320557
4.618327617645264
8.324749946594238
5.43481969833374
4.842047214508057
5.473282814025879
4.630229473114014
2.478898525238037
4.2667059898376465
4.879237651824951
4.227959632873535
4.480320453643799
6.334754467010498
3.8329432010650635
2.1349759101867676
5.7684125900268555
4.658630847930908
2.7172486782073975
3.668813943862915
6.004354000091553
4.538743495941162
3.222647190093994
4.1150007247924805
2.852609395980835
1.933519721031189
2.4407269954681396
2.7981390953063965
2.3392813205718994
2.085564136505127
3.127091646194458
3.5778861045837402
1.7309752702713013
1.9589192867279053
3.1392598152160645
2.5174741744995117
1.7090816497802734
3.8258934020996094
4.148508548736572
3.501634120941162
3.1787164211273193
2.7167694568634033
2.6662025451660156
3.4468274116516113
2.8397867679595947
2.9817662239074707
2.9246673583984375
3.571772336959839
4.574892044067383
3.086205005645752
2.802215099334717
2.8712210655212402
2.5153439044952393
3.086038112640381
2.871987819671631
2.4740941524505615
2.543036699295044
2.0599098205566406
2.545053243637085
2.8027050495147705
3.5773894786834717
2.4617362022399902
4.484482288360596
5.771946430206299
3.1611244678497314
2.052640199661255
3.6003594398498535
5.940646648406982
2.8210623264312744
3.309026002883911
3.77353835105896
3.9376959800720215
3.6204614639282227
3.3557024002075195
3.0418944358825684
3.046593427658081
2.4561996459960938
2.523955821990967
3.837322950363159
3.7589361667633057
2.9811809062957764
1.7728846073150635
3.550746202468872
2.8420774936676025
2.5514180660247803
2.998286008834839
3.2840633392333984
3.5006330013275146
4.454873085021973
3.7353079319000244
3.16898512840271
2.5440714359283447
2.3060414791107178
2.0575506687164307
2.2475361824035645
3.1749584674835205
2.22404408454895
2.028909683227539
2.7877743244171143
2.5416343212127686
3.528886556625366
1.6848223209381104
2.506166696548462
1.9705365896224976
1.4664825201034546
1.7527461051940918
2.5361123085021973
3.1507205963134766
2.8471570014953613
3.437530040740967
2.6442172527313232
3.2772042751312256
2.068763256072998
2.1701254844665527
2.0420584678649902
1.949059009552002
1.809334397315979
2.6741628646850586
2.9734325408935547
1.9779636859893799
2.311748743057251
2.80137038230896
3.1594882011413574
2.919548273086548
1.7996505498886108
2.8359487056732178
2.5645840167999268
1.8913027048110962
2.4466440677642822
2.608210325241089
1.8880538940429688
4.061816215515137
4.218226432800293
2.0294127464294434
3.845796585083008
5.2785162925720215
3.5985467433929443
2.48952317237854
4.212419509887695
3.1465985774993896
2.1731646060943604
2.9511325359344482
3.493797540664673
2.6867353916168213
1.8765407800674438
3.543950080871582
2.646733522415161
2.421063184738159
2.8749046325683594
3.350039005279541
2.272711753845215
3.3891336917877197
2.852365016937256
1.740769386291504
1.912928819656372
2.4172348976135254
2.7783031463623047
1.8696181774139404
2.5077545642852783
2.4758293628692627
2.686584234237671
2.0414326190948486
2.7913498878479004
2.815248489379883
3.453768253326416
2.8526430130004883
2.7065155506134033
1.8389400243759155
2.6629528999328613
3.029059886932373
2.6542882919311523
4.102613925933838
3.284566640853882
2.2973906993865967
3.4816408157348633
3.9124882221221924
3.0757625102996826
2.673332452774048
3.2414462566375732
2.7829113006591797
2.574758768081665
4.637803554534912
3.336794376373291
3.091120481491089
4.021578788757324
4.180596351623535
3.5871224403381348
2.6228747367858887
3.582767963409424
5.007107257843018
3.678823232650757
2.8422813415527344
3.2570486068725586
4.247372627258301
3.374804735183716
3.5484232902526855
3.065000057220459
4.0767083168029785
3.4307563304901123
2.713632345199585
3.744795083999634
5.16702938079834
3.7415249347686768
2.442573308944702
4.108145713806152
5.8836669921875
3.2511069774627686
1.696864128112793
4.190887451171875
4.360691070556641
2.408944606781006
1.8090304136276245
2.302711009979248
1.6753839254379272
1.659463882446289
1.670814871788025
1.8073177337646484
2.1471216678619385
2.28371262550354
2.8415796756744385
2.0739777088165283
1.5622341632843018
1.584996223449707
2.7096762657165527
3.1764607429504395
2.2560620307922363
2.1490724086761475
2.050605297088623
3.123053550720215
1.7700130939483643
1.7384424209594727
3.649975061416626
4.4190521240234375
3.585453987121582
1.615397334098816
1.7127631902694702
3.67084002494812
3.2078804969787598
2.7644729614257812
3.5168473720550537
3.2774407863616943
2.417418956756592
3.3139002323150635
4.187305450439453
2.681523084640503
2.2777326107025146
4.084044456481934
3.5186057090759277
2.608633041381836
2.451059579849243
3.2891488075256348
2.9858670234680176
2.010404348373413
1.6839567422866821
1.8799314498901367
1.9214991331100464
1.632777214050293
2.8361310958862305
1.9467439651489258
1.5909477472305298
2.2738399505615234
4.0363850593566895
2.0096848011016846
2.411968231201172
2.5306918621063232
3.2170207500457764
3.9639177322387695
1.9937366247177124
2.580800771713257
1.7725361585617065
2.652608633041382
2.55200457572937
2.538259506225586
2.0177345275878906
1.7165961265563965
1.9333418607711792
1.9119516611099243
3.4821531772613525
1.594744086265564
1.233578085899353
2.9521121978759766
1.7219719886779785
3.039612293243408
2.8144571781158447
2.0368235111236572
2.2345809936523438
1.9676942825317383
1.6230909824371338
2.016481876373291
1.3201196193695068
1.621167540550232
3.1085870265960693
1.823174238204956
1.3232076168060303
1.8709263801574707
1.7528589963912964
1.3184964656829834
2.333035469055176
1.8846181631088257
2.15458607673645
1.4302617311477661
2.9285776615142822
3.2965426445007324
2.4902493953704834
2.018286943435669
2.3077244758605957
4.001445293426514
3.415796995162964
1.9160206317901611
2.4625489711761475
2.8289310932159424
2.2768828868865967
2.447174310684204
1.6926213502883911
1.5363900661468506
2.3443779945373535
2.7162487506866455
1.9062443971633911
1.8030660152435303
2.19685435295105
1.9659196138381958
1.511855125427246
1.760766625404358
2.2220346927642822
1.8847495317459106
1.3814020156860352
2.2096405029296875
2.2431139945983887
1.6084612607955933
1.6092402935028076
2.468834400177002
3.2913825511932373
2.6633810997009277
2.49100661277771
2.605430841445923
1.974759817123413
1.7454861402511597
2.182141065597534
3.0868234634399414
2.11657977104187
1.9122718572616577
2.3430051803588867
2.2694830894470215
2.2388339042663574
1.4595779180526733
2.928253173828125
1.9303878545761108
2.6460812091827393
2.1326351165771484
2.1642069816589355
1.5239218473434448
1.1830368041992188
3.0889368057250977
1.4703209400177002
2.580712080001831
1.292777180671692
1.446333885192871
2.969599723815918
1.608292818069458
1.6718239784240723
2.017874002456665
1.9539254903793335
2.0907704830169678
2.1677253246307373
3.353318214416504
3.2007710933685303
2.2612595558166504
1.1970093250274658
1.5481129884719849
2.392195463180542
2.201314926147461
2.673239231109619
1.7141733169555664
1.7280038595199585
1.923841953277588
4.743704795837402
2.9022505283355713
2.045337438583374
1.3620221614837646
2.7707643508911133
2.485417127609253
2.462376594543457
1.7759934663772583
1.4173469543457031
1.6523480415344238
2.763948678970337
4.055451393127441
4.4424614906311035
2.6462578773498535
2.583684206008911
2.0343637466430664
1.836774230003357
1.605898141860962
3.9608285427093506
2.7924282550811768
2.6858913898468018
1.9367852210998535
2.1881930828094482
2.1322720050811768
2.454329252243042
2.1340441703796387
1.9395074844360352
2.1016273498535156
2.001938581466675
1.7584049701690674
1.442623496055603
2.23336124420166
1.5065515041351318
1.806014895439148
1.6408107280731201
1.5856294631958008
1.8942162990570068
1.6684752702713013
1.7515066862106323
1.9825422763824463
2.1732192039489746
1.7888261079788208
2.395230531692505
1.3059849739074707
2.250638484954834
3.363474130630493
1.771050214767456
1.5837522745132446
1.9547048807144165
1.7894556522369385
1.559831142425537
2.1232237815856934
4.469445705413818
2.7689592838287354
1.7272865772247314
2.52060604095459
2.167206287384033
1.8594813346862793
1.4269357919692993
3.083397150039673
3.752892255783081
4.0604376792907715
2.081167221069336
1.4741462469100952
2.071371555328369
1.2721359729766846
1.7572872638702393
1.501588225364685
1.5612239837646484
1.6452113389968872
1.2196155786514282
1.3360490798950195
1.401628851890564
1.692186713218689
1.3800909519195557
1.5507196187973022
1.566962480545044
1.1981605291366577
1.3904508352279663
2.846590518951416
1.8299895524978638
1.5706857442855835
1.5244688987731934
4.082620620727539
2.03259015083313
1.9809315204620361
1.058319330215454
1.6443332433700562
3.128929853439331
1.9668217897415161
1.5219082832336426
2.498084783554077
1.4636352062225342
2.310228109359741
2.5128443241119385
1.7096318006515503
1.3836342096328735
2.64371395111084
2.21331524848938
1.7441011667251587
1.5880078077316284
2.272634983062744
1.4097027778625488
2.454517126083374
3.3179280757904053
1.0157082080841064
1.456599235534668
1.2583060264587402
2.184417486190796
1.9783127307891846
1.0100147724151611
1.4848018884658813
1.7444226741790771
1.6611449718475342
1.215085506439209
1.4297511577606201
1.8307256698608398
1.2016886472702026
1.8646131753921509
1.2807550430297852
1.6531730890274048
2.08697509765625
1.2959054708480835
1.5765793323516846
1.5312801599502563
1.1285269260406494
1.4942156076431274
2.0040388107299805
2.054683208465576
2.4428787231445312
0.9801272749900818
2.589245080947876
1.353684902191162
1.4649313688278198
1.4412198066711426
1.9933533668518066
1.7440197467803955
2.159754753112793
1.5354284048080444
1.1589773893356323
1.2768346071243286
1.3770458698272705
2.129021406173706
1.0678298473358154
1.488996148109436
1.5051841735839844
1.078754186630249
1.783252477645874
1.5757771730422974
1.6537941694259644
1.2876167297363281
1.2837638854980469
1.0309423208236694
1.0417312383651733
1.6059504747390747
2.344925880432129
1.862457275390625
1.268082857131958
1.2494474649429321
0.9571818709373474
1.2527793645858765
2.414630174636841
1.3271092176437378
2.138136386871338
1.6185824871063232
2.6661484241485596
1.5124168395996094
2.508594512939453
1.112777829170227
1.85130774974823
2.0635805130004883
2.5319526195526123
2.134401559829712
1.4518505334854126
2.138904571533203
