212.6986541748047
236.62210083007812
246.6897735595703
274.3852844238281
278.2135314941406
226.013427734375
225.73582458496094
272.59588623046875
228.87237548828125
280.3616943359375
235.56260681152344
244.8178253173828
272.8078918457031
247.568115234375
272.8694763183594
299.4109191894531
228.01434326171875
260.2579650878906
254.1800537109375
234.88265991210938
293.0888366699219
288.0465393066406
287.4129638671875
292.3968811035156
284.31488037109375
282.0813293457031
280.8175048828125
252.87799072265625
245.33375549316406
235.73838806152344
222.70596313476562
301.83184814453125
278.7762756347656
287.1922912597656
221.37625122070312
268.58831787109375
286.75823974609375
238.08670043945312
262.9737854003906
232.41839599609375
273.0452880859375
263.2664794921875
261.3851623535156
261.0293273925781
268.2635498046875
234.36480712890625
260.3452453613281
290.7347717285156
255.2936553955078
196.34693908691406
206.34597778320312
272.1413879394531
286.8314208984375
257.4285583496094
261.37286376953125
275.43243408203125
257.3713684082031
231.45005798339844
271.2247619628906
264.02374267578125
276.9441223144531
253.1979522705078
294.4534912109375
264.534423828125
283.770263671875
222.43893432617188
240.16311645507812
269.163818359375
295.3045959472656
233.32948303222656
280.6885986328125
245.37742614746094
196.0918426513672
249.9211883544922
297.8808898925781
224.5405731201172
279.8599853515625
289.3362121582031
308.852294921875
218.3040313720703
274.9386901855469
280.9410095214844
326.4543151855469
281.09088134765625
262.7764892578125
242.47958374023438
244.38375854492188
201.82720947265625
216.44869995117188
226.88473510742188
208.88726806640625
209.13262939453125
203.27305603027344
162.55059814453125
159.774169921875
323.08721923828125
118.95806121826172
107.91041564941406
89.12784576416016
124.33956146240234
124.14881134033203
105.29609680175781
135.57127380371094
127.59845733642578
120.18473052978516
78.63594055175781
125.92005920410156
107.97714233398438
79.30907440185547
76.83995819091797
68.2043228149414
66.07398223876953
61.19140625
63.6151237487793
133.639404296875
51.6610221862793
54.04331970214844
60.871456146240234
59.87980270385742
52.062965393066406
64.81475067138672
71.16737365722656
36.598114013671875
84.59465026855469
70.59416198730469
43.408931732177734
39.2328987121582
31.78932762145996
30.988079071044922
37.57998275756836
19.000059127807617
19.70672607421875
17.080717086791992
26.12493896484375
31.370128631591797
19.517038345336914
19.31285858154297
26.664209365844727
26.701820373535156
16.054115295410156
16.990699768066406
7.809325218200684
16.619787216186523
25.405149459838867
13.388679504394531
21.379125595092773
13.713418960571289
14.06411361694336
7.449943542480469
14.280545234680176
19.91652488708496
17.55877685546875
17.28069305419922
14.17155647277832
18.240833282470703
18.265674591064453
21.147619247436523
12.03808307647705
15.53650188446045
11.38614559173584
14.477693557739258
23.666702270507812
19.231189727783203
15.569047927856445
7.7612080574035645
14.241216659545898
16.745168685913086
6.481680393218994
7.953541278839111
13.177557945251465
15.294867515563965
10.284955024719238
4.561827659606934
13.922769546508789
11.461980819702148
8.696797370910645
5.733531475067139
5.7923359870910645
7.914706707000732
8.594470024108887
15.534891128540039
18.62343406677246
8.95140552520752
7.3479180335998535
5.7800517082214355
7.947717666625977
6.771509170532227
9.679793357849121
13.889331817626953
7.019874095916748
10.16108226776123
10.577836990356445
7.682648658752441
22.7606201171875
17.841482162475586
10.914141654968262
15.718537330627441
20.376434326171875
21.351219177246094
15.718116760253906
5.415556907653809
15.302753448486328
16.585834503173828
9.961976051330566
12.367023468017578
22.04091453552246
11.979833602905273
8.017400741577148
10.05644702911377
11.776715278625488
9.733692169189453
9.163313865661621
13.885124206542969
20.25980567932129
9.027555465698242
6.301736354827881
10.265625
12.408658981323242
13.60072135925293
8.054333686828613
7.251297473907471
4.471749305725098
7.371881008148193
7.015449523925781
5.914702415466309
7.059772491455078
8.96049690246582
15.100587844848633
8.157418251037598
7.469066619873047
7.39912748336792
4.209878921508789
8.068587303161621
7.4608893394470215
11.468793869018555
8.453107833862305
5.391637325286865
5.134086608886719
9.063328742980957
6.794457912445068
7.239992618560791
6.168707370758057
4.228078365325928
7.800185203552246
6.289591312408447
6.118227958679199
14.355452537536621
14.582998275756836
7.910041332244873
8.83776569366455
5.8006792068481445
6.087473392486572
7.50084924697876
8.784722328186035
10.47822093963623
9.451390266418457
11.411121368408203
7.371335029602051
9.24448299407959
5.174156188964844
5.003452301025391
6.123365879058838
7.634488105773926
5.580243110656738
10.37855339050293
6.134765148162842
4.494773864746094
15.443758010864258
6.349656581878662
9.01104736328125
5.421354293823242
9.464669227600098
8.150754928588867
5.825626850128174
5.492165565490723
10.060070037841797
10.950270652770996
7.596146583557129
9.404685974121094
10.18415355682373
3.317758798599243
8.798724174499512
9.224896430969238
6.85996675491333
8.682883262634277
10.649859428405762
7.470639705657959
7.78539514541626
8.215571403503418
7.9710493087768555
6.115006446838379
8.050670623779297
6.393508434295654
7.554967880249023
4.56260347366333
4.745919704437256
4.76051139831543
4.311677932739258
4.772822380065918
5.803236484527588
8.075675964355469
11.558666229248047
4.624429225921631
4.984794616699219
6.618863105773926
5.5021467208862305
12.890398979187012
8.826275825500488
5.0755767822265625
2.796839714050293
8.300983428955078
8.508271217346191
7.643441200256348
8.578513145446777
5.9394659996032715
3.687288522720337
8.064055442810059
6.658744812011719
9.174505233764648
3.0933146476745605
6.921655654907227
11.650894165039062
8.699731826782227
8.79870891571045
7.60060977935791
8.464005470275879
11.209870338439941
8.198412895202637
7.231822967529297
6.8480987548828125
6.663728713989258
4.223443508148193
4.274322986602783
4.815800189971924
5.6124444007873535
4.936272621154785
6.062831401824951
12.30566120147705
4.479124069213867
7.630545616149902
12.6757230758667
9.345541954040527
5.2883477210998535
7.502701282501221
5.401135444641113
14.276703834533691
16.13205337524414
11.207624435424805
6.012538909912109
4.961988925933838
11.593558311462402
9.30705451965332
6.312376022338867
13.844305038452148
13.058841705322266
9.928242683410645
10.433649063110352
9.60763931274414
5.977451801300049
4.964446544647217
4.530302047729492
7.2640252113342285
6.8703694343566895
8.493107795715332
3.2205088138580322
7.616156101226807
7.0142011642456055
6.349636554718018
6.483314037322998
6.038896560668945
6.8577775955200195
6.290189266204834
8.488324165344238
8.264662742614746
8.90515422821045
10.75599193572998
4.184117317199707
4.142388820648193
8.015205383300781
5.322449207305908
8.120198249816895
11.604471206665039
6.286738872528076
4.30778694152832
5.685726165771484
5.2154388427734375
4.867025852203369
5.943403244018555
11.163103103637695
15.269684791564941
6.8727264404296875
5.474879264831543
5.238043308258057
5.079774379730225
5.726755142211914
4.690225124359131
4.723141670227051
4.408380031585693
7.5203070640563965
9.148847579956055
6.6573100090026855
5.840771675109863
6.4964447021484375
6.178814888000488
6.81273889541626
3.446305990219116
7.282349109649658
4.3260884284973145
7.231095790863037
9.787823677062988
8.433751106262207
5.942172050476074
4.626248359680176
8.177669525146484
12.210776329040527
10.74996280670166
7.414146900177002
4.102293014526367
8.97065544128418
8.666946411132812
7.002175807952881
7.352626323699951
7.747462749481201
3.258681297302246
5.058511734008789
6.805953502655029
11.0184326171875
4.473262786865234
4.749843120574951
6.235132694244385
6.076664447784424
4.738742828369141
4.993493556976318
4.465665817260742
8.397063255310059
7.783940315246582
7.211770057678223
6.65219259262085
3.9022376537323
6.471802711486816
5.748165130615234
7.490594863891602
6.299391746520996
4.316978931427002
4.122560977935791
3.3621668815612793
4.995800018310547
5.166229724884033
5.330094814300537
4.31688117980957
4.391222953796387
3.7797279357910156
4.780158996582031
3.9538960456848145
2.9026968479156494
3.885164499282837
3.6821794509887695
2.81280517578125
3.9298343658447266
5.780754089355469
7.736196994781494
7.933516025543213
5.237222671508789
4.835318565368652
3.12217378616333
2.703747034072876
4.280706882476807
6.651718616485596
8.494126319885254
9.656726837158203
3.947991132736206
4.261322021484375
2.7620441913604736
2.3995115756988525
10.002320289611816
8.572488784790039
7.082862377166748
8.246371269226074
4.9922966957092285
5.352564811706543
3.0809428691864014
10.230140686035156
6.252729415893555
8.635764122009277
9.093505859375
3.1928815841674805
4.073539733886719
5.853729724884033
3.2768449783325195
7.478240966796875
6.734739780426025
5.736788749694824
5.222862243652344
3.6903810501098633
3.263906717300415
11.053215980529785
9.01017951965332
9.195554733276367
7.800902843475342
2.6499242782592773
6.727416515350342
5.698543548583984
6.326806545257568
4.9405622482299805
4.621615409851074
2.866508960723877
6.37553596496582
4.7441911697387695
4.615883827209473
3.591989517211914
5.714564323425293
3.969651460647583
3.556971549987793
4.369601249694824
5.457974910736084
5.386970043182373
3.2394328117370605
3.0953471660614014
4.7046356201171875
6.7194342613220215
5.021337509155273
4.5777459144592285
5.417686939239502
4.9927873611450195
5.433854579925537
5.158078193664551
5.181620121002197
4.546078681945801
4.811779022216797
3.344353199005127
3.402195692062378
3.515630006790161
4.24536657333374
4.96061372756958
3.49277925491333
3.912493944168091
3.4870738983154297
7.098816394805908
7.119065284729004
3.4801840782165527
4.074737071990967
2.117992401123047
4.0586676597595215
7.391139030456543
6.845926284790039
4.684483051300049
3.2241408824920654
2.934255361557007
5.474197864532471
4.473998069763184
3.8517889976501465
3.313025712966919
2.9303736686706543
5.375534534454346
4.666682720184326
4.748533725738525
2.7186455726623535
6.218917369842529
5.572135925292969
4.599539279937744
4.194662094116211
7.052206516265869
3.8888602256774902
4.866944313049316
4.310823440551758
3.3234803676605225
2.5778346061706543
3.70593523979187
4.367136001586914
4.232741832733154
4.970040798187256
4.445416450500488
3.519930839538574
3.507140874862671
2.923959732055664
3.312145471572876
3.5230350494384766
3.0036492347717285
3.791350841522217
7.074802398681641
4.481119155883789
4.094005584716797
3.025851249694824
4.26248836517334
6.092828273773193
4.178130149841309
2.7026312351226807
2.2086713314056396
2.7590582370758057
3.8153793811798096
3.349827289581299
3.4919955730438232
3.3339338302612305
5.430172443389893
4.542078971862793
5.309879302978516
3.4989147186279297
2.8275856971740723
3.766883134841919
4.237813472747803
3.1526355743408203
3.7545347213745117
4.128312110900879
2.4798431396484375
4.554203987121582
2.446408987045288
3.3479511737823486
4.619086265563965
3.2237954139709473
3.8719921112060547
4.207314491271973
3.1446900367736816
2.6733343601226807
2.1033413410186768
3.4458954334259033
3.8574907779693604
3.1851305961608887
2.70902943611145
2.6574132442474365
4.560203552246094
4.617116451263428
3.828190326690674
2.972250461578369
4.6803879737854
2.4456684589385986
3.9227683544158936
3.7917747497558594
3.8818604946136475
2.8380064964294434
2.9904165267944336
4.690391540527344
4.130214691162109
3.8327229022979736
3.4235901832580566
3.3687007427215576
4.369275093078613
3.5908870697021484
4.317076206207275
4.454941749572754
3.91562557220459
2.6361775398254395
3.4320285320281982
4.147457122802734
2.6813504695892334
4.234496116638184
2.804415702819824
2.9401769638061523
4.316017150878906
3.5415897369384766
2.8615059852600098
3.391767978668213
3.5859603881835938
2.4466934204101562
3.0610320568084717
4.285952091217041
2.7705657482147217
4.162633895874023
3.0701560974121094
3.538128614425659
5.248233318328857
5.0659074783325195
2.8857033252716064
4.021696090698242
3.220644235610962
4.669466018676758
3.7300257682800293
2.7328054904937744
5.065223693847656
3.516218900680542
4.897748947143555
5.3795037269592285
3.5249149799346924
4.114528179168701
2.71838116645813
6.245357036590576
4.404369831085205
3.396911144256592
3.0063555240631104
3.8231966495513916
5.4564642906188965
2.6438522338867188
4.32246732711792
3.4236984252929688
3.721614122390747
4.244514465332031
2.6192846298217773
4.337125301361084
3.5656020641326904
3.233983039855957
3.626190423965454
4.689965724945068
5.492714881896973
3.5054733753204346
5.064184188842773
5.838000774383545
5.197125434875488
6.107883930206299
4.347278118133545
3.4740819931030273
3.419095277786255
3.4781057834625244
3.6794700622558594
2.5543768405914307
4.9433465003967285
4.381880283355713
2.390209436416626
4.225903034210205
4.399787902832031
2.920682191848755
2.996551513671875
4.258143901824951
3.4239213466644287
2.1967971324920654
4.141025066375732
4.718437194824219
3.6578478813171387
2.042933225631714
2.6099936962127686
2.6709940433502197
3.032895565032959
2.446450710296631
3.927699565887451
4.786040306091309
2.696767807006836
4.905715465545654
2.7487423419952393
3.1304616928100586
3.947643518447876
2.2475426197052
4.554207801818848
6.043045997619629
3.840235948562622
4.498637676239014
4.408318996429443
3.213193416595459
3.141033887863159
3.7809953689575195
2.840480089187622
3.5639123916625977
2.9536144733428955
2.0084421634674072
2.9682204723358154
2.5800201892852783
3.936786413192749
4.103719711303711
3.5611448287963867
2.2258243560791016
3.256847620010376
2.5682435035705566
5.447861671447754
3.0069615840911865
3.5822243690490723
3.8123955726623535
2.848158836364746
2.712273120880127
2.585522174835205
3.085954189300537
3.194352865219116
1.953663945198059
2.0785908699035645
2.0509541034698486
2.0338878631591797
3.051795244216919
1.6911840438842773
1.8181703090667725
1.7966270446777344
1.6567680835723877
3.5915322303771973
2.8721649646759033
2.7655348777770996
1.6893582344055176
1.8903138637542725
4.207330703735352
4.810867786407471
2.4428653717041016
3.1988885402679443
3.113194465637207
2.4840033054351807
2.7526514530181885
2.763972282409668
2.2264835834503174
1.904968500137329
2.5125844478607178
4.431289196014404
2.2305753231048584
4.623173236846924
4.196916580200195
2.8318581581115723
4.003992557525635
2.861623525619507
3.066272020339966
3.237375497817993
4.2957987785339355
4.374081611633301
3.539742946624756
3.97684645652771
3.193084955215454
3.3541345596313477
4.536949634552002
3.799377918243408
2.274589776992798
4.070824146270752
5.41275691986084
3.6756160259246826
3.8003721237182617
5.781584739685059
4.308454513549805
3.1303765773773193
4.001459121704102
3.1732773780822754
1.7303788661956787
3.0975794792175293
2.500276803970337
2.520019292831421
1.8938508033752441
2.015789031982422
2.4010939598083496
2.9925780296325684
2.9842216968536377
1.7106150388717651
2.0520191192626953
2.3604094982147217
2.041116714477539
2.65269136428833
6.935666561126709
6.442451477050781
4.246029376983643
3.5933611392974854
4.35559606552124
3.9733426570892334
3.7096457481384277
3.7836856842041016
3.6833956241607666
3.0260448455810547
3.9737601280212402
4.520694732666016
2.798795223236084
3.912625551223755
3.802474021911621
2.7413082122802734
2.605135679244995
2.9909019470214844
2.776596784591675
2.2962560653686523
3.5800163745880127
3.433542490005493
3.347144842147827
3.534069538116455
3.3314614295959473
2.947748899459839
3.565448760986328
3.4454057216644287
2.3619039058685303
3.4830260276794434
3.782691240310669
2.6805901527404785
3.0210328102111816
2.873748779296875
1.7701146602630615
1.6698448657989502
2.791419744491577
1.9548221826553345
2.288618564605713
3.847454309463501
3.3239312171936035
1.9721101522445679
3.127556562423706
4.010489463806152
2.3692030906677246
2.7515032291412354
4.4661664962768555
4.108663082122803
5.058984756469727
3.0614984035491943
2.5501790046691895
3.994968891143799
3.8146023750305176
2.872098445892334
3.4308266639709473
2.84633207321167
3.271613836288452
2.7305798530578613
3.9923996925354004
2.8109779357910156
2.1456878185272217
2.5531625747680664
3.0332963466644287
2.621591567993164
2.371908664703369
1.4668465852737427
2.0638062953948975
2.218527317047119
2.012965440750122
2.5189249515533447
3.2500765323638916
3.705693006515503
2.374368906021118
2.2733914852142334
3.2234373092651367
3.4901585578918457
2.835799217224121
2.9009556770324707
1.6485041379928589
1.1179237365722656
1.5351707935333252
2.641242504119873
4.441946506500244
1.9078047275543213
2.0578737258911133
2.5092296600341797
2.2921712398529053
2.244133710861206
2.2483670711517334
1.9763286113739014
2.2480270862579346
1.899662733078003
1.6844584941864014
2.9454185962677
1.7195109128952026
1.8940703868865967
1.795405626296997
1.9226263761520386
1.7234457731246948
3.0452423095703125
2.537405490875244
3.6630969047546387
2.758122205734253
2.3565328121185303
1.3467271327972412
1.6213823556900024
2.579758405685425
1.6663014888763428
1.9634703397750854
1.7854965925216675
2.39241886138916
3.0908799171447754
2.956913948059082
3.3651301860809326
2.4752037525177
1.792100191116333
2.656679630279541
1.7504256963729858
2.041017770767212
2.312188148498535
3.5423800945281982
3.0061862468719482
1.8140370845794678
3.244706392288208
3.8458237648010254
3.672053575515747
2.911236047744751
3.1598591804504395
2.6692464351654053
2.793269395828247
3.7284953594207764
3.6495041847229004
2.9851315021514893
3.4967944622039795
3.324361562728882
3.3075571060180664
1.953576683998108
2.4032061100006104
3.1728856563568115
2.3186097145080566
2.693552255630493
2.1481096744537354
1.9068336486816406
2.4981226921081543
1.9673014879226685
1.3091286420822144
2.3956315517425537
2.111410617828369
1.8673516511917114
2.268104076385498
2.288831949234009
1.830277919769287
1.5481847524642944
2.1885387897491455
1.5705749988555908
1.6271342039108276
2.9776198863983154
2.9697799682617188
1.7924754619598389
1.5999858379364014
2.2645153999328613
2.1918179988861084
1.7964849472045898
2.391740322113037
2.7882862091064453
2.1801865100860596
3.2267980575561523
3.7266528606414795
2.1674697399139404
2.5763165950775146
2.9073245525360107
2.597325086593628
2.956160545349121
2.8153789043426514
3.3307864665985107
2.6296133995056152
1.9984549283981323
2.433474540710449
2.7518606185913086
2.290050745010376
2.573810577392578
2.176088333129883
2.824511766433716
1.014173984527588
2.4503986835479736
2.176891326904297
1.7062727212905884
1.981771469116211
1.3963249921798706
2.3745062351226807
1.8904575109481812
1.9424927234649658
1.7678539752960205
2.7315475940704346
2.1870970726013184
1.6416548490524292
2.8634791374206543
1.7172300815582275
2.8244950771331787
2.504742383956909
2.0886969566345215
2.191175699234009
4.489099979400635
3.164837598800659
3.4878270626068115
1.8008416891098022
2.235170602798462
2.610780715942383
3.8104093074798584
2.9543721675872803
2.778334379196167
2.094454288482666
2.2313051223754883
2.393465042114258
2.1247024536132812
1.844622254371643
2.861834764480591
2.1059069633483887
2.198552131652832
1.8174200057983398
1.765769600868225
2.512892484664917
3.131035089492798
2.6487550735473633
2.108355760574341
3.093177318572998
3.0080859661102295
3.0721240043640137
1.3902149200439453
1.3511772155761719
1.5984745025634766
1.8019076585769653
1.5761126279830933
2.4679110050201416
1.290313959121704
1.2514690160751343
1.2456637620925903
1.309976577758789
1.5137042999267578
1.7087700366973877
2.972991943359375
1.7645509243011475
1.4353631734848022
0.994228720664978
1.96697199344635
1.7132939100265503
1.4116636514663696
2.3123655319213867
2.1522412300109863
2.0717124938964844
2.356868028640747
2.0317201614379883
2.2171311378479004
2.4847283363342285
4.181313514709473
2.4248998165130615
3.6608290672302246
1.8741213083267212
2.2081637382507324
4.5804829597473145
2.0030345916748047
1.0822560787200928
1.9959098100662231
3.826860189437866
2.6185462474823
1.1558895111083984
2.751166343688965
1.739432454109192
2.3067097663879395
1.1552737951278687
2.2174124717712402
2.3937625885009766
1.3700892925262451
1.313172698020935
1.8834601640701294
1.4679580926895142
1.2373676300048828
2.59371018409729
1.8556277751922607
1.6949564218521118
2.210707187652588
1.5232549905776978
1.5781137943267822
2.5483951568603516
2.613804340362549
1.8045566082000732
1.1904454231262207
1.7223271131515503
1.7424367666244507
1.2074170112609863
1.4595304727554321
1.2413305044174194
2.3115127086639404
2.061542272567749
1.5984776020050049
1.623282551765442
1.8719215393066406
1.601354718208313
1.1903131008148193
2.1192545890808105
2.0697474479675293
1.6423665285110474
1.322327733039856
0.8652288317680359
1.4755198955535889
1.7060811519622803
1.9482730627059937
2.0655324459075928
1.0457491874694824
1.775861144065857
1.57344388961792
1.9211266040802002
1.2819026708602905
1.828305959701538
1.2100603580474854
1.1151368618011475
1.7240140438079834
1.4935672283172607
1.439970850944519
1.2215583324432373
2.781348943710327
1.0791053771972656
0.7592995166778564
1.5827735662460327
1.9038020372390747
0.9617226719856262
1.5331077575683594
2.180068016052246
2.1005144119262695
2.0676660537719727
1.7017333507537842
1.3254225254058838
1.4504016637802124
1.4024103879928589
1.1360193490982056
1.3999963998794556
3.115373134613037
2.621283531188965
2.127382278442383
1.4140030145645142
1.2584848403930664
2.1654088497161865
2.332339286804199
2.2942581176757812
2.119800090789795
1.8463016748428345
1.334821105003357
2.06484317779541
2.2688450813293457
1.7305984497070312
1.50690758228302
2.8878896236419678
