18.534515380859375
15.99084758758545
18.86565589904785
18.051956176757812
16.895652770996094
18.595848083496094
18.79907989501953
19.37508201599121
18.523632049560547
18.738903045654297
18.857711791992188
19.182249069213867
16.875761032104492
16.832979202270508
19.16089630126953
18.672163009643555
18.430103302001953
18.306238174438477
18.549068450927734
18.388900756835938
18.51262664794922
18.312976837158203
18.253108978271484
16.330801010131836
18.37889862060547
18.08402442932129
18.251041412353516
17.878131866455078
18.533586502075195
18.62441635131836
18.404266357421875
18.546926498413086
17.6954345703125
18.146812438964844
17.90453338623047
17.85532569885254
18.25831413269043
18.21798324584961
17.816341400146484
17.69242286682129
17.752912521362305
17.492652893066406
17.4544677734375
18.202198028564453
17.620874404907227
17.858922958374023
17.725051879882812
17.542810440063477
17.391557693481445
15.75932788848877
17.831167221069336
15.143817901611328
16.76109504699707
16.975624084472656
16.8002986907959
16.598142623901367
16.768474578857422
16.232351303100586
16.517810821533203
15.078116416931152
15.616979598999023
16.375225067138672
14.22972583770752
15.875452041625977
15.908573150634766
15.670835494995117
13.64231014251709
15.675304412841797
14.909260749816895
14.780227661132812
14.41844367980957
14.725354194641113
14.460342407226562
14.01594066619873
13.483499526977539
13.396717071533203
12.15081787109375
13.168258666992188
12.714530944824219
12.1579008102417
10.987622261047363
11.410807609558105
11.911092758178711
11.614477157592773
11.165956497192383
11.007057189941406
10.678175926208496
10.485859870910645
9.137962341308594
9.897067070007324
9.438923835754395
8.83646011352539
9.061267852783203
8.677017211914062
8.503057479858398
8.208202362060547
7.936370849609375
7.518640518188477
7.39560079574585
7.2871222496032715
6.877842903137207
6.7483110427856445
6.600502014160156
6.430199146270752
6.267061710357666
5.903903007507324
5.951566219329834
5.768204212188721
5.759954929351807
5.596434116363525
5.321837425231934
5.332420349121094
5.254705429077148
5.005929470062256
4.903066635131836
4.945916175842285
4.819943428039551
4.534632682800293
4.578901290893555
4.569156646728516
4.416154861450195
4.331588268280029
4.22316312789917
4.199151039123535
4.1384477615356445
4.043017387390137
4.083990573883057
4.0106024742126465
3.9255356788635254
4.075777053833008
3.999816417694092
3.8246333599090576
3.806518316268921
3.840578079223633
3.8338801860809326
3.7244749069213867
3.7845468521118164
3.6804254055023193
3.5884368419647217
3.3796324729919434
3.617556571960449
3.4551897048950195
3.4440877437591553
3.40620756149292
3.296008825302124
3.5006444454193115
3.477710008621216
3.319038152694702
3.340592861175537
3.2500994205474854
3.1926045417785645
3.197936773300171
3.202727794647217
3.050607204437256
3.024470090866089
3.0288219451904297
3.0552728176116943
2.96866512298584
2.8725123405456543
2.9117257595062256
2.8880245685577393
2.7708561420440674
2.6870665550231934
2.8335392475128174
2.719529628753662
2.7419567108154297
2.6212754249572754
2.665731906890869
2.5616254806518555
2.577500820159912
2.566789388656616
2.5212178230285645
2.481830596923828
2.490694999694824
2.2850520610809326
2.332702159881592
2.4335925579071045
2.4193201065063477
2.3331005573272705
2.3445048332214355
2.3664114475250244
2.3859732151031494
2.2712793350219727
2.3181891441345215
2.1934280395507812
2.288611888885498
2.174037456512451
2.2278735637664795
2.2990055084228516
2.255065679550171
2.18143630027771
2.1208536624908447
2.0904369354248047
2.1872975826263428
2.130253553390503
2.068203926086426
2.118173599243164
2.0575361251831055
2.138557195663452
2.127397060394287
2.054617166519165
2.0146267414093018
1.9472050666809082
2.087024450302124
2.0808660984039307
2.036412000656128
1.9664604663848877
1.928481101989746
2.0564534664154053
1.9446007013320923
1.9455417394638062
1.9443691968917847
1.9271183013916016
1.9156419038772583
1.952781319618225
1.9135723114013672
1.9328094720840454
1.9585777521133423
1.956129789352417
1.8378620147705078
1.8391401767730713
1.814698338508606
1.761674165725708
1.861986756324768
1.837303638458252
1.802381157875061
1.7595500946044922
1.9605857133865356
1.7697051763534546
1.838438868522644
1.8138786554336548
1.7558201551437378
1.7447048425674438
1.6490058898925781
1.715782880783081
1.7611478567123413
1.7470494508743286
1.7487552165985107
1.6862187385559082
1.8277276754379272
1.6178501844406128
1.738587498664856
1.7758703231811523
1.67750084400177
1.700748324394226
1.6841614246368408
1.6835213899612427
1.6926789283752441
1.6934157609939575
1.6853452920913696
1.630387544631958
1.7447636127471924
1.5430973768234253
1.637049674987793
1.629451870918274
1.6348471641540527
1.6698675155639648
1.6331744194030762
1.6160334348678589
1.6555497646331787
1.63082754611969
1.6310393810272217
1.5695786476135254
1.528313159942627
1.5316410064697266
1.6207733154296875
1.61770498752594
1.5468430519104004
1.620259404182434
1.6017470359802246
1.6659364700317383
1.4740599393844604
1.5168609619140625
1.6128121614456177
1.4953545331954956
1.4326294660568237
1.5974167585372925
1.5410816669464111
1.5186792612075806
1.5523345470428467
1.4695004224777222
1.4939147233963013
1.606478214263916
1.5168710947036743
1.5429818630218506
1.475885272026062
1.512211561203003
1.4579269886016846
1.525451898574829
1.4687590599060059
1.386970043182373
1.5306658744812012
1.4738653898239136
1.4688794612884521
1.4815644025802612
1.4767239093780518
1.4429175853729248
1.5570720434188843
1.4741697311401367
1.443848729133606
1.479758381843567
1.541165828704834
1.4280130863189697
1.4570428133010864
1.42975914478302
1.4327946901321411
1.5032227039337158
1.4715452194213867
1.445951223373413
1.3676091432571411
1.4205691814422607
1.4556151628494263
1.4260127544403076
1.4628362655639648
1.4483020305633545
1.3832238912582397
1.3789646625518799
1.4320569038391113
1.4149974584579468
1.3604556322097778
1.4073071479797363
1.3696540594100952
1.376914381980896
1.402165412902832
1.4149905443191528
1.4339077472686768
1.4091622829437256
1.3803755044937134
1.3642538785934448
1.4295556545257568
1.4236886501312256
1.3454478979110718
1.3054927587509155
1.3395979404449463
1.4150069952011108
1.3562299013137817
1.4088499546051025
1.426891803741455
1.3785637617111206
1.3947690725326538
1.3271105289459229
1.3813363313674927
1.3104394674301147
1.3377197980880737
1.3401316404342651
1.4055653810501099
1.348758578300476
1.323960304260254
1.2396538257598877
1.3672503232955933
1.2921452522277832
1.2715007066726685
1.2690894603729248
1.3169702291488647
1.3088679313659668
1.343328833580017
1.3227516412734985
1.3523046970367432
1.3209127187728882
1.3394927978515625
1.3433032035827637
1.2828279733657837
1.2585408687591553
1.358898401260376
1.325178861618042
1.3037012815475464
1.2785362005233765
1.3458489179611206
1.1822930574417114
1.2952970266342163
1.1572757959365845
1.3089100122451782
1.2974023818969727
1.230891466140747
1.3040775060653687
1.2957279682159424
1.2623581886291504
1.3108904361724854
1.2697081565856934
1.3052793741226196
1.301876187324524
1.2464098930358887
1.2896947860717773
1.3231538534164429
1.2448368072509766
1.2620189189910889
1.3524943590164185
1.2803696393966675
1.227347493171692
1.1874550580978394
1.2608439922332764
1.2047258615493774
1.2839241027832031
1.221925139427185
1.2476158142089844
1.2290138006210327
1.276060938835144
1.2795441150665283
1.2616469860076904
1.209535837173462
1.124026894569397
1.250762701034546
1.1051530838012695
1.2245205640792847
1.2051384449005127
1.1279996633529663
1.1828845739364624
1.1904340982437134
1.2287352085113525
1.2687548398971558
1.2447339296340942
1.116781234741211
1.2683149576187134
1.1985257863998413
1.2683348655700684
1.1955171823501587
1.2251282930374146
1.2288261651992798
1.2770602703094482
1.1520154476165771
1.231260061264038
1.1655967235565186
1.206578016281128
1.2199374437332153
1.2455824613571167
1.2287489175796509
1.1049470901489258
1.224831461906433
1.1925073862075806
1.1302660703659058
1.0874223709106445
1.1542819738388062
1.2623974084854126
1.1799529790878296
1.223651647567749
1.1950130462646484
1.1647357940673828
1.1995022296905518
1.1919384002685547
1.1773743629455566
1.1227396726608276
1.1903631687164307
1.180506706237793
1.2432657480239868
1.1943541765213013
1.1886682510375977
1.1995171308517456
1.1917243003845215
1.1853880882263184
1.1921639442443848
1.1630017757415771
1.1486914157867432
1.1654999256134033
1.2105926275253296
1.1478134393692017
1.1717127561569214
1.0678507089614868
1.1801687479019165
1.2188892364501953
1.1624939441680908
1.145729422569275
1.1506675481796265
1.1441707611083984
1.1453800201416016
1.1906846761703491
1.1052554845809937
1.1646777391433716
1.1663511991500854
1.0846951007843018
1.1428613662719727
1.1584789752960205
1.110567331314087
1.1653478145599365
1.1461669206619263
1.1216527223587036
1.184270977973938
1.1736116409301758
1.1238994598388672
1.1347506046295166
1.107008695602417
1.1240946054458618
1.1396484375
1.0984221696853638
1.1490553617477417
1.1081184148788452
1.1428312063217163
1.1533713340759277
1.1104493141174316
1.1015318632125854
1.1367824077606201
1.059464693069458
1.1125664710998535
1.0955357551574707
1.14700186252594
1.0286643505096436
1.0942503213882446
1.0713690519332886
1.0690937042236328
1.177836537361145
1.1132469177246094
1.097388744354248
1.0826979875564575
1.07924485206604
0.9700021743774414
1.072775959968567
1.0785839557647705
1.099253535270691
1.121497631072998
1.09031081199646
1.1574431657791138
1.1053926944732666
1.1543469429016113
1.0868265628814697
1.1249496936798096
1.0644837617874146
1.0665264129638672
1.076852798461914
1.101346731185913
1.1159107685089111
1.1202460527420044
1.0937517881393433
1.107804775238037
1.106910228729248
0.9858173131942749
1.1066410541534424
1.0688594579696655
1.1325461864471436
1.0816336870193481
1.0622334480285645
1.1215473413467407
1.067522644996643
1.1418308019638062
1.0899385213851929
1.0664492845535278
0.9858300089836121
0.9962671399116516
0.9569107294082642
0.9474097490310669
1.0894049406051636
1.1127426624298096
1.106675148010254
1.0437891483306885
1.1010589599609375
1.0722769498825073
0.9648532867431641
1.037212610244751
1.1020467281341553
1.0775673389434814
1.1110727787017822
1.0906566381454468
1.0156288146972656
1.0761024951934814
1.0671004056930542
1.0192179679870605
1.0503629446029663
1.0689657926559448
0.9545506834983826
1.0723011493682861
0.9896088242530823
1.0992799997329712
1.0962990522384644
1.0994741916656494
1.0914993286132812
0.9863837957382202
1.0509141683578491
1.040146827697754
1.079343318939209
1.0676100254058838
1.0831882953643799
1.0234239101409912
1.0324081182479858
1.0165190696716309
1.0875557661056519
1.0608283281326294
1.0465360879898071
1.032909631729126
1.0712695121765137
1.0627919435501099
1.0528903007507324
1.1037652492523193
1.0412529706954956
1.0252052545547485
1.0560444593429565
1.0499686002731323
1.0553338527679443
1.0175856351852417
1.047670841217041
1.0345728397369385
1.037358045578003
1.0069811344146729
1.070728063583374
1.060119390487671
0.9874184131622314
0.9468514919281006
1.0563827753067017
1.0371493101119995
1.0092653036117554
1.0228126049041748
0.984904944896698
1.0313316583633423
0.984289288520813
1.0697654485702515
1.0099515914916992
1.0006293058395386
1.0114790201187134
1.0941312313079834
1.0115164518356323
0.9873794317245483
1.0226976871490479
1.078573226928711
0.8985987901687622
1.0539215803146362
1.0105547904968262
0.9457613825798035
0.9801927208900452
1.0594030618667603
0.9527504444122314
1.028627634048462
0.9889395833015442
1.0313160419464111
1.0198626518249512
0.9818321466445923
1.008793592453003
0.9894831776618958
0.9920293092727661
1.0336580276489258
0.9756149053573608
1.0298932790756226
1.0501534938812256
0.997626543045044
1.020572543144226
1.0503915548324585
1.0229721069335938
0.9713564515113831
1.030949354171753
1.0490806102752686
1.0087134838104248
1.0091755390167236
0.9977636933326721
1.0386134386062622
1.0075005292892456
1.0015970468521118
0.9120757579803467
0.9843857288360596
0.9418100118637085
0.9807093143463135
0.9881070256233215
0.9741517901420593
1.0141053199768066
1.026384711265564
1.0391676425933838
1.0194272994995117
0.9336854219436646
0.9819925427436829
1.0258702039718628
0.9891640543937683
0.972723662853241
1.031455636024475
0.9523626565933228
0.9063907861709595
0.9704137444496155
0.9828957319259644
0.9373588562011719
0.9809895753860474
0.9918830394744873
0.9765588045120239
0.9742957949638367
1.0568214654922485
0.9718163013458252
0.9761637449264526
0.9377002120018005
0.9643726348876953
0.965768039226532
0.9780005812644958
0.9593855142593384
0.9227350354194641
1.0294963121414185
0.9573054313659668
0.9611731767654419
1.0561156272888184
0.9595327973365784
0.9401755928993225
0.9521327018737793
0.9665526151657104
1.0275050401687622
0.9697933197021484
1.0061534643173218
0.9621674418449402
0.9678980112075806
0.9442065954208374
0.9465551376342773
0.9393965005874634
1.020214557647705
0.9623976945877075
0.9220455884933472
0.9578418135643005
0.9807398319244385
1.0261410474777222
0.9197890758514404
0.9365329742431641
1.0219829082489014
0.9507074952125549
0.9649872183799744
0.9839687943458557
0.8291691541671753
0.9168916940689087
0.9456750154495239
0.9511993527412415
0.9637534022331238
1.0008999109268188
0.9466635584831238
0.9548606872558594
0.9425681233406067
0.9542349576950073
0.9814363121986389
0.9637451171875
0.9780541658401489
0.9596001505851746
0.9735932350158691
0.966739296913147
0.9863400459289551
0.8537558913230896
0.8898537755012512
0.9073750376701355
0.9935580492019653
1.0130484104156494
0.937853217124939
1.0088891983032227
0.9835149645805359
0.9525142312049866
0.948527991771698
0.9243982434272766
0.9497767090797424
0.9509995579719543
0.9475113153457642
1.004900574684143
0.8239347338676453
0.9350654482841492
0.9964659214019775
0.9624519348144531
0.9620664119720459
0.9602828621864319
0.9930545091629028
0.9806684255599976
0.9331417083740234
0.937093198299408
0.9024090766906738
0.922024667263031
0.9453572034835815
0.9403607845306396
0.9087521433830261
0.9497920274734497
0.9413832426071167
0.9727953672409058
0.8718133568763733
0.8726066946983337
0.9368823766708374
1.0053603649139404
0.9546083211898804
0.954919695854187
0.944905161857605
0.9387738704681396
0.9430976510047913
0.922552764415741
0.9005287885665894
0.9739640951156616
0.9430626034736633
0.9678608775138855
0.9547461271286011
0.955518364906311
0.9048371315002441
0.9726933836936951
0.9420335292816162
0.988309919834137
0.9587817192077637
0.9277220964431763
0.8494290709495544
0.9564207792282104
0.9456519484519958
0.956000030040741
0.8566898107528687
0.9458379149436951
0.9091202020645142
0.932131290435791
0.9425105452537537
0.9890254139900208
0.9254910945892334
0.931151807308197
0.9278717637062073
0.9214783906936646
0.8690822720527649
0.9391998648643494
0.9347788691520691
0.8055037260055542
0.9848629832267761
0.9869880676269531
0.9429374933242798
0.8694863319396973
0.9143503904342651
0.9225553274154663
0.8669750094413757
0.8385272026062012
0.9793415069580078
0.9134975075721741
0.9502307772636414
0.9401733875274658
0.9137917757034302
0.9287458062171936
0.8982369303703308
0.9320069551467896
0.8914186358451843
0.9032412171363831
0.9468560218811035
0.860048770904541
0.8244284391403198
0.8044946789741516
0.8561871647834778
1.0182676315307617
0.8608864545822144
0.9223024249076843
0.9164420962333679
0.937293291091919
0.971235454082489
0.9420484900474548
0.9101171493530273
0.960739254951477
0.9620950818061829
0.9158997535705566
0.9204331636428833
0.9266119599342346
0.9336150288581848
0.8470867872238159
0.9224128723144531
0.9276204705238342
0.8882564902305603
0.8894570469856262
0.8771451711654663
0.9269081950187683
0.9886889457702637
0.9262669086456299
0.9292060732841492
0.9694027900695801
0.8980010151863098
0.9075394868850708
0.8863635063171387
0.8981342911720276
0.9208599328994751
0.9381304383277893
0.9734276533126831
0.9072042107582092
0.9357297420501709
0.8757851123809814
0.9059586524963379
0.9160341024398804
0.9420306086540222
0.9064112305641174
0.8987042903900146
0.7905647158622742
0.9093284010887146
0.9330533146858215
0.8542765974998474
0.9104506373405457
0.857043445110321
0.9688991904258728
0.9150081276893616
0.9603036046028137
0.93724524974823
0.8670418858528137
0.8816472291946411
0.951449990272522
0.9230069518089294
0.9399391412734985
0.904742956161499
0.7560014128684998
0.8749027848243713
0.9401178359985352
0.8778321743011475
0.8843641877174377
0.8987407684326172
0.9293670654296875
0.8954409956932068
0.9340571761131287
0.9085268378257751
0.8922233581542969
0.8768786191940308
0.8835774660110474
0.9661127328872681
0.9154408574104309
0.8980880975723267
0.9063344597816467
0.9448184967041016
0.8724167943000793
0.808142364025116
0.9576671123504639
0.9498652219772339
0.8994049429893494
0.8211771845817566
0.7840317487716675
0.9361621141433716
0.9032480716705322
0.8785275220870972
0.92801833152771
0.9067248702049255
0.8838630318641663
0.8487093448638916
0.8905386328697205
0.8710519075393677
0.904721200466156
0.9309651851654053
0.8809444904327393
0.8791260123252869
0.9252229928970337
0.9659337997436523
0.9522966742515564
0.840929388999939
0.9037609100341797
0.8837919235229492
0.8783265352249146
0.9221248030662537
0.891231894493103
0.8991912007331848
0.9112718105316162
0.8871514797210693
0.9222930669784546
0.8974027037620544
0.9054630994796753
0.8848898410797119
0.9520235657691956
0.8937982320785522
0.9260258078575134
0.9413986802101135
0.907267689704895
0.9519959092140198
0.9288690686225891
0.9033995866775513
0.9141777157783508
0.8913665413856506
0.8715987205505371
0.9035374522209167
0.9368412494659424
0.8645187020301819
0.882874608039856
0.7898648381233215
0.9396679997444153
0.9214499592781067
0.8879216313362122
0.914374589920044
0.9251768589019775
0.8925104737281799
0.8821619749069214
0.9309001564979553
0.8176012635231018
0.9206427931785583
0.9155519604682922
0.9311880469322205
0.8980181217193604
0.9095954895019531
0.8461511731147766
0.9270203113555908
0.9325259327888489
0.8553555607795715
0.8791606426239014
0.9412057399749756
0.791660487651825
0.8740243315696716
0.8689544200897217
0.9128268361091614
0.8813680410385132
0.8873189687728882
0.9377918839454651
0.9677223563194275
0.8840895891189575
0.8818978071212769
0.9170424342155457
0.8982489109039307
0.922843873500824
0.8651823997497559
0.8874818086624146
0.9089174866676331
0.892645537853241
0.8145394325256348
0.924999475479126
0.8404651880264282
0.8480662703514099
0.9592331051826477
0.8609229922294617
0.8881126046180725
0.8726425170898438
0.9476621150970459
0.9136096835136414
0.9223717451095581
0.9438715577125549
0.9311889410018921
0.8706722259521484
0.8779116868972778
0.922888457775116
0.8994797468185425
0.8460729122161865
0.8909870982170105
0.8722862005233765
0.9220237731933594
0.9025689959526062
0.9041695594787598
0.9020397067070007
0.8392168283462524
0.9490440487861633
0.8855703473091125
0.8780165910720825
0.8003292083740234
0.8291995525360107
0.9137528538703918
0.8190555572509766
0.8759912848472595
0.8948800563812256
0.8958981037139893
0.865405261516571
0.8717595934867859
0.9116981625556946
0.9003807902336121
0.8905478715896606
0.8734127879142761
0.8999582529067993
0.8693827986717224
0.909367024898529
0.8883823156356812
0.8998791575431824
0.856730580329895
0.8205852508544922
0.7646899819374084
0.911004900932312
0.85951828956604
0.8796815276145935
0.7934603691101074
0.8825462460517883
0.850212812423706
0.8064345717430115
0.8861402273178101
0.8320147395133972
0.8823114633560181
0.9332768321037292
0.8911963701248169
0.8596274256706238
0.7440582513809204
0.865679144859314
0.9055078029632568
0.8875364661216736
0.8955673575401306
0.9017090797424316
0.8705722689628601
0.8341406583786011
0.904157280921936
0.8714628219604492
0.8190860152244568
0.9087462425231934
0.8565012812614441
0.9072222113609314
