18.346776962280273
15.429251670837402
18.688268661499023
17.66743278503418
16.99423599243164
18.682371139526367
18.777576446533203
19.888050079345703
18.50591468811035
18.996753692626953
19.076763153076172
19.4879207611084
16.92961311340332
16.74003791809082
19.73978614807129
18.496793746948242
18.574960708618164
18.219778060913086
18.817941665649414
18.567197799682617
18.72093963623047
18.438119888305664
18.29056167602539
16.214529037475586
18.825603485107422
18.27811622619629
18.33847427368164
17.96111297607422
19.087247848510742
19.185104370117188
18.90842628479004
19.00450325012207
18.0826416015625
18.515892028808594
18.65926742553711
18.130775451660156
19.226993560791016
18.852962493896484
18.492515563964844
18.188751220703125
18.927120208740234
18.23052215576172
18.541173934936523
19.50336456298828
18.87960433959961
19.206663131713867
19.104434967041016
18.841386795043945
18.910022735595703
17.17641830444336
19.942359924316406
16.449026107788086
18.608766555786133
19.05130386352539
18.9847412109375
18.304018020629883
19.094396591186523
18.38559341430664
19.075502395629883
17.85982322692871
17.957094192504883
19.707618713378906
16.72561264038086
19.222137451171875
19.827730178833008
19.256126403808594
17.094026565551758
20.732866287231445
19.427959442138672
19.488616943359375
19.48149299621582
20.659696578979492
20.12824821472168
19.69072914123535
19.36421012878418
20.388256072998047
17.864015579223633
20.884418487548828
19.324722290039062
18.925737380981445
16.395679473876953
17.30117416381836
19.53388214111328
19.114093780517578
18.904207229614258
18.36402702331543
17.652244567871094
17.71600914001465
17.49351692199707
15.741504669189453
14.682184219360352
14.001592636108398
14.316972732543945
13.004528999328613
13.026365280151367
12.666220664978027
12.405789375305176
12.042341232299805
11.513266563415527
11.938894271850586
10.966697692871094
10.446744918823242
10.003654479980469
9.516839981079102
8.946475982666016
8.688126564025879
8.156786918640137
8.127252578735352
7.70095157623291
7.317416667938232
6.978179931640625
6.756763458251953
6.980414390563965
7.168670654296875
6.571113586425781
6.144546031951904
7.521055698394775
6.014889717102051
8.940409660339355
5.488215446472168
6.979058265686035
5.3008809089660645
5.285090923309326
5.20742130279541
4.6618547439575195
4.780712604522705
4.549170017242432
3.4505791664123535
3.7258808612823486
3.3742504119873047
2.998391628265381
2.7746686935424805
3.117154598236084
2.8091111183166504
2.8294284343719482
2.496326208114624
2.849344253540039
3.2060866355895996
3.204798460006714
4.53719425201416
2.9634974002838135
3.441277265548706
3.541804552078247
3.3332347869873047
2.6724228858947754
2.673672676086426
2.5625693798065186
2.4340009689331055
2.5735647678375244
2.5418713092803955
2.850156784057617
2.70823073387146
2.252079963684082
2.1631646156311035
1.9829553365707397
2.1871819496154785
2.209584951400757
2.0180885791778564
1.9492801427841187
2.18259596824646
1.685878872871399
2.1373343467712402
1.7677382230758667
2.0474987030029297
2.0570008754730225
1.5705838203430176
1.3420288562774658
1.9569885730743408
1.6657313108444214
1.252475380897522
1.3502883911132812
2.078420400619507
1.447298288345337
1.3718599081039429
1.2902660369873047
1.4810453653335571
1.4779667854309082
1.4343687295913696
1.5250563621520996
1.5099194049835205
1.181007981300354
1.4607467651367188
1.100704312324524
1.0141321420669556
1.4490435123443604
1.9476405382156372
1.2825243473052979
1.2451597452163696
2.064432382583618
1.5873146057128906
1.119442105293274
1.5016924142837524
1.7099474668502808
1.1770786046981812
1.053367018699646
0.8307662606239319
1.118194580078125
0.8842822909355164
0.8832871913909912
0.871694028377533
0.9302345514297485
0.9081547856330872
1.1659103631973267
1.3026243448257446
1.0896697044372559
0.7796195149421692
1.2458622455596924
1.6903893947601318
0.9731555581092834
0.9848563075065613
1.367090106010437
1.2333056926727295
1.1900054216384888
1.1091461181640625
1.024001121520996
1.0548955202102661
1.0829623937606812
0.918855607509613
0.9104577302932739
1.2478049993515015
1.223975419998169
1.0714752674102783
1.3478891849517822
1.1176600456237793
1.0956590175628662
1.0468544960021973
0.7267253994941711
1.5291060209274292
0.8303511142730713
1.1017420291900635
0.9547282457351685
0.8870413303375244
0.805350124835968
0.8299572467803955
1.37460196018219
0.9912312626838684
0.8115139007568359
0.8426694869995117
0.8462740778923035
0.858609139919281
0.8649177551269531
0.9293763041496277
0.6533923745155334
0.9969677329063416
0.8042097687721252
1.1333686113357544
1.090043544769287
0.8907465934753418
1.0839085578918457
1.3017349243164062
0.9660009145736694
0.97441565990448
1.577319622039795
1.1836862564086914
0.9503163695335388
0.9385080933570862
0.9517001509666443
1.1305283308029175
1.3854334354400635
1.0951448678970337
1.1695290803909302
0.8599923253059387
0.9605031609535217
1.0797315835952759
0.7623938322067261
1.0981638431549072
0.9195271134376526
0.9882919192314148
1.2130354642868042
1.3326098918914795
0.7821495532989502
0.5898359417915344
1.2652952671051025
1.061109185218811
1.2022120952606201
1.035644292831421
1.0080337524414062
0.7294538617134094
0.8268410563468933
1.2187684774398804
0.6963975429534912
0.9976794719696045
0.8021889328956604
0.5946151614189148
0.9322075843811035
0.8600781559944153
0.820579469203949
0.7847562432289124
0.8026357889175415
1.1691633462905884
0.7735086679458618
0.8737567663192749
1.2703394889831543
0.6758683919906616
1.2529844045639038
1.57868492603302
0.7180308103561401
0.7110636830329895
0.5660967230796814
0.5567324757575989
0.7363390326499939
0.9884599447250366
0.8044912219047546
0.9440237879753113
0.7976709008216858
0.7079635262489319
0.8671780824661255
0.7367154359817505
0.9611189365386963
0.8680340647697449
0.9143021702766418
0.6061155200004578
1.0759658813476562
0.616528332233429
1.0084859132766724
0.8687217235565186
1.0490176677703857
0.5782077312469482
0.8765108585357666
0.6591213941574097
0.6123313903808594
0.7836071848869324
0.6104094982147217
0.7730998992919922
0.6542481184005737
0.5888923406600952
0.6266111135482788
0.596017599105835
0.8292476534843445
0.5516895651817322
0.5293185114860535
0.6731209754943848
0.7325824499130249
0.9699029922485352
0.4758436977863312
0.651929497718811
0.7256389260292053
0.6904988884925842
0.5881487727165222
1.1790246963500977
0.7983583807945251
0.8004206418991089
0.7306293249130249
0.7512227892875671
0.7276262640953064
0.6196079850196838
0.720234215259552
0.6680788993835449
0.967166006565094
0.6581700444221497
0.8854008316993713
0.8984646201133728
0.8059728145599365
1.091176986694336
0.7595675587654114
1.4429939985275269
0.9989599585533142
0.6841051578521729
1.029430866241455
0.9859476685523987
0.743119478225708
0.9378980994224548
0.7304430603981018
0.7214437127113342
0.6355704069137573
0.7641046643257141
0.8712372183799744
0.7572632431983948
0.7093059420585632
0.8689826130867004
0.6433964967727661
0.7746154069900513
1.016038417816162
0.8399843573570251
1.212300419807434
0.9523507356643677
0.7340908646583557
1.0772502422332764
1.047183871269226
0.7433465719223022
1.1348694562911987
1.174513339996338
0.611640989780426
1.2352467775344849
1.0083812475204468
0.6944695115089417
0.9265812635421753
0.8374903798103333
0.745580792427063
0.8460015654563904
0.8044933676719666
0.8514887690544128
0.6157991290092468
0.8237006068229675
0.7350468635559082
0.6581583023071289
0.5701283812522888
0.6871029138565063
0.5810573101043701
0.6667923927307129
0.8117042183876038
0.8232452869415283
0.6439988613128662
0.677806556224823
0.9801269769668579
0.9358245730400085
1.1320925951004028
0.7180221676826477
0.9884424209594727
1.2550278902053833
0.8843671083450317
1.1281870603561401
0.9791746139526367
0.8680641055107117
1.075669527053833
0.7888094782829285
0.759189784526825
0.6464284062385559
0.6866956353187561
0.6794753670692444
0.7317397594451904
0.934341549873352
0.8315528035163879
0.6165674924850464
0.9159860610961914
0.6728441119194031
0.5628269910812378
0.9214608073234558
0.6071456670761108
0.8904935121536255
0.7913804650306702
0.5285778045654297
0.917253851890564
0.6065257787704468
0.5100271701812744
0.7876704335212708
0.7604249119758606
0.5909193158149719
0.7898985147476196
0.7880925536155701
0.5557438731193542
0.6754308342933655
0.6307604908943176
0.6119623780250549
0.5131360292434692
0.5557578206062317
0.68036288022995
0.41183289885520935
0.5683593153953552
0.44901561737060547
0.36941587924957275
0.7910352349281311
0.6885058283805847
0.6975154876708984
0.616177499294281
0.6954861283302307
0.6197912693023682
0.5783228278160095
0.5125479698181152
0.5743901133537292
0.9738236665725708
0.6699608564376831
1.2532353401184082
1.1047183275222778
0.9831249713897705
1.0048469305038452
0.4629479646682739
0.6908569931983948
0.5942866802215576
0.5139222145080566
0.5286654829978943
0.8481422662734985
0.44811296463012695
0.5422707796096802
0.5317217707633972
0.6132546067237854
0.4344087541103363
0.5809542536735535
0.8013592958450317
0.6564579606056213
0.5076466202735901
0.8450120091438293
0.6770585775375366
0.589848518371582
0.5640386343002319
0.6482551097869873
0.5676654577255249
0.4331628084182739
0.6699913144111633
0.6252153515815735
0.7496766448020935
0.5370421409606934
0.8659946918487549
0.5422759652137756
0.6090744733810425
0.656559407711029
0.6195294260978699
0.549288272857666
0.487734854221344
0.7314267158508301
0.7340168356895447
0.5758324861526489
0.8697598576545715
0.5178632736206055
0.6122449636459351
1.213155746459961
0.5463393926620483
0.6001132726669312
0.7068122625350952
0.6024792790412903
0.8067731857299805
0.5897553563117981
0.5885923504829407
0.5075669288635254
0.6928289532661438
0.6611806750297546
0.7321468591690063
0.5806827545166016
0.5174685716629028
0.8807039260864258
0.60829097032547
0.7314354777336121
0.9414083957672119
0.5515723824501038
0.9896736145019531
0.8590459227561951
0.5835099220275879
0.851775586605072
1.1807446479797363
0.5446851253509521
1.1457390785217285
0.6512826085090637
0.5974229574203491
0.7106499075889587
0.535669207572937
0.48598363995552063
0.7980602383613586
0.5105699300765991
0.4019094407558441
0.6308626532554626
0.5207721590995789
0.5289515256881714
0.5522204041481018
0.7592710852622986
0.5408686995506287
0.5703126192092896
0.7199000120162964
0.5797022581100464
0.8187744617462158
0.5498444437980652
0.5029339790344238
0.9083454012870789
0.9422810077667236
0.5179509520530701
0.595253050327301
0.5629138946533203
0.4977373778820038
0.496137410402298
0.5158228874206543
0.587842583656311
0.635886549949646
0.6421641111373901
0.5128878355026245
0.5365452766418457
0.8075412511825562
0.6063554286956787
0.5456811189651489
0.8538105487823486
0.5856101512908936
0.7599344849586487
0.5354212522506714
0.7312201261520386
0.7615552544593811
0.5021201372146606
0.6113381385803223
0.5052672028541565
0.39987507462501526
0.8472796678543091
0.5035513639450073
0.5681775808334351
0.7827492952346802
0.645014762878418
0.6029555797576904
0.7879570722579956
0.9523378014564514
0.6307156682014465
1.0865023136138916
0.46483269333839417
0.9950854778289795
1.3195099830627441
0.496467649936676
1.2017278671264648
0.8109180927276611
0.523068904876709
1.1718097925186157
1.3652727603912354
0.6383453607559204
1.1844468116760254
1.2695790529251099
0.8851529955863953
0.7539660930633545
0.8588959574699402
0.9354989528656006
0.6558214426040649
0.6587818264961243
0.6691933870315552
0.7580997943878174
0.4576491117477417
0.7466180920600891
0.49926310777664185
0.4292527437210083
0.6497842073440552
0.4535374641418457
0.5154826641082764
0.5533114075660706
0.4951973557472229
0.47449809312820435
0.5885219573974609
0.5034748911857605
0.5580441951751709
0.7945523262023926
0.7816020250320435
0.6287615299224854
0.6443111300468445
0.522311806678772
1.0983713865280151
0.49091836810112
1.0653859376907349
0.8777753114700317
0.9318170547485352
0.7253373861312866
0.4685388505458832
0.5922583341598511
0.562347948551178
0.7411648035049438
0.6550616025924683
0.7592006921768188
1.0275238752365112
0.6336227655410767
0.8244786262512207
1.323930025100708
0.8021834492683411
0.601202666759491
0.824737548828125
0.6436566710472107
0.5979267358779907
0.47199854254722595
0.7649260759353638
0.6173827052116394
0.5093293190002441
0.6379804611206055
0.5439095497131348
0.6513152122497559
0.5935290455818176
0.33206337690353394
0.8529934287071228
0.5671945810317993
0.6755179762840271
0.45675793290138245
0.4877397418022156
0.6119645237922668
0.7146678566932678
0.45193564891815186
0.8201755881309509
0.5300306677818298
0.822627604007721
0.6114169955253601
0.6744439601898193
0.5441250205039978
0.6395138502120972
0.8788104057312012
0.6411256194114685
0.7468045949935913
0.5685596466064453
0.7066687345504761
0.47256094217300415
0.6729148030281067
0.4706316292285919
0.5994100570678711
0.5789088010787964
0.6212357878684998
0.45753389596939087
0.48341408371925354
0.43606218695640564
0.45206138491630554
0.5585737824440002
0.6114563345909119
0.5104970335960388
0.8452972173690796
0.5295164585113525
0.6417946815490723
0.6874932050704956
0.5363234281539917
0.529966413974762
0.5789918899536133
0.7029696106910706
0.42194315791130066
0.5595377087593079
1.0382558107376099
0.5386649966239929
0.4652537703514099
0.817486047744751
0.435124933719635
0.7692339420318604
0.5555844306945801
0.5404198169708252
0.6204805970191956
0.8123818635940552
0.7684529423713684
0.7161313891410828
0.7769985198974609
0.42891207337379456
0.3803398013114929
0.7602363228797913
0.47589820623397827
0.48135003447532654
0.5515527725219727
0.5893043875694275
0.4229157567024231
0.5953484177589417
0.5417669415473938
0.541653037071228
0.5966786742210388
0.42439714074134827
0.5241032242774963
0.5112683176994324
0.5023381114006042
0.576589047908783
0.49439603090286255
0.5069135427474976
0.3964264392852783
0.5707216858863831
0.5652569532394409
0.45796477794647217
0.6173554062843323
0.4689313769340515
0.5766111612319946
0.5208715200424194
0.3925696611404419
0.49608585238456726
0.6138869524002075
0.3631550669670105
0.6197792887687683
0.4604499340057373
0.5210075974464417
0.4482286870479584
0.729797899723053
0.5614657402038574
0.4068974256515503
0.9425529837608337
0.41801005601882935
0.6350066661834717
1.177707314491272
0.6193757057189941
0.809162974357605
0.9088872075080872
0.8850015997886658
0.880940854549408
1.195755124092102
1.2112306356430054
1.0442252159118652
0.7992721199989319
1.2286609411239624
0.8423457145690918
0.6073128581047058
0.603980541229248
0.7229313254356384
1.0461000204086304
0.5028546452522278
0.495092511177063
0.5057144165039062
0.645109236240387
1.124906063079834
0.6665138006210327
0.6629567742347717
0.6869013905525208
0.4585407078266144
0.4507780373096466
0.7569328546524048
0.7958419919013977
0.3755248486995697
0.4892594814300537
0.6820663809776306
0.5266441106796265
0.5369196534156799
0.5451089143753052
0.5304929614067078
0.3842099905014038
0.4727090001106262
0.6463243365287781
0.37481486797332764
0.4674394130706787
0.4626927077770233
0.3555448651313782
0.5225124359130859
0.5138893127441406
0.4509912133216858
0.457663357257843
0.8370489478111267
0.4091595411300659
0.4346754848957062
0.6059238314628601
0.6213163733482361
0.348920077085495
0.45988762378692627
0.4601013958454132
0.8339311480522156
1.0498366355895996
0.5747154355049133
0.44303688406944275
0.4607239067554474
0.9930546879768372
0.8593420386314392
0.42184165120124817
0.7083496451377869
0.7176600098609924
0.5444035530090332
0.4628954231739044
0.4573318362236023
0.6111732125282288
0.8739590048789978
0.7118718028068542
0.4593179523944855
1.1116024255752563
1.0119619369506836
0.5167831778526306
0.9180802702903748
0.5583441853523254
0.4626137614250183
0.41279181838035583
0.3393343985080719
0.4204825460910797
0.7218970060348511
0.4434126317501068
0.6126771569252014
0.4231703281402588
0.6323664784431458
0.6752367615699768
0.6518173217773438
0.663008987903595
0.5035432577133179
0.4559165835380554
0.7158215045928955
0.45622169971466064
0.706784188747406
0.6079537868499756
0.6003249287605286
1.0906949043273926
0.9630569219589233
0.5475999116897583
0.7334697246551514
1.2847521305084229
1.0371233224868774
0.4621719717979431
0.5958709716796875
0.5992843508720398
0.8321199417114258
0.5233867764472961
0.439790815114975
0.6179187893867493
0.4388327896595001
0.5675069689750671
0.5828896760940552
0.5159470438957214
0.3561003506183624
0.6356405019760132
0.7084628343582153
0.41658082604408264
0.4293481111526489
0.34945276379585266
0.5222389698028564
0.4811244606971741
0.3669389486312866
0.4350326955318451
0.47691816091537476
0.3376925587654114
0.392049640417099
0.38208499550819397
0.5161734819412231
0.5759886503219604
0.4010109305381775
0.5163661241531372
0.5262194871902466
0.45860931277275085
0.3330575227737427
0.4456234574317932
0.6143917441368103
0.436577707529068
0.4342561960220337
0.3196618854999542
0.4020306468009949
0.4664861261844635
0.49462980031967163
0.4493168592453003
0.534817636013031
0.5547645092010498
0.5425692200660706
0.5642749071121216
0.43064671754837036
0.8366448879241943
0.4854167699813843
0.5869474411010742
0.4161610007286072
0.627649188041687
0.5752266049385071
0.3790135681629181
0.48265427350997925
0.43839675188064575
0.5854357481002808
0.6339443325996399
0.700980007648468
0.4123416841030121
0.695142388343811
0.5533171892166138
0.5182439088821411
0.5259177684783936
0.41802680492401123
0.44591641426086426
0.5477259159088135
0.42191746830940247
0.30727025866508484
0.508275032043457
0.35849809646606445
0.40547624230384827
0.30682244896888733
0.47186148166656494
0.4108492434024811
0.5480223298072815
0.37250152230262756
0.5920534133911133
0.9489875435829163
0.6572170853614807
0.5170522332191467
0.3572003245353699
0.44324278831481934
0.7596033215522766
0.7966493964195251
0.4100056290626526
0.6156233549118042
0.6596993207931519
0.7893685102462769
0.37960222363471985
0.39227986335754395
0.5867000222206116
0.5850983262062073
0.5999462008476257
0.3886988162994385
0.5084795951843262
0.3986440896987915
0.45792675018310547
0.7914893627166748
0.45958852767944336
0.5105804800987244
0.34853994846343994
0.35111647844314575
0.5506267547607422
1.0519853830337524
0.6489707231521606
0.5159860849380493
0.7222706079483032
0.6412191390991211
1.0076061487197876
0.6649004220962524
0.44641244411468506
0.5237728953361511
0.5042057037353516
0.8522658348083496
0.6118187308311462
0.42074787616729736
0.5228220820426941
0.7615116834640503
0.5516161322593689
0.4609941840171814
0.5077996850013733
0.6992654204368591
0.34466880559921265
0.41266459226608276
0.2757619023323059
0.4905027449131012
0.7050263285636902
0.4804404675960541
0.43329960107803345
0.37131717801094055
0.6684336066246033
0.4046509861946106
0.6404165029525757
0.46388208866119385
0.7061669826507568
0.7254824042320251
0.4895769953727722
0.4198455810546875
0.444353848695755
0.40581944584846497
0.43245387077331543
0.8921982049942017
0.5305777788162231
0.3713380992412567
0.4370092749595642
0.44782018661499023
0.48169398307800293
0.6212694644927979
0.4819548428058624
0.595531702041626
0.7435080409049988
0.4392135739326477
0.5868879556655884
0.5154964923858643
0.3453022539615631
0.4509543776512146
0.938441276550293
0.48690006136894226
0.38097089529037476
0.3928263187408447
0.36884060502052307
0.711615800857544
0.8008302450180054
0.4980621039867401
0.607498288154602
0.5827040672302246
0.6169025897979736
0.47284847497940063
0.37905895709991455
0.37654879689216614
0.42068055272102356
0.4590337872505188
0.3633466958999634
0.3317611515522003
0.35874906182289124
0.3578779399394989
0.494278222322464
0.4403742551803589
0.520082414150238
0.3577932119369507
0.4847794473171234
0.32432422041893005
0.4498571753501892
0.4656117558479309
0.3271273672580719
0.45399343967437744
0.388972669839859
0.507241427898407
0.742954432964325
0.36465200781822205
0.4551006555557251
0.4913868308067322
0.7951635718345642
0.45979681611061096
0.3515838086605072
0.3962427079677582
0.3994444012641907
0.4570259153842926
0.4416029751300812
0.4957156777381897
0.33007118105888367
0.5946919322013855
0.6875130534172058
