216.4903564453125
220.3554229736328
221.7197723388672
223.08477783203125
217.72088623046875
216.3085479736328
224.27099609375
217.42861938476562
219.6540069580078
224.48268127441406
221.36289978027344
223.5568389892578
214.059814453125
226.5271759033203
222.95957946777344
222.44007873535156
226.49710083007812
218.95555114746094
220.09632873535156
226.07861328125
221.0771484375
223.03515625
222.36404418945312
221.2435302734375
217.08416748046875
223.60964965820312
225.4491424560547
209.64828491210938
219.65560913085938
221.47201538085938
208.14923095703125
218.06723022460938
215.01388549804688
218.43898010253906
220.43017578125
219.34622192382812
213.80735778808594
218.83917236328125
219.262451171875
217.56936645507812
211.1710662841797
212.14039611816406
216.05101013183594
218.93406677246094
215.2571563720703
222.55328369140625
211.19418334960938
217.22799682617188
205.20375061035156
211.8433074951172
206.6427001953125
202.3899383544922
205.85848999023438
214.93124389648438
212.51495361328125
202.31507873535156
206.8556671142578
204.56854248046875
207.01185607910156
212.45999145507812
204.8424530029297
195.74119567871094
206.10638427734375
196.2655792236328
203.68125915527344
198.7901153564453
205.72909545898438
201.12750244140625
197.60838317871094
199.524658203125
199.18438720703125
193.90420532226562
193.02780151367188
193.02947998046875
190.07595825195312
188.50999450683594
192.09872436523438
184.97430419921875
178.62796020507812
181.21902465820312
171.89991760253906
176.26795959472656
171.11148071289062
169.91934204101562
168.307861328125
158.15740966796875
156.00350952148438
154.38050842285156
146.03475952148438
143.30792236328125
140.22378540039062
132.7293701171875
131.1486053466797
120.80496978759766
120.0020980834961
108.51971435546875
104.17894744873047
98.04531860351562
94.73303985595703
92.05458068847656
90.10951232910156
88.8025131225586
87.69061279296875
86.83674621582031
86.2318115234375
82.90850067138672
80.41533660888672
77.62323760986328
75.64126586914062
73.4752197265625
72.22312927246094
70.54419708251953
68.2614974975586
68.84424591064453
66.88980865478516
66.46158599853516
63.684444427490234
62.53996658325195
62.147674560546875
60.09256362915039
57.637569427490234
57.536842346191406
56.10739517211914
54.93001937866211
53.414485931396484
52.49406051635742
51.15693283081055
50.553462982177734
49.15790939331055
47.52874755859375
46.19426345825195
44.11615753173828
44.55990982055664
43.03818130493164
41.24199676513672
40.619380950927734
39.14713668823242
37.185333251953125
36.92737579345703
35.88929748535156
34.66815948486328
33.02012634277344
32.71170425415039
31.158170700073242
30.43909454345703
29.01744842529297
27.952592849731445
27.49872589111328
26.31089210510254
25.36945915222168
24.325838088989258
22.987037658691406
22.2529354095459
21.343008041381836
20.55116081237793
19.514101028442383
18.797636032104492
17.89554786682129
17.24570083618164
16.78430938720703
16.276540756225586
15.950140953063965
15.409918785095215
15.506604194641113
14.830517768859863
14.686444282531738
14.46231746673584
14.159741401672363
13.570746421813965
13.543572425842285
12.932510375976562
13.020570755004883
12.562498092651367
12.409915924072266
12.15023422241211
12.106090545654297
11.748211860656738
11.69005298614502
11.540177345275879
11.761953353881836
11.548821449279785
11.299789428710938
11.113432884216309
10.985513687133789
10.95323371887207
10.781314849853516
10.520606994628906
10.531050682067871
10.45893669128418
10.459010124206543
10.32144832611084
10.088531494140625
10.03589916229248
10.078886032104492
9.668181419372559
9.815353393554688
9.54002571105957
9.61549186706543
9.524909973144531
9.356931686401367
9.209329605102539
9.065428733825684
9.122331619262695
9.102499961853027
8.87772274017334
8.714386940002441
8.600815773010254
8.424005508422852
8.624208450317383
8.51010799407959
8.233270645141602
8.353081703186035
8.069518089294434
7.957418441772461
7.881026268005371
7.71202278137207
7.7841362953186035
7.753661632537842
7.695107936859131
7.2448954582214355
7.5385823249816895
7.31561279296875
7.032130241394043
7.2125773429870605
7.119458198547363
7.011932849884033
6.875916004180908
6.853506088256836
6.925360202789307
7.005824089050293
6.653489112854004
6.688817024230957
6.3942084312438965
6.542974472045898
6.618340492248535
6.3919548988342285
6.361923694610596
6.357113361358643
6.305880546569824
6.205979824066162
6.051753520965576
6.102840423583984
6.198074817657471
6.055841445922852
5.9225311279296875
5.803872108459473
6.060271263122559
5.811478137969971
5.684178829193115
5.8378214836120605
5.688502788543701
5.685163974761963
5.589470863342285
5.677321434020996
5.7650604248046875
5.426492214202881
5.513455390930176
5.623939514160156
5.410539150238037
5.309803485870361
5.6033430099487305
5.768004894256592
5.3690409660339355
5.174749851226807
5.316221714019775
5.293915748596191
5.06030797958374
5.216229438781738
5.355340957641602
5.087530136108398
5.048699855804443
5.153619289398193
4.994549751281738
5.059413909912109
4.864368438720703
4.960922718048096
5.04766321182251
4.777807712554932
4.877082347869873
5.006073951721191
4.856107234954834
4.775611400604248
4.903975009918213
4.914101600646973
4.718361854553223
4.767814636230469
4.672698974609375
4.703098773956299
4.811825752258301
4.791457653045654
4.8397064208984375
4.5620880126953125
4.598843097686768
4.550573348999023
4.827311992645264
4.48281192779541
4.4828619956970215
4.427882194519043
4.58200740814209
4.709076404571533
4.645966053009033
4.324143409729004
4.4859089851379395
4.537756443023682
4.643456935882568
4.402002811431885
4.420825958251953
4.295496940612793
4.382482528686523
4.765625476837158
4.300662994384766
4.359365940093994
4.321289539337158
4.533231258392334
4.237149238586426
4.286025047302246
4.243671894073486
4.273889064788818
4.304426193237305
4.203118801116943
4.153657913208008
4.49312162399292
4.25692892074585
4.459812641143799
4.618386745452881
4.241195201873779
4.184555530548096
4.415474891662598
4.159655570983887
4.2846856117248535
4.1599860191345215
4.162387847900391
4.266754627227783
4.048878192901611
4.1208014488220215
4.142942428588867
4.14510440826416
3.9824869632720947
3.9268958568573
4.056919097900391
4.068009376525879
4.104572296142578
4.32411527633667
4.056614398956299
4.104733943939209
3.964789628982544
4.107252597808838
4.065761566162109
4.030190944671631
3.8322999477386475
3.9881045818328857
3.999270439147949
3.7984228134155273
3.9240989685058594
3.9920921325683594
4.0647172927856445
3.9452786445617676
3.932610273361206
4.183189868927002
3.7816503047943115
3.7871575355529785
3.778383731842041
4.043598175048828
3.8571979999542236
3.7130048274993896
3.8224921226501465
3.867058277130127
3.702845573425293
3.783769130706787
3.84879994392395
3.7860209941864014
3.7921462059020996
3.6594536304473877
3.6998884677886963
3.833327293395996
3.670461416244507
3.8743820190429688
3.821112871170044
3.808633804321289
3.7123489379882812
3.7406063079833984
3.5963668823242188
3.738374710083008
3.585507869720459
3.676306962966919
3.520385503768921
3.66255259513855
3.66386079788208
3.640578508377075
3.7180898189544678
3.640573740005493
3.776571273803711
3.566488027572632
3.7759158611297607
3.5835671424865723
3.547376871109009
3.575134515762329
3.632420539855957
3.5255353450775146
3.4835708141326904
3.4718520641326904
3.463973045349121
3.493525981903076
3.637646198272705
3.4149999618530273
3.650172710418701
3.472726583480835
3.6125152111053467
3.5508902072906494
3.3310561180114746
3.464050769805908
3.5331029891967773
3.4062533378601074
3.455662727355957
3.3949368000030518
3.4970223903656006
3.57621431350708
3.5740442276000977
3.5608267784118652
3.337303876876831
3.372809410095215
3.362851142883301
3.3887932300567627
3.4039571285247803
3.413552761077881
3.434546947479248
3.2993931770324707
3.3074088096618652
3.345855951309204
3.49643874168396
3.463336229324341
3.222165822982788
3.2391905784606934
3.4401354789733887
3.4662928581237793
3.409083843231201
3.357278347015381
3.366997003555298
3.2704858779907227
3.238136053085327
3.3092336654663086
3.2681684494018555
3.341142416000366
3.3490490913391113
3.089871883392334
3.258938789367676
3.367063522338867
3.2616915702819824
3.3146567344665527
3.187913656234741
3.310399293899536
3.1706461906433105
3.1092708110809326
3.2583065032958984
3.4335241317749023
3.224015474319458
3.2705013751983643
3.1892247200012207
3.1872191429138184
3.138827085494995
3.170793294906616
3.1999893188476562
3.176372528076172
3.1320528984069824
3.1950902938842773
3.156357526779175
3.122267723083496
3.146218776702881
3.097541093826294
3.106879234313965
3.2496237754821777
3.1816370487213135
3.1418163776397705
3.177677869796753
3.247941732406616
2.9779253005981445
3.0426337718963623
3.2439024448394775
3.0859241485595703
3.070455312728882
3.0637459754943848
3.1451799869537354
3.092010498046875
3.0734307765960693
3.0541603565216064
2.977410078048706
3.0700747966766357
3.232490301132202
3.166914939880371
3.213762044906616
3.063892126083374
3.269378185272217
3.053485631942749
3.036684513092041
3.1180620193481445
3.0850374698638916
3.1338863372802734
3.0040600299835205
3.0699305534362793
2.986758232116699
2.931255340576172
3.0795116424560547
3.1970455646514893
3.0568671226501465
3.0359086990356445
2.9260356426239014
2.934877634048462
3.0561020374298096
2.911205768585205
3.105811357498169
3.087082624435425
3.098095417022705
3.271911382675171
3.0096004009246826
2.9710988998413086
3.015390634536743
2.951136589050293
3.1544206142425537
2.842888116836548
2.9437196254730225
2.881321668624878
2.9988133907318115
2.985002279281616
3.0488994121551514
3.1193299293518066
3.124727487564087
2.9096035957336426
2.970259189605713
3.033883810043335
2.922264337539673
2.929751396179199
2.905667543411255
2.8974289894104004
2.8654370307922363
2.8330461978912354
2.93076229095459
2.8891103267669678
3.0120460987091064
2.99253511428833
2.997931957244873
3.1184165477752686
3.0099146366119385
2.9193811416625977
2.924877643585205
2.8995537757873535
3.0561633110046387
3.009618043899536
2.8585104942321777
2.9037303924560547
2.9722635746002197
2.9323227405548096
2.945998191833496
2.745211601257324
2.8252525329589844
2.9821596145629883
2.9715335369110107
2.902071952819824
3.0499963760375977
2.993112087249756
2.831272602081299
2.909315347671509
2.934830665588379
2.909959554672241
2.868605375289917
2.8538661003112793
2.847975254058838
2.780569076538086
2.879659414291382
2.8376221656799316
2.8157224655151367
2.846487045288086
2.8307669162750244
2.964731454849243
2.7477498054504395
2.9027023315429688
2.872471332550049
2.841118574142456
2.8575937747955322
2.834629774093628
2.83673095703125
2.8085832595825195
2.7645857334136963
2.8186888694763184
2.7640836238861084
2.823530912399292
2.8125405311584473
2.7837681770324707
2.8563578128814697
2.769697427749634
2.841252326965332
2.7727935314178467
2.7053890228271484
2.8203976154327393
2.7121174335479736
2.7762393951416016
2.7815933227539062
2.6410789489746094
2.8171749114990234
2.703780174255371
2.814605236053467
2.83992862701416
2.840798854827881
2.7217695713043213
2.7494592666625977
2.819586992263794
2.6595778465270996
2.88215970993042
2.872631788253784
2.722158908843994
2.886284351348877
2.9008562564849854
2.8101580142974854
2.79899263381958
2.796051263809204
2.790104389190674
2.822249174118042
2.67952561378479
2.940519332885742
2.6805646419525146
2.8783254623413086
2.9662647247314453
2.7244393825531006
2.784787178039551
2.8153247833251953
2.8371171951293945
2.6707041263580322
2.6562623977661133
2.6485936641693115
2.7770581245422363
2.6939547061920166
3.0168182849884033
2.7557520866394043
2.832711696624756
2.800960063934326
2.8798394203186035
2.69751238822937
2.697476625442505
2.674140691757202
2.6610171794891357
2.6578071117401123
2.66120982170105
2.7625269889831543
2.6610026359558105
2.9603500366210938
2.734910249710083
2.7531354427337646
2.6216437816619873
2.7753360271453857
2.650911569595337
2.673410415649414
2.6828715801239014
2.8360049724578857
2.7337892055511475
2.610032081604004
2.6347126960754395
2.6346840858459473
2.702641487121582
2.6708695888519287
2.686602830886841
2.7818334102630615
2.70755672454834
2.721306562423706
2.8118393421173096
2.6459391117095947
2.7408976554870605
2.568638563156128
2.668891668319702
2.678011417388916
2.7419018745422363
2.6665899753570557
2.5541939735412598
2.6840837001800537
2.665398120880127
2.6316728591918945
2.8105156421661377
2.6436634063720703
2.6154205799102783
2.6379361152648926
2.73348331451416
2.6157045364379883
2.76082181930542
2.7360332012176514
2.7402210235595703
2.694761276245117
2.608872413635254
2.608356475830078
2.666712999343872
2.593168020248413
2.6868114471435547
2.710066795349121
2.5233559608459473
2.6548640727996826
2.5643742084503174
2.6408908367156982
2.6341168880462646
2.6247446537017822
2.575805902481079
2.6290454864501953
2.6146459579467773
2.5641849040985107
2.550966262817383
2.6742331981658936
2.5743510723114014
2.5774154663085938
2.7573442459106445
2.547476053237915
2.6277246475219727
2.728379487991333
2.6251161098480225
2.641261577606201
2.8482773303985596
2.5892038345336914
2.5655508041381836
2.5851213932037354
2.5638582706451416
2.551424026489258
2.553046941757202
2.5597307682037354
2.5890228748321533
2.7611865997314453
2.543178081512451
2.5408647060394287
2.6759560108184814
2.711038589477539
2.670631170272827
2.5258729457855225
2.6268811225891113
2.704474449157715
2.5822696685791016
2.5789635181427
2.5186359882354736
2.6185412406921387
2.6012542247772217
2.6201670169830322
2.5610618591308594
2.5829105377197266
2.4781548976898193
2.527195453643799
2.573939323425293
2.523500442504883
2.588108539581299
2.5683255195617676
2.619264841079712
2.4988491535186768
2.558022975921631
2.547982692718506
2.6440398693084717
2.5839149951934814
2.566859722137451
2.5710065364837646
2.6944053173065186
2.646756887435913
2.586214542388916
2.5109004974365234
2.57619047164917
2.608652114868164
2.6408796310424805
2.556638479232788
2.698925018310547
2.654594659805298
2.529989004135132
2.5534732341766357
2.6213953495025635
2.4917120933532715
2.5105929374694824
2.662611246109009
2.5204615592956543
2.6677122116088867
2.5387163162231445
2.7038018703460693
2.60741925239563
2.503453493118286
2.560070753097534
2.541292428970337
2.473513603210449
2.547714948654175
2.6055233478546143
2.541539430618286
2.5303683280944824
2.559566020965576
2.6809029579162598
2.5332632064819336
2.5308146476745605
2.494708776473999
2.6567087173461914
2.632061719894409
2.515676259994507
2.5330958366394043
2.5403332710266113
2.5530636310577393
2.5416948795318604
2.6545329093933105
2.5558671951293945
2.559868574142456
2.5753302574157715
2.6206037998199463
2.5279088020324707
2.7153429985046387
2.49006724357605
2.5237982273101807
2.5557727813720703
2.557689666748047
2.648836851119995
2.6306447982788086
2.626403331756592
2.5315842628479004
2.6632132530212402
2.5439846515655518
2.6040549278259277
2.570641040802002
2.5140557289123535
2.589768648147583
2.5310468673706055
2.4068498611450195
2.560140609741211
2.4754879474639893
2.4935109615325928
2.487179756164551
2.5798499584198
2.604853868484497
2.5788354873657227
2.501255989074707
2.499809980392456
2.574491024017334
2.5368258953094482
2.517399787902832
2.5023727416992188
2.5616376399993896
2.602163553237915
2.5663464069366455
2.4155526161193848
2.648728370666504
2.613286256790161
2.4888319969177246
2.5152053833007812
2.5510919094085693
2.499225378036499
2.5601470470428467
2.648613691329956
2.5489258766174316
2.4835128784179688
2.429694890975952
2.4679453372955322
2.6965761184692383
2.5407204627990723
2.4564757347106934
2.6515119075775146
2.5440473556518555
2.3964016437530518
2.5699241161346436
2.54571533203125
2.4942564964294434
2.519758701324463
2.4937191009521484
2.5157406330108643
2.4313623905181885
2.6040642261505127
2.5017271041870117
2.5357112884521484
2.46832275390625
2.548105239868164
2.4904706478118896
2.45015025138855
2.519016981124878
2.536945343017578
2.4580559730529785
2.5663604736328125
2.46156644821167
2.448768377304077
2.51019024848938
2.5332465171813965
2.4573495388031006
2.530250310897827
2.439812421798706
2.4994285106658936
2.5810439586639404
2.617526054382324
2.4599385261535645
2.496870756149292
2.4977755546569824
2.3901822566986084
2.4556498527526855
2.557351589202881
2.4114084243774414
2.4334778785705566
2.4438576698303223
2.4405453205108643
2.5096359252929688
2.5640709400177
2.495666027069092
2.4565181732177734
2.4475016593933105
2.400865316390991
2.459810733795166
2.4776763916015625
2.4515559673309326
2.449915885925293
2.5293350219726562
2.5485339164733887
2.4514548778533936
2.493539810180664
2.48775315284729
2.5173802375793457
2.513824224472046
2.479762554168701
2.5381853580474854
2.5010664463043213
2.548552989959717
2.5117976665496826
2.4578168392181396
2.580782175064087
2.55863356590271
2.500495433807373
2.560600996017456
2.4419734477996826
2.512641191482544
2.4507079124450684
2.4518120288848877
2.438014268875122
2.5135748386383057
2.492814779281616
2.4362974166870117
2.641855001449585
2.484706163406372
2.4696693420410156
2.5336685180664062
2.3983399868011475
2.6672732830047607
2.38607120513916
2.3989551067352295
