480.7729187011719
639.6730346679688
492.3016052246094
620.023681640625
626.9837646484375
664.4378662109375
607.0608520507812
473.09576416015625
665.8851928710938
635.1268920898438
642.7136840820312
678.8582763671875
692.8380737304688
655.077392578125
752.1707153320312
742.4490966796875
766.0858764648438
797.1329956054688
838.8298950195312
798.999755859375
814.3457641601562
862.578369140625
836.4432373046875
929.916015625
1129.231201171875
1078.921142578125
1165.6219482421875
1271.0009765625
1290.7060546875
1443.10107421875
1462.814208984375
1651.6954345703125
1753.45361328125
1996.321533203125
2240.411376953125
1830.8536376953125
2036.3778076171875
3554.314697265625
3912.005126953125
6470.34326171875
38120.1875
133879.9375
124426.5234375
56460.5078125
20731.8671875
6423.74560546875
4961.4794921875
5013.857421875
4457.16748046875
3298.958984375
3860.285400390625
12562.87890625
6814.86181640625
4159.58203125
3937.423095703125
1911.881591796875
1375.52197265625
3401.91259765625
1002.2137451171875
926.598876953125
1265.718017578125
1714.2799072265625
6547.4912109375
3732.882568359375
4657.7998046875
4186.63134765625
3432.951171875
34919.4921875
24304.572265625
2047.6744384765625
2748.166015625
5838.677734375
4857.40771484375
7927.62060546875
16683.25
6709.98291015625
4527.56982421875
3312.787109375
3291.248779296875
20344.90234375
29203.4609375
12563.826171875
1920.9906005859375
4442.81005859375
928.7685546875
4957.66357421875
4424.0302734375
2376.947021484375
5311.18896484375
1911.1182861328125
189892.75
983670.5
1612997.125
767992.375
131228.28125
12754.5400390625
1277.1724853515625
2613.185546875
1645.4114990234375
24372.1640625
15656.220703125
1958.4490966796875
2146.48828125
2700.004150390625
975.1611938476562
3642.822021484375
973.6328125
749.0181884765625
2657.624755859375
13594.2607421875
11694.8505859375
3648.656494140625
3146.059814453125
8793.2109375
3070.4521484375
758.9303588867188
3169.919677734375
4086.944091796875
1620.0501708984375
4595.7958984375
8792.3388671875
20527.671875
6930.08935546875
913.2225341796875
2592.66552734375
3340.341552734375
860.01513671875
2762.06298828125
1636.4130859375
3352.558837890625
3268.185302734375
6446.40185546875
1391.3475341796875
607.6011962890625
4206.41064453125
2281.827880859375
2027.875
7032.46875
15942.1357421875
1206.749267578125
2349.18359375
1298.9327392578125
708.2637939453125
4184.62744140625
4578.0517578125
3335.020751953125
24749.919921875
55606.015625
23551.859375
1534.74462890625
3412.794677734375
563.6891479492188
3781.70654296875
2676.828857421875
30126.35546875
57129.72265625
42647.22265625
11121.6689453125
1373.7275390625
1819.925537109375
2291.2080078125
836.8602905273438
1049.67919921875
1354.65234375
16725.638671875
25165.240234375
7090.36328125
1088.1002197265625
1605.47265625
1953.9195556640625
3073.288818359375
593.3038330078125
229.09011840820312
175.92637634277344
1471.4595947265625
532.3184204101562
3238.369140625
4779.935546875
3131.20166015625
4078.616943359375
4009.371826171875
3138.71044921875
1454.966552734375
42705.046875
1328049.875
203105.875
48351.99609375
17576.560546875
1940.3619384765625
2422.99169921875
326.64794921875
8195.1005859375
1860.681640625
666.1472778320312
1938.7860107421875
926.8426513671875
320.0041809082031
1879.77587890625
1748.123291015625
589.7285766601562
4123.89111328125
1026.7247314453125
273.19793701171875
233.88876342773438
2194.438720703125
502.1227722167969
2451.349853515625
8923.380859375
9280.69140625
5907.44140625
468.40911865234375
578.5794677734375
1975.554931640625
2100.5283203125
1810.2523193359375
1936.5257568359375
5021.13330078125
861.2366333007812
897.4196166992188
400.83447265625
1051.855712890625
1333.8756103515625
401.24658203125
1385.880615234375
1504.6484375
643.0864868164062
622.3489990234375
1068.23193359375
775.2504272460938
510.7931823730469
1458.10546875
674.0056762695312
1809.1077880859375
581.9025268554688
416.92401123046875
355.63421630859375
130.62686157226562
383.35089111328125
3071.065673828125
2721.152099609375
1244.6212158203125
2051.162353515625
889.1119384765625
1159.8966064453125
1229.54833984375
906.1712646484375
595.0492553710938
464.58477783203125
1484.208984375
1202.908447265625
2171.959228515625
538.5792846679688
794.3453979492188
502.9798583984375
202.1964569091797
464.24639892578125
154.07177734375
503.0089111328125
293.4264831542969
325.3280029296875
498.4764404296875
592.3743896484375
136.7595977783203
1052.625732421875
229.82620239257812
497.1826477050781
1208.6397705078125
270.1694641113281
430.2477722167969
192.66357421875
164.36952209472656
87.1941146850586
828.2183227539062
704.4388427734375
298.3134765625
807.7576293945312
889.6624755859375
992.9873046875
200.39306640625
704.86328125
729.4343872070312
378.3058776855469
1389.3143310546875
330.0654296875
209.2003173828125
361.64117431640625
394.37432861328125
570.3753051757812
253.28262329101562
476.66461181640625
111.77935028076172
354.4783020019531
112.44963836669922
300.9460754394531
1303.618408203125
133.7820587158203
128.1123504638672
165.5607452392578
2226.408203125
689.2766723632812
220.29246520996094
444.8364562988281
620.7459716796875
688.7506103515625
367.380126953125
783.3172607421875
977.9649658203125
849.7083129882812
426.89166259765625
158.93170166015625
866.6051635742188
536.134033203125
674.6077880859375
358.6805725097656
195.3143768310547
104.84737396240234
89.26313018798828
732.2006225585938
1249.5611572265625
917.0413818359375
184.0008544921875
434.1922607421875
534.8875122070312
138.77362060546875
108.62105560302734
844.632568359375
167.01168823242188
217.00363159179688
503.49102783203125
105.01022338867188
862.1214599609375
429.89361572265625
466.52001953125
499.176513671875
244.5319061279297
690.29345703125
473.07269287109375
423.96649169921875
121.05511474609375
407.8006896972656
490.06854248046875
117.69867706298828
474.053955078125
413.9459228515625
101.43153381347656
202.220703125
146.19381713867188
102.27928924560547
118.2170181274414
513.78076171875
265.3221435546875
534.9683227539062
429.8075256347656
381.9851989746094
91.77247619628906
1132.516845703125
391.18353271484375
758.5108642578125
172.801025390625
131.59654235839844
297.0165710449219
482.30224609375
110.61136627197266
579.4739379882812
513.1956787109375
455.08221435546875
232.00418090820312
189.7781524658203
324.6340637207031
590.9736938476562
742.6742553710938
511.2681579589844
303.6199951171875
338.37371826171875
356.1875
258.63616943359375
493.4114685058594
477.76202392578125
344.1883850097656
131.15771484375
43.64271545410156
221.8739776611328
124.80924987792969
282.9558410644531
90.85887145996094
69.19265747070312
64.81721496582031
103.308349609375
80.13180541992188
164.16281127929688
100.26354217529297
661.6358032226562
316.0065612792969
403.7045593261719
252.4337158203125
175.52610778808594
96.07196044921875
55.312862396240234
559.37939453125
246.69503784179688
106.61166381835938
139.81381225585938
288.8843078613281
107.4057846069336
261.17724609375
232.3975830078125
76.91468048095703
90.49585723876953
765.0289916992188
525.5623168945312
243.41287231445312
175.974609375
212.33909606933594
108.56239318847656
334.5108642578125
299.4027404785156
55.91326141357422
685.7203979492188
466.35333251953125
130.9268035888672
103.02114868164062
69.1624984741211
179.83074951171875
155.8775634765625
100.40310668945312
120.0944595336914
286.1398010253906
395.15960693359375
422.7754211425781
580.7302856445312
102.942138671875
120.22116088867188
394.4728088378906
74.3617172241211
371.0636901855469
385.5306091308594
426.7038879394531
397.86614990234375
199.89300537109375
70.00920104980469
322.6699523925781
290.0118408203125
272.8860778808594
130.92071533203125
235.0149688720703
653.5861206054688
201.93748474121094
175.15536499023438
99.9244613647461
155.3531036376953
177.85028076171875
77.31554412841797
192.2083282470703
470.3460693359375
156.51487731933594
263.1683654785156
257.2760314941406
153.74391174316406
160.4987030029297
104.59386444091797
291.1097717285156
556.5786743164062
311.6679382324219
168.69448852539062
93.03097534179688
126.3237075805664
244.08868408203125
76.19475555419922
157.14686584472656
91.71633911132812
74.29985046386719
263.8274230957031
269.5547790527344
309.4708251953125
87.77843475341797
98.75475311279297
189.9322967529297
184.95562744140625
66.74415588378906
207.55294799804688
172.52059936523438
53.35939407348633
97.5789794921875
160.562255859375
94.27698516845703
174.00250244140625
110.79977416992188
81.82622528076172
299.6639404296875
240.42349243164062
189.58499145507812
253.11265563964844
120.09527587890625
79.74773406982422
196.94325256347656
242.30413818359375
347.5848693847656
390.99505615234375
433.05023193359375
100.25271606445312
255.2328643798828
272.7658386230469
223.8427734375
210.5709991455078
156.73797607421875
72.21131896972656
419.6117858886719
572.76513671875
742.7142944335938
257.56353759765625
133.82298278808594
135.3892059326172
197.9282989501953
239.8392333984375
363.3155822753906
250.35386657714844
206.57679748535156
281.3987731933594
290.1402282714844
214.58816528320312
246.19557189941406
243.0836944580078
198.13670349121094
109.35344696044922
454.5522155761719
84.33150482177734
103.91276550292969
143.79144287109375
44.32862091064453
79.86619567871094
39.09307861328125
113.9540786743164
140.64846801757812
616.2376708984375
189.89956665039062
117.95849609375
303.4049072265625
156.5426788330078
50.82522964477539
93.14717864990234
98.4744873046875
56.16007614135742
35.4536018371582
147.48123168945312
112.26559448242188
99.46305084228516
411.7770080566406
378.56207275390625
150.8485870361328
62.828128814697266
165.12071228027344
202.26055908203125
78.19691467285156
212.1975555419922
38.78699493408203
121.2457046508789
119.61054992675781
121.44066619873047
96.90487670898438
100.07921600341797
110.81934356689453
219.84950256347656
270.60595703125
384.87542724609375
109.43904876708984
56.0843620300293
92.77407836914062
271.3973083496094
262.1949157714844
367.3543701171875
91.68563842773438
267.2351379394531
113.68769073486328
221.4149169921875
165.93795776367188
111.19669342041016
326.23785400390625
73.05226135253906
70.61213684082031
158.628173828125
852.3589477539062
147.5014190673828
67.15237426757812
101.68604278564453
83.3545913696289
61.698272705078125
350.260009765625
164.4879150390625
119.21878814697266
187.8312530517578
54.57185363769531
281.2553405761719
45.475929260253906
440.2380676269531
125.45384979248047
74.52705383300781
51.95315170288086
255.18255615234375
206.49082946777344
68.0472640991211
78.70948028564453
100.93511962890625
358.8926696777344
72.0218276977539
102.72635650634766
71.06936645507812
107.71121215820312
58.85297393798828
56.67723083496094
95.91659545898438
85.30554962158203
70.9415512084961
109.74766540527344
244.33889770507812
49.12956237792969
111.35506439208984
102.3790512084961
33.47360610961914
289.9626770019531
88.54994201660156
65.88981628417969
33.251365661621094
344.9552307128906
88.80241394042969
180.7885284423828
62.43436813354492
41.52317810058594
83.32562255859375
98.54460144042969
96.55358123779297
193.42820739746094
121.57901763916016
331.9093322753906
156.54736328125
361.9013977050781
195.7235107421875
168.3394775390625
117.47293853759766
219.65359497070312
300.4912109375
185.32745361328125
146.28173828125
158.46446228027344
68.11666107177734
34.56230926513672
281.729736328125
211.16064453125
479.3559875488281
271.2768859863281
52.87809371948242
136.91067504882812
190.49310302734375
259.47808837890625
294.434326171875
153.10968017578125
209.4574737548828
92.87974548339844
109.50861358642578
98.65413665771484
65.14883422851562
92.2337417602539
83.73438262939453
190.22239685058594
276.3960266113281
92.48350524902344
354.8138732910156
151.6743927001953
328.757568359375
68.017333984375
167.5694580078125
330.69818115234375
301.0468444824219
150.1789093017578
107.18567657470703
52.942481994628906
31.710960388183594
92.94466400146484
54.93257522583008
22.645353317260742
28.47389030456543
64.82304382324219
284.37548828125
149.1226348876953
82.82392883300781
117.18486022949219
16.968669891357422
28.72595977783203
130.23681640625
162.0450897216797
43.23823165893555
87.3538589477539
41.84247970581055
50.20248031616211
64.26582336425781
69.01885223388672
39.67232894897461
126.6280517578125
57.75812530517578
125.1823959350586
49.49454879760742
81.67698669433594
21.590187072753906
49.188140869140625
285.99609375
63.66159439086914
149.1075439453125
70.36671447753906
185.01324462890625
154.899658203125
145.64466857910156
82.432373046875
22.30373191833496
340.2628173828125
84.28565979003906
81.72979736328125
152.80654907226562
78.12837219238281
484.0838623046875
60.56306076049805
130.61712646484375
130.6953125
220.05654907226562
75.79047393798828
162.7529296875
208.78265380859375
128.6864013671875
118.8577651977539
26.813655853271484
101.38872528076172
235.29522705078125
162.44656372070312
111.92277526855469
108.14000701904297
152.1758270263672
271.47320556640625
169.6272430419922
177.48948669433594
220.51422119140625
108.78695678710938
132.21803283691406
28.64711570739746
191.8601837158203
130.7047576904297
223.3301544189453
90.48005676269531
147.37261962890625
255.51605224609375
101.15532684326172
126.98442077636719
298.76409912109375
126.31903076171875
43.312870025634766
120.70665740966797
113.7155990600586
112.99057006835938
82.95832061767578
262.641845703125
254.47438049316406
89.39878845214844
55.727725982666016
45.74302673339844
36.224884033203125
87.178466796875
157.88290405273438
159.92030334472656
153.09498596191406
71.62409973144531
137.36773681640625
46.50912857055664
215.8931427001953
255.626953125
79.15572357177734
325.07208251953125
26.968379974365234
392.6116027832031
74.13050079345703
128.86083984375
253.34910583496094
152.64939880371094
478.6256103515625
136.53256225585938
113.30260467529297
172.60177612304688
29.603313446044922
149.70079040527344
150.9517059326172
165.1433563232422
152.35496520996094
76.55712127685547
32.297183990478516
106.77178955078125
59.521812438964844
28.276933670043945
45.83950424194336
37.56546401977539
21.267417907714844
346.9881896972656
163.91395568847656
307.43450927734375
76.84133911132812
79.40210723876953
124.29940032958984
152.96534729003906
165.72825622558594
148.18275451660156
186.23968505859375
180.97195434570312
314.7068786621094
129.23553466796875
54.626319885253906
309.3954162597656
79.77445220947266
263.9521484375
87.26850891113281
45.78948211669922
127.11511993408203
189.28253173828125
82.49250030517578
53.29007339477539
64.08697509765625
553.1552734375
57.36824035644531
46.590816497802734
71.021484375
119.92728424072266
104.3104019165039
71.09870147705078
50.00629425048828
56.28102111816406
43.63090896606445
69.10265350341797
99.69869995117188
94.79418182373047
107.49280548095703
37.920654296875
98.5165023803711
144.82632446289062
101.2361068725586
73.26918029785156
65.36637115478516
188.04188537597656
87.32057189941406
55.9256706237793
135.19361877441406
56.32085418701172
316.3591613769531
58.80888366699219
35.826698303222656
51.513755798339844
112.14554595947266
65.91448211669922
38.1275520324707
57.13349533081055
252.80111694335938
155.3683319091797
128.04429626464844
73.93769073486328
100.78791809082031
59.589786529541016
40.93972396850586
64.8909683227539
38.261837005615234
36.92302322387695
83.96729278564453
40.621795654296875
327.8904724121094
98.83674621582031
34.9448356628418
78.8125991821289
171.15769958496094
237.1480255126953
208.93849182128906
73.54988861083984
42.943111419677734
258.0941162109375
33.02571105957031
213.4321746826172
25.55462646484375
237.1971435546875
131.1161346435547
135.83946228027344
74.95069122314453
56.540313720703125
66.41569519042969
378.8028259277344
60.57532501220703
51.745201110839844
53.521785736083984
38.69499206542969
82.25076293945312
103.4693374633789
34.573307037353516
265.0363464355469
200.0418243408203
165.09046936035156
205.16188049316406
218.0703125
234.7857208251953
67.56440734863281
89.50618743896484
169.91427612304688
502.59185791015625
197.8643341064453
231.8230743408203
106.98861694335938
300.85858154296875
52.412227630615234
121.2979736328125
92.03802490234375
60.90206527709961
280.2239074707031
110.12691497802734
124.03240203857422
185.6029815673828
109.49185180664062
77.19634246826172
63.64463424682617
348.34063720703125
87.85710906982422
463.46246337890625
68.1092758178711
38.103607177734375
92.02131652832031
22.339134216308594
209.7899932861328
103.09159851074219
67.53473663330078
84.05880737304688
103.3154525756836
60.8162727355957
14.828842163085938
260.1607666015625
248.54702758789062
101.06936645507812
113.92900085449219
104.46369934082031
216.1871337890625
93.01862335205078
42.27389144897461
182.90585327148438
38.22111511230469
23.923063278198242
69.902099609375
50.52330017089844
53.85523223876953
85.0882339477539
41.218910217285156
313.8196105957031
70.81608581542969
33.77485656738281
46.500247955322266
39.046504974365234
334.18719482421875
41.38140869140625
335.757080078125
169.97982788085938
38.32075881958008
19.694583892822266
246.56553649902344
204.28782653808594
116.59732818603516
137.6427459716797
114.69995880126953
179.37232971191406
186.98336791992188
100.00037384033203
39.32218551635742
66.23027038574219
86.76904296875
80.55587005615234
141.45809936523438
66.2298812866211
69.47720336914062
264.9848937988281
76.2292709350586
83.53591918945312
34.54357147216797
37.46693801879883
230.9377899169922
96.3616714477539
111.7125244140625
100.3324966430664
94.56221008300781
101.03904724121094
47.38236999511719
263.7222900390625
128.05621337890625
153.2951202392578
75.12431335449219
91.25022888183594
30.169803619384766
20.911930084228516
16.214088439941406
26.721288681030273
28.81562614440918
12.844352722167969
324.03143310546875
33.30768585205078
70.05853271484375
28.46856689453125
148.06971740722656
110.19480895996094
73.09474182128906
111.25890350341797
272.0653076171875
33.56644821166992
109.76685333251953
298.1731872558594
136.6481170654297
166.81842041015625
70.13533782958984
141.41517639160156
133.72491455078125
121.55926513671875
85.60179901123047
94.71282196044922
36.76484298706055
63.263771057128906
46.84324264526367
99.19029235839844
411.00750732421875
112.44783782958984
34.683448791503906
83.39492797851562
40.02339553833008
89.22087097167969
47.74281692504883
100.33060455322266
167.2648162841797
80.11148834228516
38.254215240478516
54.50809097290039
52.39249038696289
45.806488037109375
21.93000602722168
115.4677505493164
53.948219299316406
61.891788482666016
145.20187377929688
51.028621673583984
332.5443420410156
84.92022705078125
145.23941040039062
165.9471893310547
83.88093566894531
235.0867919921875
228.42774963378906
162.0824737548828
232.05638122558594
260.8163757324219
153.14305114746094
159.37939453125
52.563987731933594
71.63909912109375
41.727413177490234
97.51119995117188
28.335281372070312
22.519657135009766
47.181060791015625
33.81474304199219
241.68264770507812
37.75015640258789
22.893056869506836
20.563512802124023
83.99803161621094
114.88146209716797
188.07313537597656
99.32545471191406
71.48469543457031
68.07701110839844
229.89381408691406
39.801055908203125
32.680137634277344
18.23483657836914
241.2039337158203
22.649892807006836
54.376644134521484
59.316219329833984
87.8597412109375
217.01068115234375
62.62434768676758
230.03131103515625
31.530567169189453
49.434600830078125
84.57488250732422
56.327064514160156
32.73076248168945
236.988525390625
218.92071533203125
75.93437957763672
363.6636047363281
90.65947723388672
60.0847053527832
177.78175354003906
117.05088806152344
149.45053100585938
33.692813873291016
19.093381881713867
94.67434692382812
333.53961181640625
173.3131866455078
132.46929931640625
329.3263244628906
77.39433288574219
81.46456909179688
99.55428314208984
81.21756744384766
46.302059173583984
32.189109802246094
184.07388305664062
182.3241729736328
311.9602355957031
319.0037841796875
52.9010124206543
48.28264236450195
229.29241943359375
80.36042022705078
164.8594970703125
98.29135131835938
92.03287506103516
127.00826263427734
128.94911193847656
128.53451538085938
132.60560607910156
99.79139709472656
152.50717163085938
134.04495239257812
47.80082702636719
267.45745849609375
54.906681060791016
58.84287643432617
48.67477798461914
36.44931411743164
30.32499122619629
26.782690048217773
83.7270278930664
115.00872802734375
54.614131927490234
64.69487762451172
176.56069946289062
14.180795669555664
73.4532241821289
66.35652923583984
100.73957824707031
161.78273010253906
130.1499786376953
50.1414680480957
70.365234375
45.66746520996094
136.79847717285156
238.69082641601562
81.95689392089844
106.32713317871094
25.560060501098633
72.9402847290039
110.25006103515625
41.182029724121094
90.42005157470703
26.199222564697266
47.79865264892578
338.1476745605469
148.20895385742188
34.49980545043945
94.0023422241211
59.194393157958984
299.1359558105469
59.31510543823242
93.34970092773438
114.25527954101562
189.571533203125
141.06658935546875
145.08551025390625
112.53748321533203
31.483505249023438
69.2692642211914
26.36239242553711
162.1156768798828
242.6560516357422
202.80271911621094
231.81460571289062
28.795438766479492
50.76540756225586
147.40646362304688
54.46175003051758
132.52926635742188
96.10359191894531
206.01007080078125
169.68734741210938
69.69889831542969
207.49560546875
50.874847412109375
136.25914001464844
120.78166961669922
89.62918090820312
132.82806396484375
19.742338180541992
18.83078956604004
22.670726776123047
29.614891052246094
99.0985336303711
455.20574951171875
716.2298583984375
45.09663772583008
50.63710403442383
117.93939208984375
77.71222686767578
38.21546936035156
98.58876037597656
199.87786865234375
56.00764846801758
40.523475646972656
67.50017547607422
21.36676025390625
35.353973388671875
21.557323455810547
43.03877639770508
38.032493591308594
33.933021545410156
23.767276763916016
49.26535415649414
33.52159881591797
31.229047775268555
59.652244567871094
33.78938293457031
387.119384765625
34.02897262573242
67.0870361328125
21.587745666503906
144.0000457763672
124.24400329589844
20.874032974243164
89.10004425048828
44.487762451171875
123.43780517578125
63.685569763183594
41.57772445678711
206.170654296875
264.247314453125
64.86711883544922
56.320648193359375
91.2238998413086
20.8046932220459
48.65184783935547
28.075843811035156
34.154685974121094
41.256961822509766
209.03329467773438
28.766469955444336
44.663631439208984
39.47108840942383
54.73805618286133
21.344045639038086
14.977198600769043
20.41388511657715
38.61737823486328
78.69050598144531
32.218502044677734
21.955169677734375
37.586883544921875
20.383371353149414
86.46414184570312
252.20004272460938
52.3236083984375
179.57394409179688
64.78900146484375
69.5876235961914
81.03410339355469
49.545265197753906
49.31671905517578
105.77964782714844
32.479164123535156
12.351263046264648
86.74693298339844
26.792251586914062
22.9931583404541
24.05620765686035
78.82217407226562
45.231143951416016
47.73961639404297
294.7288513183594
73.84342193603516
313.0330810546875
31.49910545349121
23.69527816772461
35.858238220214844
96.13482666015625
51.026832580566406
25.21994400024414
104.0523681640625
32.26025390625
52.872257232666016
72.56951904296875
64.6712646484375
38.42957305908203
33.044410705566406
65.05450439453125
42.23894119262695
300.9259338378906
19.4272403717041
293.2342529296875
54.90439987182617
95.30535125732422
56.44485092163086
131.7664337158203
75.85023498535156
44.01100540161133
64.07353973388672
40.80820846557617
65.50129699707031
233.432373046875
249.23992919921875
16.603252410888672
622.165771484375
27.114952087402344
21.80891990661621
42.84988021850586
27.925798416137695
37.05188751220703
31.9857120513916
108.02526092529297
14.4007568359375
35.5721435546875
66.35010528564453
67.3920669555664
141.0815887451172
22.400793075561523
11.578784942626953
245.802001953125
24.373306274414062
50.927154541015625
96.61648559570312
56.60692596435547
46.46739959716797
68.25147247314453
413.36614990234375
39.71061706542969
39.915863037109375
93.94833374023438
126.2035903930664
146.8719024658203
120.8722152709961
115.19172668457031
80.51964569091797
141.1636962890625
55.60067367553711
129.31149291992188
174.408935546875
190.74801635742188
144.9693603515625
104.42555236816406
104.74110412597656
56.350772857666016
16.55699348449707
179.90122985839844
70.2931137084961
423.49432373046875
32.160972595214844
271.1230773925781
21.227081298828125
31.901290893554688
68.00298309326172
124.26007843017578
32.212440490722656
130.4910430908203
32.919639587402344
49.0308952331543
104.36690521240234
17.626855850219727
39.86904525756836
149.99673461914062
82.30393981933594
314.0010681152344
291.6770324707031
36.02389907836914
31.191749572753906
95.43414306640625
215.25564575195312
189.17478942871094
206.83123779296875
55.75482940673828
45.333927154541016
146.21051025390625
104.04597473144531
167.21238708496094
99.45523071289062
137.01409912109375
163.2628631591797
60.5608024597168
73.95336151123047
30.601232528686523
228.2920684814453
36.13469314575195
70.45153045654297
28.68981170654297
209.45266723632812
42.12040328979492
54.851314544677734
88.6449203491211
96.48872375488281
25.109121322631836
72.13014221191406
74.12608337402344
143.20535278320312
165.24606323242188
122.4006576538086
107.38446044921875
107.23601531982422
59.820987701416016
23.51007843017578
106.7872085571289
69.60083770751953
52.35315704345703
210.32627868652344
36.50284194946289
308.7525634765625
22.964529037475586
26.796865463256836
33.94048309326172
28.895980834960938
60.685699462890625
24.63067626953125
158.21273803710938
89.34811401367188
53.40496826171875
96.19163513183594
128.33755493164062
25.422359466552734
82.69792175292969
66.34415435791016
22.952566146850586
142.40931701660156
308.0508117675781
39.04241943359375
53.35447692871094
118.30233764648438
179.61233520507812
61.35008239746094
25.53774070739746
122.2119140625
100.78207397460938
60.23135757446289
32.89211654663086
33.97611618041992
20.13300895690918
39.071319580078125
35.989559173583984
36.0369873046875
47.6322135925293
30.788856506347656
31.72149658203125
11.723993301391602
36.975318908691406
314.9985046386719
102.23225402832031
34.064395904541016
19.16487693786621
22.582956314086914
267.1621398925781
233.9522247314453
211.58241271972656
58.269325256347656
63.67997741699219
95.8735122680664
166.9512176513672
45.63877868652344
163.77427673339844
147.50865173339844
175.72213745117188
116.42198944091797
73.90840148925781
120.880126953125
235.14773559570312
23.44829750061035
171.7588653564453
202.4356689453125
68.50708770751953
66.91949462890625
103.64918518066406
46.594539642333984
304.2417297363281
219.30343627929688
100.03868865966797
122.02027893066406
46.2427978515625
114.33243560791016
57.05958557128906
64.76081085205078
72.26026153564453
169.67576599121094
142.27371215820312
105.9039077758789
69.4654541015625
43.31161880493164
12.601890563964844
22.89857292175293
22.757484436035156
182.32217407226562
162.6170196533203
45.9459114074707
196.7933349609375
21.183351516723633
29.941930770874023
44.32991027832031
29.28890037536621
93.0024642944336
73.20877838134766
17.74946403503418
109.11334228515625
104.46638488769531
151.3085479736328
43.98583221435547
51.69209671020508
75.39137268066406
54.2112922668457
131.79954528808594
120.01020812988281
39.98665237426758
36.86118698120117
21.483509063720703
16.319669723510742
12.85335636138916
137.3258056640625
18.88429069519043
107.38988494873047
111.29434967041016
237.20083618164062
24.071306228637695
34.12907409667969
205.13888549804688
80.23257446289062
86.35648345947266
61.39963150024414
30.458742141723633
53.76422119140625
92.78519439697266
72.12934112548828
32.37141799926758
100.26959991455078
114.3849105834961
118.12686157226562
110.3966064453125
93.43376922607422
68.94215393066406
100.77806091308594
30.324472427368164
27.034543991088867
382.47662353515625
356.3180236816406
40.295440673828125
20.32539176940918
277.3700256347656
97.70468139648438
27.495290756225586
58.20414352416992
47.7307014465332
195.18643188476562
33.48671340942383
37.2301025390625
279.311767578125
106.01356506347656
48.160972595214844
75.78443908691406
28.4125919342041
286.02667236328125
159.24855041503906
19.28727149963379
272.4632568359375
69.55917358398438
33.113739013671875
36.23365783691406
115.63755798339844
204.0673828125
55.38685989379883
50.05246353149414
51.44249725341797
36.135154724121094
51.94258117675781
77.66046142578125
22.271596908569336
38.180667877197266
57.88439178466797
40.5925407409668
121.01034545898438
25.869319915771484
34.62781524658203
16.807209014892578
153.7733917236328
88.17316436767578
45.27342987060547
131.72610473632812
22.253997802734375
120.92648315429688
52.2667350769043
92.6918716430664
162.12635803222656
106.90133666992188
45.47306442260742
73.29820251464844
66.03126525878906
308.24981689453125
503.7663269042969
30.95403480529785
72.17460632324219
51.66574478149414
71.13896179199219
24.66151237487793
31.52627944946289
10.039372444152832
243.12953186035156
28.71010971069336
79.36929321289062
120.7564926147461
159.29879760742188
114.37683868408203
43.830631256103516
36.84025573730469
71.53494262695312
74.83032989501953
134.15325927734375
54.34054183959961
260.9526672363281
19.62784767150879
73.03697967529297
141.66831970214844
90.80219268798828
78.30199432373047
61.0872802734375
107.04518127441406
113.3086929321289
117.97587585449219
76.00664520263672
116.91808319091797
77.73670959472656
34.83735656738281
88.94960021972656
58.333763122558594
49.642181396484375
97.4900131225586
303.68914794921875
283.0604248046875
100.45354461669922
102.2156753540039
111.95527648925781
68.91197967529297
203.98333740234375
83.66704559326172
99.54484558105469
110.60664367675781
18.26753044128418
71.45386505126953
212.16458129882812
28.45397186279297
52.98479080200195
417.2371520996094
22.396900177001953
22.949874877929688
25.421987533569336
332.8228454589844
24.523977279663086
97.6200942993164
24.15589714050293
40.10671615600586
189.3295440673828
67.60945892333984
48.21833038330078
79.95088958740234
146.33424377441406
59.60786819458008
85.07937622070312
14.729846000671387
78.56543731689453
30.062681198120117
72.07756042480469
43.16339111328125
28.644140243530273
20.840484619140625
29.594806671142578
38.45988464355469
41.15742492675781
34.2496223449707
118.65049743652344
22.906892776489258
28.81899070739746
100.24347686767578
30.501419067382812
119.3392105102539
229.57566833496094
199.171630859375
189.1097869873047
82.78111267089844
89.79042053222656
28.579326629638672
71.55135345458984
129.62930297851562
35.59374237060547
88.5823974609375
38.41094207763672
79.94043731689453
94.41128540039062
79.02393341064453
131.11648559570312
103.42195129394531
29.76888656616211
17.06546974182129
308.5406494140625
163.7522735595703
35.74468994140625
371.0711975097656
14.49100112915039
82.81552124023438
114.37309265136719
66.21012115478516
101.71721649169922
63.11308670043945
79.869140625
138.9573974609375
116.86549377441406
126.69332885742188
135.11529541015625
108.4996337890625
74.67707824707031
51.291748046875
66.15335845947266
54.55838394165039
25.47290802001953
46.254539489746094
91.27645874023438
21.711009979248047
53.579124450683594
265.1583251953125
77.8605728149414
775.5858154296875
211.3968048095703
72.32572937011719
258.4638977050781
133.49070739746094
29.85662078857422
68.60835266113281
54.61899185180664
112.93301391601562
46.78627395629883
50.45513916015625
88.90181732177734
88.0672607421875
92.67913055419922
20.401371002197266
104.3318862915039
187.87850952148438
34.204437255859375
79.171142578125
13.823821067810059
58.19259262084961
24.046566009521484
54.922523498535156
163.86773681640625
12.080458641052246
133.51214599609375
34.3504524230957
23.093891143798828
83.045166015625
56.00217819213867
94.69819641113281
49.12345886230469
92.54483032226562
259.1572570800781
91.5684585571289
25.95411491394043
109.14732360839844
58.184505462646484
47.26253128051758
91.47232818603516
30.876211166381836
14.643723487854004
58.09111022949219
54.84831619262695
90.94207763671875
34.11480712890625
255.94149780273438
140.268798828125
23.288557052612305
14.22152042388916
26.835697174072266
43.25105667114258
23.54778289794922
31.04302978515625
39.45387268066406
242.31454467773438
55.042301177978516
80.2558364868164
55.074893951416016
70.71060943603516
23.54546546936035
74.5068359375
103.74202728271484
312.1283264160156
55.4725227355957
270.6965026855469
299.9295654296875
83.40984344482422
45.24705505371094
37.723289489746094
84.9731674194336
93.44314575195312
17.182640075683594
52.61226272583008
13.706528663635254
277.933837890625
26.77988624572754
194.6496124267578
7.317973613739014
390.0142517089844
64.18174743652344
338.3374938964844
62.239356994628906
40.30282974243164
47.31169128417969
34.73186111450195
31.163883209228516
16.048664093017578
86.1155014038086
19.97116470336914
69.57490539550781
28.358198165893555
45.684417724609375
44.75519943237305
60.89264678955078
236.7350616455078
63.96057891845703
15.874185562133789
60.096885681152344
42.295936584472656
36.35760498046875
22.20135498046875
33.992774963378906
62.259647369384766
59.44121551513672
31.479419708251953
73.4646224975586
35.05290985107422
27.733972549438477
15.793037414550781
32.374061584472656
48.69164276123047
275.9578857421875
520.0285034179688
85.27149200439453
55.769493103027344
70.42550659179688
221.1562957763672
101.15308380126953
41.124813079833984
62.54566955566406
182.52638244628906
42.294254302978516
71.63906860351562
144.9224090576172
53.614112854003906
29.732803344726562
124.29265594482422
58.69746017456055
88.0286865234375
56.9144287109375
25.670053482055664
37.17238998413086
170.38912963867188
22.91358757019043
276.2718811035156
99.529541015625
14.306809425354004
222.29177856445312
145.03538513183594
47.6865119934082
23.207929611206055
29.11846160888672
54.80915069580078
100.45858001708984
34.18410110473633
119.12407684326172
42.25132369995117
68.53652954101562
78.74723815917969
102.7247085571289
10.04074764251709
56.08706283569336
248.8177032470703
48.00258255004883
42.195655822753906
15.825112342834473
39.307674407958984
225.29586791992188
14.11419677734375
35.86045837402344
23.052900314331055
77.18299865722656
81.01545715332031
19.927108764648438
279.9765319824219
66.76985931396484
69.72505950927734
56.60171890258789
200.0618133544922
259.8778381347656
174.09710693359375
75.44998168945312
45.104515075683594
203.757568359375
101.98387908935547
112.34329223632812
63.02531814575195
42.656253814697266
83.73863220214844
38.34715270996094
36.519866943359375
379.6097106933594
122.49524688720703
82.21063995361328
206.9949951171875
58.895347595214844
93.97368621826172
26.626144409179688
25.126300811767578
37.168304443359375
77.95657348632812
57.857303619384766
77.072021484375
72.36415100097656
23.718976974487305
28.04888343811035
234.01072692871094
13.551176071166992
34.49059295654297
20.88219451904297
387.8396911621094
35.17517852783203
70.25215911865234
20.901409149169922
35.20774459838867
44.46027755737305
298.4197998046875
51.745704650878906
121.40808868408203
9.275884628295898
193.63958740234375
51.79413986206055
41.53580093383789
64.45526885986328
215.01007080078125
47.19097900390625
59.56653594970703
138.35874938964844
18.94190216064453
147.9132843017578
15.484299659729004
38.674652099609375
140.64385986328125
33.93045425415039
37.84794998168945
38.765785217285156
501.0439453125
21.499343872070312
30.859994888305664
232.40005493164062
37.39653015136719
189.65786743164062
19.848447799682617
61.5374870300293
42.14994430541992
120.33797454833984
26.886272430419922
13.33749008178711
51.261741638183594
235.8025665283203
39.53799057006836
82.10079193115234
35.58784103393555
29.070175170898438
124.07425689697266
28.986679077148438
12.144919395446777
68.23793029785156
83.2157974243164
27.16905975341797
205.93048095703125
37.95713424682617
29.83548927307129
23.8839054107666
21.05027961730957
40.29503631591797
14.590859413146973
31.328765869140625
37.90141296386719
59.80350875854492
28.094337463378906
19.286935806274414
182.9034423828125
20.32689094543457
51.89854431152344
91.11376190185547
11.21829605102539
57.89985275268555
76.49258422851562
14.744206428527832
181.83566284179688
55.63107681274414
18.218780517578125
122.12201690673828
80.31642150878906
234.93832397460938
73.11677551269531
55.746604919433594
98.00885009765625
186.49729919433594
72.6716537475586
108.16625213623047
65.09000396728516
127.7498779296875
116.25502014160156
39.43414306640625
141.3590545654297
120.23164367675781
133.900390625
70.32717895507812
87.43775177001953
8.043160438537598
46.016292572021484
115.55156707763672
293.1397705078125
42.342628479003906
66.04853820800781
186.6621551513672
9.543415069580078
16.77670669555664
8.591267585754395
100.34810638427734
38.122982025146484
181.233642578125
172.64418029785156
55.640865325927734
55.58864974975586
16.741853713989258
73.58018493652344
42.12205123901367
13.102291107177734
28.173458099365234
60.657718658447266
74.69868469238281
28.67442512512207
22.07649803161621
109.02567291259766
22.048870086669922
395.0799865722656
20.61003303527832
47.26487350463867
62.662559509277344
15.174830436706543
49.95356369018555
41.180137634277344
63.05827713012695
11.651666641235352
105.44661712646484
25.950735092163086
28.513219833374023
38.68311309814453
55.9953727722168
31.335594177246094
40.281578063964844
66.90132904052734
36.68144989013672
81.07693481445312
20.597288131713867
46.883575439453125
23.40855598449707
274.5375061035156
14.504014015197754
463.3529052734375
257.57330322265625
26.338132858276367
51.634944915771484
17.72614288330078
45.3385124206543
36.83021926879883
226.83827209472656
49.21046447753906
14.602241516113281
502.9154357910156
134.05001831054688
40.926090240478516
45.11727523803711
37.34197235107422
56.59822082519531
48.573516845703125
34.3310432434082
153.65733337402344
64.6846694946289
32.09476089477539
13.692138671875
25.99429702758789
185.43247985839844
191.6704559326172
109.53022003173828
42.32310104370117
27.40522003173828
10.257532119750977
75.39790344238281
32.45380401611328
137.63307189941406
79.95331573486328
353.248779296875
42.341617584228516
250.00047302246094
285.4096374511719
88.3057632446289
26.578754425048828
32.4146614074707
101.3427734375
43.60081481933594
124.04802703857422
56.82735824584961
14.367371559143066
41.63821792602539
98.48506164550781
53.101802825927734
24.94439697265625
71.09136962890625
29.114362716674805
106.0870590209961
56.14939498901367
23.671422958374023
96.45957946777344
60.193603515625
49.64655685424805
84.01515197753906
134.48936462402344
26.46764373779297
64.708984375
31.27284812927246
17.042497634887695
48.237098693847656
202.24623107910156
40.593666076660156
28.938413619995117
25.819988250732422
27.634374618530273
14.512218475341797
15.102961540222168
13.197039604187012
46.91571044921875
30.08023452758789
32.81483840942383
6.30175256729126
15.300226211547852
125.05393981933594
305.1754150390625
21.106306076049805
23.63865089416504
9.944313049316406
102.33609771728516
197.38050842285156
92.31627655029297
56.968231201171875
170.78347778320312
35.71074676513672
26.425987243652344
49.63338088989258
20.83445167541504
23.60573387145996
163.0109405517578
365.595947265625
167.02761840820312
47.47840881347656
28.076961517333984
16.430057525634766
52.477237701416016
34.445831298828125
59.12686538696289
21.569194793701172
13.79902172088623
263.9466552734375
105.08250427246094
96.99232482910156
55.08742904663086
78.67700958251953
78.10049438476562
40.68714904785156
43.99579620361328
196.73983764648438
41.23027038574219
128.94061279296875
112.61540985107422
323.7153625488281
57.00556945800781
98.1770248413086
12.168644905090332
172.9011688232422
69.06918334960938
112.24723052978516
59.72798538208008
22.05802345275879
42.0742073059082
27.610864639282227
42.0750617980957
86.28825378417969
74.93013763427734
27.228891372680664
32.53639602661133
21.096797943115234
8.274435043334961
33.960182189941406
116.30992126464844
100.9769287109375
34.70779037475586
197.5647735595703
47.276248931884766
50.73646545410156
26.721681594848633
11.42257308959961
165.76893615722656
59.66732406616211
12.35407829284668
72.99136352539062
75.26734161376953
14.563211441040039
43.40067672729492
31.822473526000977
25.551509857177734
12.724201202392578
8.162138938903809
5.249976634979248
35.35296630859375
231.72474670410156
212.96148681640625
8.971343040466309
35.87824630737305
32.214107513427734
23.401575088500977
55.65755081176758
23.782228469848633
34.45901870727539
28.937564849853516
34.2381706237793
14.173433303833008
16.355819702148438
60.30454635620117
258.4097595214844
10.472583770751953
257.8797607421875
27.5611629486084
62.37749481201172
53.51149368286133
31.8060245513916
13.839076042175293
81.53675079345703
62.76341247558594
88.49421691894531
327.2394104003906
11.983802795410156
32.6101188659668
7.383902072906494
37.498619079589844
11.273921012878418
29.198366165161133
16.161144256591797
137.40509033203125
160.85316467285156
19.88527488708496
47.77375793457031
50.452762603759766
280.6986083984375
96.93563842773438
24.57314109802246
56.939571380615234
76.17012786865234
95.29121398925781
61.663421630859375
34.447513580322266
187.5257110595703
51.94974899291992
56.0955696105957
48.33967590332031
26.242101669311523
117.58367919921875
50.47787094116211
12.093368530273438
301.6004638671875
23.27422332763672
83.14583587646484
28.085962295532227
47.18302917480469
38.15541458129883
20.372684478759766
5.124450206756592
293.4694519042969
242.693115234375
13.995986938476562
69.80191802978516
16.75416374206543
227.803955078125
35.972320556640625
87.9452896118164
21.770648956298828
49.29837417602539
43.610538482666016
64.45650482177734
50.829830169677734
291.3179016113281
52.13168716430664
14.08214282989502
135.06536865234375
65.25601959228516
63.96186065673828
57.8878059387207
13.096151351928711
49.95762634277344
19.525930404663086
24.50456428527832
241.99082946777344
81.14762878417969
260.7353820800781
66.24549865722656
32.0170783996582
129.5377960205078
54.399017333984375
31.00104331970215
16.129058837890625
253.20547485351562
81.89710235595703
183.21640014648438
60.38130569458008
10.484785079956055
88.42582702636719
39.107669830322266
39.94953918457031
262.00823974609375
62.11867141723633
80.43253326416016
165.90501403808594
18.563892364501953
41.38444900512695
164.15591430664062
42.23356246948242
102.75177001953125
79.11012268066406
69.06123352050781
38.005008697509766
101.96501922607422
85.03981018066406
33.27596664428711
45.01209259033203
36.850799560546875
74.74311065673828
28.635602951049805
45.67252731323242
