94.71774291992188
123.53981018066406
85.70511627197266
114.716552734375
116.30066680908203
126.43241119384766
111.59293365478516
81.5577621459961
121.98210906982422
109.24205780029297
104.9059066772461
111.72949981689453
114.37960815429688
99.54054260253906
119.97216796875
111.07366180419922
114.18895721435547
110.96443176269531
117.37126922607422
99.18021392822266
99.23738098144531
100.14776611328125
84.32422637939453
94.99911499023438
125.87096405029297
103.80107879638672
108.18440246582031
112.89851379394531
102.53865051269531
111.83393096923828
100.32939910888672
109.27997589111328
99.37034606933594
102.51659393310547
102.16474914550781
64.89466094970703
65.1846923828125
80.30886840820312
54.42924499511719
54.241764068603516
79.70645904541016
195.73794555664062
201.83164978027344
116.26557159423828
61.17793273925781
35.050968170166016
32.75345993041992
36.445098876953125
28.272235870361328
36.09857940673828
14.8624267578125
19.26885223388672
13.555870056152344
13.388087272644043
12.480589866638184
7.823118209838867
6.7658586502075195
6.557742118835449
5.720631122589111
5.216312408447266
5.69099760055542
5.956361770629883
9.72411060333252
7.1183905601501465
21.43476676940918
8.468086242675781
6.668618202209473
57.28586959838867
35.816951751708984
5.82687520980835
12.222722053527832
14.99191951751709
8.875838279724121
7.205601215362549
18.874828338623047
7.152327060699463
7.839352607727051
7.803012847900391
6.473696231842041
27.252843856811523
24.77117156982422
11.71875
10.18919563293457
14.164458274841309
17.790695190429688
33.500953674316406
32.39853286743164
18.655982971191406
17.958938598632812
4.825652122497559
242.806640625
1118.8056640625
1810.411376953125
896.8839721679688
155.56918334960938
18.726348876953125
8.554549217224121
11.87275218963623
8.610031127929688
65.09918212890625
21.035486221313477
9.043869972229004
9.741819381713867
10.170897483825684
6.405364036560059
6.9442877769470215
5.7932047843933105
7.884083271026611
7.075804710388184
11.539820671081543
10.659235000610352
8.371682167053223
8.15439224243164
9.669233322143555
5.867248058319092
22.519119262695312
17.643571853637695
26.190319061279297
24.196990966796875
17.76482391357422
33.041046142578125
37.918094635009766
10.134222984313965
11.503697395324707
8.776528358459473
30.33998680114746
19.497079849243164
16.12875747680664
13.166300773620605
15.796229362487793
20.310453414916992
31.293357849121094
7.58376932144165
6.116677761077881
16.9113712310791
7.308822154998779
7.157167434692383
10.063923835754395
25.29924201965332
6.294629096984863
6.577310085296631
5.405553340911865
8.49639892578125
13.197087287902832
13.665132522583008
8.270048141479492
25.63425636291504
59.65130615234375
24.811840057373047
9.422642707824707
12.612641334533691
21.313852310180664
13.632575988769531
6.974306583404541
65.94808959960938
101.0328369140625
84.68006134033203
26.062793731689453
10.02620792388916
12.1362943649292
13.842316627502441
14.101777076721191
8.632835388183594
6.8727335929870605
33.5380973815918
54.55665969848633
19.453102111816406
7.705429553985596
9.283778190612793
10.202878952026367
17.399768829345703
9.569706916809082
11.60757064819336
19.905353546142578
16.63356590270996
18.505075454711914
7.791510581970215
8.235099792480469
16.312660217285156
16.284440994262695
21.838594436645508
12.73091983795166
5.124873161315918
38.497108459472656
620.1351928710938
151.69961547851562
88.86980438232422
56.51740646362305
9.070900917053223
15.804553031921387
21.339078903198242
31.8303165435791
6.976805686950684
20.331235885620117
18.463417053222656
24.00048065185547
16.89531707763672
17.667760848999023
11.797022819519043
5.923224449157715
12.685060501098633
5.2527337074279785
4.9608025550842285
11.834238052368164
13.495322227478027
18.460891723632812
10.194220542907715
29.441545486450195
14.056212425231934
10.169891357421875
4.723918437957764
13.643084526062012
11.23276138305664
13.884875297546387
9.622620582580566
8.875170707702637
29.898265838623047
5.607321739196777
5.683100700378418
8.838735580444336
7.216749668121338
9.536672592163086
5.738509178161621
6.642002105712891
6.491534233093262
5.0925116539001465
5.834266185760498
8.094564437866211
6.06250524520874
6.358302593231201
12.619518280029297
4.868316650390625
26.874584197998047
5.129354953765869
11.658320426940918
4.361980438232422
4.183658123016357
4.399105548858643
16.24007797241211
11.764188766479492
6.784965991973877
35.91020202636719
9.380136489868164
14.90317440032959
17.070158004760742
11.097126960754395
6.145143985748291
5.262235164642334
9.237212181091309
7.7060465812683105
38.540855407714844
7.464347839355469
8.566689491271973
8.431822776794434
8.627248764038086
5.31707239151001
5.000075817108154
4.906468868255615
5.056352138519287
4.973124980926514
7.290031909942627
5.765868186950684
4.805036544799805
24.483478546142578
7.282655715942383
5.467658042907715
22.13787269592285
4.542951583862305
4.695489406585693
4.2732391357421875
6.696536540985107
12.93054485321045
8.854779243469238
7.543241500854492
5.1018967628479
7.1341142654418945
7.657629489898682
14.443024635314941
7.403858184814453
8.923686981201172
9.256583213806152
5.753635406494141
27.718555450439453
5.095418453216553
4.762589454650879
5.25553560256958
5.599323749542236
5.470032691955566
4.4141693115234375
5.939619064331055
6.4529314041137695
6.557774066925049
13.492546081542969
6.197726726531982
32.990089416503906
4.747344970703125
4.838215351104736
5.621601581573486
48.325653076171875
10.516312599182129
4.921321392059326
6.164956092834473
8.958295822143555
9.693952560424805
5.6685872077941895
8.178900718688965
8.364388465881348
7.395133018493652
5.79588508605957
14.264291763305664
16.39788818359375
12.863834381103516
14.33165168762207
19.99915313720703
19.03652572631836
11.100380897521973
4.681643486022949
12.856552124023438
33.72018051147461
28.19350242614746
5.360404968261719
7.008816242218018
8.86325454711914
5.561633586883545
5.079018592834473
24.06999397277832
4.2019500732421875
4.3195414543151855
16.346229553222656
4.249348163604736
25.874977111816406
6.516402244567871
7.748895168304443
7.714601516723633
4.636652946472168
21.06377410888672
5.488286972045898
5.713620185852051
4.24742317199707
18.66930389404297
7.90364933013916
12.124083518981934
8.096827507019043
7.0747199058532715
4.547410488128662
5.117887020111084
4.424839973449707
4.067502975463867
6.316652774810791
25.277603149414062
5.513059139251709
11.687901496887207
7.916020393371582
6.472594738006592
4.503323554992676
35.06560516357422
6.493250846862793
19.195030212402344
4.547802925109863
4.481914043426514
17.63361167907715
10.074448585510254
21.650325775146484
13.747775077819824
11.592854499816895
9.702759742736816
6.299387454986572
4.671298027038574
5.634514331817627
8.251155853271484
10.665608406066895
7.536311149597168
7.263800144195557
6.254213809967041
6.616605758666992
23.97249412536621
10.072200775146484
9.98420238494873
7.067502498626709
14.556017875671387
7.373970031738281
4.843753337860107
4.36627721786499
5.908206462860107
4.644329071044922
4.445069313049316
3.8780405521392822
3.8828210830688477
3.856804609298706
4.281395435333252
4.603419303894043
22.97191619873047
7.144593715667725
9.020323753356934
5.92638635635376
5.235357761383057
5.276822090148926
4.242109298706055
15.790005683898926
5.498349189758301
3.9858458042144775
4.590635776519775
5.834930896759033
10.414969444274902
5.7125325202941895
5.086538791656494
7.189423084259033
3.870917320251465
25.32901954650879
22.086788177490234
10.200373649597168
5.156966209411621
5.662137508392334
5.420398712158203
7.877790451049805
14.60287857055664
4.324997901916504
22.49799156188965
18.295757293701172
4.632527828216553
4.421693801879883
5.468561172485352
4.484584808349609
4.876263618469238
4.194233417510986
4.354708671569824
5.623583793640137
6.012533664703369
6.9545159339904785
16.36334228515625
4.245954513549805
18.607776641845703
9.754531860351562
17.142654418945312
9.862443923950195
10.480647087097168
11.071061134338379
21.58768081665039
24.554330825805664
7.462625980377197
7.931443214416504
8.015043258666992
7.30556583404541
5.608410835266113
6.93983268737793
25.324617385864258
5.702666759490967
5.14370584487915
4.4873127937316895
4.939665794372559
4.951747417449951
5.143671035766602
6.509830474853516
23.20576286315918
14.38212776184082
6.016485691070557
6.388429164886475
6.731165409088135
4.5596771240234375
4.478706359863281
5.9207234382629395
13.077655792236328
6.221739292144775
5.0824761390686035
4.308109760284424
4.52592134475708
5.638895034790039
6.039454460144043
4.956538677215576
4.689760208129883
4.010916233062744
5.344423294067383
5.463702201843262
7.112695217132568
3.890728235244751
4.119070053100586
5.3091654777526855
4.720603942871094
3.6599314212799072
7.2789788246154785
4.6737871170043945
4.169393062591553
4.712526321411133
12.296304702758789
6.432433605194092
5.855865955352783
10.87453842163086
14.246683120727539
7.549360275268555
6.529346466064453
5.813474655151367
6.415295600891113
4.421783447265625
4.6887617111206055
5.724079608917236
5.584549427032471
6.613842964172363
12.062715530395508
17.35573387145996
4.940971374511719
6.44207763671875
6.600502014160156
5.507472515106201
5.744742393493652
4.583796501159668
3.944721221923828
10.264274597167969
14.523993492126465
28.516916275024414
6.1772966384887695
5.5027995109558105
6.293497085571289
24.737035751342773
6.9258527755737305
9.849568367004395
7.429503440856934
8.221284866333008
20.80092430114746
24.332664489746094
13.85295295715332
6.615322113037109
6.796061038970947
5.675594329833984
4.965301036834717
23.591693878173828
4.134989261627197
4.120439052581787
5.208713531494141
3.960709810256958
3.821726083755493
4.365370273590088
5.659323215484619
5.192272663116455
32.78621292114258
5.367516994476318
4.225561618804932
16.90091896057129
4.972842216491699
4.103707790374756
5.899507999420166
5.092604160308838
3.7945618629455566
4.285736083984375
4.634027481079102
4.168175220489502
5.615279197692871
30.52458381652832
22.117292404174805
9.674032211303711
14.716413497924805
5.554145336151123
6.483805179595947
9.451116561889648
6.126726150512695
5.312763690948486
5.186055660247803
9.976601600646973
4.449337005615234
4.495437145233154
4.231765270233154
4.400123596191406
6.006175518035889
6.966701507568359
23.645551681518555
5.144432544708252
10.454439163208008
13.805265426635742
8.542194366455078
9.168585777282715
11.520194053649902
21.9959774017334
7.81137228012085
11.634356498718262
6.200708866119385
5.546787738800049
4.610891819000244
20.12034797668457
4.038418292999268
4.162859916687012
4.803611755371094
40.28022384643555
5.100331783294678
4.234278202056885
4.44023323059082
4.300180435180664
6.254578590393066
14.572328567504883
4.749832630157471
5.20231819152832
5.5507073402404785
4.875198841094971
23.73482322692871
4.218384265899658
24.11909294128418
4.641879081726074
3.91217041015625
4.487500190734863
9.506353378295898
12.807737350463867
4.028723239898682
3.987567186355591
4.268136501312256
25.971208572387695
4.023818492889404
4.283702850341797
4.266829490661621
4.2678070068359375
4.658397674560547
3.936087131500244
4.087635517120361
3.973767042160034
4.069723129272461
4.171387672424316
10.920690536499023
3.827352285385132
4.26168966293335
4.436492443084717
4.019495964050293
11.769883155822754
4.292771339416504
3.818380832672119
5.004537582397461
23.691486358642578
4.255189418792725
5.187614917755127
5.750083923339844
3.965466260910034
4.664087772369385
4.884349346160889
4.341037273406982
5.770232677459717
4.527267932891846
11.60171890258789
5.894298553466797
25.52206039428711
5.67416524887085
5.521051406860352
19.28750991821289
7.467624664306641
9.66759967803955
7.58177375793457
5.244743824005127
5.262731075286865
3.7795870304107666
4.379883766174316
7.123974323272705
5.394821643829346
18.684070587158203
7.128294944763184
3.873281717300415
8.30801773071289
6.15035343170166
7.640865325927734
8.691183090209961
14.260266304016113
6.345211982727051
5.771721839904785
4.293194770812988
4.7298078536987305
4.031585216522217
6.330523490905762
4.437386989593506
5.631255149841309
21.038095474243164
20.45995330810547
11.115631103515625
9.04211711883545
10.930177688598633
20.60325813293457
8.261883735656738
10.631377220153809
9.746986389160156
18.87674903869629
4.505672454833984
4.505988121032715
3.92501163482666
3.933202028274536
3.841310739517212
3.708904981613159
4.386074066162109
3.822762966156006
24.20639991760254
4.93458366394043
4.543416500091553
4.409344673156738
3.8418478965759277
3.76883864402771
4.5467729568481445
4.96315860748291
4.4651994705200195
4.285419464111328
4.03220272064209
3.6908280849456787
3.9532089233398438
3.7613723278045654
4.242775917053223
6.9401116371154785
3.714794874191284
4.44937801361084
4.01997184753418
4.171713352203369
4.726576328277588
4.101616382598877
15.809752464294434
4.449353218078613
11.761962890625
5.797447681427002
5.783257007598877
5.201345920562744
5.100316524505615
4.100277423858643
4.555392742156982
22.43962287902832
4.249886512756348
3.903587818145752
5.128940105438232
3.7021217346191406
31.574241638183594
4.175482273101807
4.805212497711182
7.990426540374756
25.918319702148438
4.116307735443115
5.522149562835693
6.292246341705322
4.81705379486084
4.72248649597168
3.6725103855133057
4.573341369628906
7.179384708404541
4.8740129470825195
4.337676048278809
4.415335178375244
5.463156223297119
26.082082748413086
5.588139533996582
5.909189224243164
7.296657562255859
4.580467700958252
14.505746841430664
7.1274189949035645
6.197118282318115
5.61091423034668
21.955060958862305
4.865904331207275
5.012706756591797
22.535364151000977
5.898751258850098
11.752880096435547
22.456300735473633
5.222873687744141
6.727578163146973
5.49041748046875
6.27489709854126
4.852960586547852
4.827136993408203
19.311477661132812
18.552112579345703
5.244640827178955
4.291253566741943
5.83659029006958
6.961935043334961
5.285176753997803
5.276041507720947
5.066620349884033
19.137374877929688
10.991355895996094
4.758702278137207
3.9262468814849854
12.718231201171875
18.763071060180664
4.317387104034424
36.238162994384766
3.8637237548828125
31.173114776611328
12.342390060424805
4.838088035583496
8.33980655670166
5.071533203125
35.85428237915039
5.176543712615967
15.135294914245605
23.597036361694336
4.2049031257629395
5.604033946990967
5.854654312133789
5.58613395690918
5.815940856933594
4.1676459312438965
4.179019927978516
4.465027809143066
4.661362171173096
3.8288094997406006
3.8621511459350586
4.0764689445495605
3.8294341564178467
22.39348793029785
6.930490970611572
25.68012809753418
4.131091594696045
4.019838809967041
17.949485778808594
5.486862659454346
6.150557041168213
5.490139007568359
6.156113147735596
5.9307122230529785
25.403799057006836
5.3779072761535645
4.276872634887695
18.13558578491211
4.155934810638428
13.877991676330566
6.631202220916748
3.9129228591918945
4.498025417327881
5.876580715179443
4.09385871887207
5.467085361480713
5.9231719970703125
33.38814926147461
4.228231906890869
8.400422096252441
5.715768814086914
4.79170036315918
4.514452934265137
4.363229274749756
4.314058780670166
3.8144338130950928
4.35477352142334
4.1342997550964355
4.5492072105407715
5.019175052642822
5.460699558258057
3.723158597946167
4.568204879760742
4.965898036956787
4.290014743804932
4.063851833343506
7.013539791107178
8.901507377624512
4.3664164543151855
3.9361789226531982
5.618361473083496
3.863551139831543
26.69151496887207
5.542725086212158
3.7398314476013184
5.845455646514893
4.366994857788086
7.064779281616211
4.033435344696045
5.788914203643799
26.904315948486328
6.262606620788574
5.372945785522461
4.235055446624756
4.433555603027344
4.425137042999268
6.258303642272949
4.047197341918945
4.392104625701904
3.720101833343506
4.352458953857422
3.7626609802246094
26.48347282409668
11.472270965576172
5.018306255340576
16.535449981689453
6.305992603302002
8.583703994750977
21.06895637512207
13.649361610412598
17.49350929260254
9.423386573791504
19.4846134185791
7.644944667816162
11.538138389587402
8.21288013458252
4.924782752990723
5.174328327178955
4.71797513961792
4.135141849517822
4.364694595336914
34.01750946044922
4.311803817749023
4.373437404632568
5.071086883544922
4.058190822601318
5.972045421600342
4.461081504821777
7.619662761688232
20.03374671936035
6.78560733795166
7.402482509613037
7.0048828125
7.606142520904541
7.8776092529296875
3.995306968688965
4.221314430236816
9.566710472106934
35.531227111816406
5.880555629730225
6.58573055267334
4.510169506072998
21.031240463256836
4.119502067565918
4.6856865882873535
10.14810848236084
4.422483921051025
21.317363739013672
4.752566337585449
5.075811386108398
6.508040428161621
5.089109897613525
4.3628668785095215
3.9455294609069824
19.214067459106445
4.208854675292969
26.5191650390625
4.544329643249512
3.903874158859253
4.516151428222656
4.136789321899414
17.848703384399414
4.335694789886475
4.316241264343262
4.3356451988220215
4.868322849273682
4.295734882354736
3.702366352081299
21.604097366333008
22.456867218017578
4.298007011413574
4.933069705963135
5.071718215942383
15.08468246459961
4.398072719573975
4.561683654785156
12.346456527709961
4.287224292755127
4.36716365814209
4.229126930236816
4.286128044128418
4.747097492218018
4.294824600219727
3.920118808746338
24.120485305786133
3.9855213165283203
3.9128799438476562
3.73240327835083
3.9070286750793457
27.85541343688965
3.7723774909973145
23.772926330566406
9.808452606201172
3.7905149459838867
4.315786361694336
15.4163179397583
18.259531021118164
4.562220573425293
5.335684299468994
5.142165184020996
6.1527419090271
17.60742950439453
4.617853164672852
3.9480514526367188
3.9591867923736572
4.081034183502197
4.420961856842041
5.232333183288574
3.999758243560791
4.116762161254883
16.037948608398438
4.530906677246094
4.270095348358154
4.689651012420654
6.581640720367432
20.93766212463379
4.2837018966674805
4.646772384643555
4.937105178833008
4.886804103851318
4.589913845062256
3.910818576812744
15.504291534423828
5.271707534790039
4.936420440673828
3.9086170196533203
4.166585445404053
3.6260921955108643
4.298002243041992
5.300614356994629
4.471919059753418
5.161477565765381
4.408956050872803
25.435028076171875
3.94348406791687
6.733392238616943
10.836527824401855
5.511873245239258
4.669809341430664
4.963410377502441
4.783084392547607
25.197431564331055
4.215672016143799
4.846180438995361
25.067081451416016
10.117668151855469
17.25082778930664
4.456846237182617
5.33597469329834
5.249566555023193
4.987627029418945
6.33910608291626
4.173995018005371
4.078742504119873
3.737125873565674
3.7143635749816895
4.49027681350708
32.68227005004883
5.218699932098389
4.232188701629639
5.795159339904785
3.74461030960083
8.303183555603027
4.134506702423096
4.5623626708984375
5.87779426574707
3.9506418704986572
8.592979431152344
4.30184268951416
4.390392303466797
3.641838312149048
3.610059976577759
6.439247131347656
4.14784574508667
3.9011776447296143
5.7732415199279785
4.232363700866699
36.594635009765625
7.258021354675293
5.555601119995117
6.053943634033203
11.15139389038086
25.031356811523438
8.654799461364746
7.812901496887207
8.945307731628418
10.246153831481934
7.380345344543457
6.244101047515869
7.345109939575195
4.238791465759277
4.120567798614502
6.8973612785339355
4.306465148925781
3.854625940322876
4.313969135284424
3.7398080825805664
14.739684104919434
3.9933226108551025
5.099573135375977
4.2677903175354
4.476275444030762
4.839159965515137
19.057743072509766
4.547366619110107
3.953540563583374
3.9615190029144287
21.275667190551758
3.7514872550964355
3.8052725791931152
4.387622833251953
23.145017623901367
3.494265556335449
3.7849690914154053
4.923702239990234
5.355645179748535
14.503487586975098
4.342475414276123
24.376131057739258
4.507901668548584
3.6336212158203125
4.369220733642578
3.812446355819702
3.8589186668395996
11.684574127197266
10.46804428100586
4.336812496185303
19.995384216308594
4.824094295501709
3.8792667388916016
19.356599807739258
5.205652713775635
6.421530246734619
5.428772449493408
6.256168842315674
4.6541290283203125
25.42271614074707
16.362117767333984
5.032012462615967
24.251272201538086
4.094062805175781
4.7058329582214355
4.702422142028809
4.285020351409912
4.317009449005127
3.769606828689575
6.831762790679932
6.819516181945801
24.841384887695312
25.96223258972168
4.533262729644775
3.91430401802063
11.542459487915039
4.588406085968018
13.647138595581055
4.904811859130859
15.505064964294434
5.449741363525391
5.381040573120117
24.401172637939453
5.285741329193115
4.467353343963623
5.738642692565918
12.058932304382324
5.633053779602051
19.664501190185547
4.1657233238220215
4.2513227462768555
4.072442531585693
4.018509387969971
3.6624696254730225
3.6974289417266846
4.297972679138184
5.228449821472168
4.205291748046875
3.8202884197235107
6.789170742034912
3.8633108139038086
4.787420272827148
4.245820999145508
4.5059380531311035
25.389633178710938
4.957900047302246
12.253438949584961
4.305401802062988
4.710844993591309
22.355560302734375
27.660274505615234
4.157818794250488
4.940609455108643
4.593097686767578
4.712228298187256
4.9424238204956055
3.93237566947937
4.297990322113037
3.9587814807891846
4.751508712768555
18.768014907836914
11.332988739013672
4.205183029174805
4.261380672454834
4.013453960418701
25.295412063598633
5.7880706787109375
19.973642349243164
4.73124361038208
6.718662261962891
5.393873691558838
5.516872882843018
4.763843536376953
5.410447597503662
4.973340034484863
3.63783597946167
13.049544334411621
18.135696411132812
12.450230598449707
12.124703407287598
4.164617538452148
4.197681427001953
5.371194362640381
4.158697605133057
18.16413116455078
4.566112995147705
20.058307647705078
21.94556427001953
5.93366813659668
7.262812614440918
4.118483066558838
5.141685485839844
4.7242536544799805
4.236527442932129
8.970178604125977
3.64471697807312
3.5840842723846436
3.602985382080078
4.013515949249268
8.426046371459961
37.29475784301758
56.097843170166016
5.8487114906311035
4.594324111938477
5.022655487060547
4.380284309387207
3.9129648208618164
4.429309368133545
15.557488441467285
4.54246711730957
3.8354012966156006
7.12949800491333
4.032740116119385
3.988015651702881
3.630476474761963
4.0306291580200195
3.9290103912353516
4.85992431640625
5.434383392333984
3.891453742980957
4.791871070861816
4.337460517883301
4.534004211425781
3.731149196624756
27.81061363220215
3.8816351890563965
3.895019054412842
4.220112323760986
12.896188735961914
4.927781581878662
5.156307697296143
13.243618965148926
5.058228969573975
5.01464319229126
4.17141056060791
4.527660369873047
18.72352409362793
22.22918701171875
7.416489601135254
5.486212730407715
4.371670246124268
3.713423252105713
4.597235202789307
4.854800701141357
4.433268070220947
3.997863292694092
14.094801902770996
4.2299485206604
4.6081671714782715
4.045869827270508
3.9081814289093018
3.533245086669922
3.7246997356414795
3.698547124862671
4.3660569190979
5.631191730499268
4.10614538192749
4.1068034172058105
4.189914703369141
4.462123394012451
4.444641590118408
27.387357711791992
3.988845109939575
25.90868377685547
4.151112079620361
4.144499778747559
11.819847106933594
3.944922924041748
4.695280075073242
17.31138038635254
3.711026906967163
3.8035058975219727
4.377309799194336
3.68176531791687
3.5244619846343994
3.682701826095581
4.761634349822998
3.763439416885376
3.956295967102051
26.05715560913086
4.3037896156311035
23.817241668701172
3.6855008602142334
4.007956504821777
4.5046000480651855
4.6683220863342285
3.9756131172180176
4.860268592834473
4.495867729187012
3.8469457626342773
3.90639591217041
4.026731967926025
4.319191932678223
3.8491947650909424
4.003174781799316
3.9335122108459473
4.080578327178955
29.634103775024414
3.795926332473755
26.494630813598633
8.328543663024902
4.709854602813721
4.553022384643555
5.3007121086120605
4.494505882263184
3.9487380981445312
4.324169635772705
4.012269496917725
4.06244421005249
22.67975616455078
17.260356903076172
3.544562816619873
53.89315414428711
3.726341962814331
3.6481263637542725
5.186177730560303
4.433237552642822
3.723264694213867
3.820659875869751
4.755082130432129
5.247554779052734
4.244014263153076
4.8684844970703125
4.869172096252441
8.309221267700195
3.44492506980896
3.927083730697632
22.236692428588867
4.613505840301514
4.062613487243652
10.992779731750488
4.094650745391846
3.661421298980713
4.7643961906433105
35.90427780151367
3.7780184745788574
5.892885208129883
13.900290489196777
5.703194618225098
16.870973587036133
21.7019100189209
4.712921142578125
22.231285095214844
5.623725891113281
8.498779296875
16.833934783935547
7.864151477813721
7.0868635177612305
6.516749382019043
4.533016681671143
4.991333961486816
3.896193265914917
4.453575134277344
21.921415328979492
4.334985733032227
31.078683853149414
5.780217170715332
28.773229598999023
3.880221128463745
3.953296422958374
4.344294548034668
5.111414432525635
3.992565393447876
18.022605895996094
4.274964332580566
4.281167507171631
5.554609775543213
4.012332439422607
3.888572931289673
11.448280334472656
4.315473556518555
30.587387084960938
24.33036994934082
3.635437250137329
3.7564308643341064
4.759679794311523
11.346997261047363
23.343505859375
22.344606399536133
5.3824663162231445
8.247873306274414
5.551370620727539
4.475289344787598
6.289635181427002
4.544912338256836
5.6107330322265625
21.172868728637695
3.836097002029419
4.538630485534668
5.365747451782227
19.85401725769043
3.8716301918029785
4.543527603149414
4.353503704071045
11.463462829589844
5.067630767822266
6.378021240234375
4.182127952575684
4.8018951416015625
7.0556488037109375
11.743900299072266
12.1748628616333
5.414162635803223
20.026594161987305
5.040068626403809
4.625064849853516
4.557760238647461
4.516372203826904
4.8632097244262695
4.801421642303467
6.013671398162842
3.797636032104492
15.144217491149902
3.5985424518585205
19.063356399536133
4.234904766082764
4.02706241607666
4.055427074432373
4.2876811027526855
3.9189767837524414
3.851341724395752
14.466592788696289
4.357897758483887
4.2390594482421875
4.936171054840088
15.0974702835083
3.7818105220794678
4.851792812347412
3.9907164573669434
3.768700361251831
10.509577751159668
27.43272590637207
3.7440571784973145
3.763093948364258
8.376035690307617
12.96603775024414
3.906719207763672
3.838510036468506
9.838279724121094
4.868403911590576
4.286462783813477
4.039830207824707
4.901834964752197
5.419375896453857
3.7097702026367188
4.196526050567627
3.795966386795044
4.859090328216553
3.638385057449341
4.366287708282471
3.6182544231414795
3.715456962585449
29.00709342956543
5.8595871925354
4.236303806304932
7.079861164093018
3.9720723628997803
26.091657638549805
19.55413246154785
22.820995330810547
5.8014631271362305
3.893826484680176
6.896583080291748
6.499319553375244
15.263222694396973
6.512197494506836
5.655475616455078
6.635616302490234
5.367639064788818
4.386919975280762
4.871987342834473
24.744869232177734
4.312861919403076
8.204248428344727
14.131009101867676
6.343000888824463
4.446068286895752
7.329627990722656
5.416207790374756
24.680953979492188
22.826385498046875
4.404522895812988
4.907270908355713
7.513491630554199
4.919462203979492
3.9667141437530518
4.413718223571777
4.384463787078857
24.83638572692871
21.299327850341797
4.9035139083862305
4.534868240356445
3.8195841312408447
3.9349923133850098
3.566603899002075
3.651214838027954
11.57715892791748
13.248644828796387
3.866203546524048
16.181089401245117
3.8497133255004883
4.0462212562561035
4.29923152923584
3.5667264461517334
4.609262466430664
4.336415767669678
3.6712687015533447
5.063788414001465
4.576992988586426
18.721435546875
3.7475619316101074
6.899484634399414
4.177472114562988
3.9360151290893555
5.486460208892822
7.6266703605651855
3.7506306171417236
3.749328851699829
3.684018611907959
3.792997360229492
3.605231761932373
6.909182548522949
3.601675271987915
6.0355916023254395
4.846261978149414
13.87161922454834
3.6238608360290527
3.5668039321899414
17.169513702392578
4.1392927169799805
7.257845878601074
13.00147533416748
5.304194927215576
6.013583660125732
4.848865509033203
14.989140510559082
10.17946720123291
5.0603485107421875
4.774844646453857
5.460737705230713
5.080811023712158
4.714786052703857
5.271475315093994
4.467742443084717
4.309737205505371
4.442307949066162
26.343164443969727
27.117441177368164
4.108006000518799
4.419020175933838
29.03900909423828
7.743093013763428
3.829918146133423
4.550185203552246
3.797957420349121
12.460358619689941
3.909285068511963
4.075264930725098
18.20117950439453
4.677524566650391
4.078297138214111
4.404497146606445
4.009923934936523
25.65805435180664
18.237228393554688
3.953184127807617
28.068262100219727
3.7882299423217773
4.0167155265808105
3.671861410140991
9.615421295166016
17.825681686401367
3.841683864593506
3.872065544128418
5.369243144989014
3.8688876628875732
4.450994968414307
3.9768667221069336
3.4758317470550537
4.574801921844482
4.347931861877441
4.028729438781738
6.585281848907471
4.716073036193848
4.6416521072387695
3.6914243698120117
21.17906951904297
4.29005241394043
4.226840972900391
5.226468086242676
6.653087139129639
10.364903450012207
4.14501953125
4.6221747398376465
6.424287796020508
4.648362636566162
4.116954326629639
4.1755290031433105
3.925713062286377
28.21653938293457
39.45001983642578
4.081828594207764
4.183570861816406
4.432408809661865
4.24147367477417
3.658611297607422
3.7762601375579834
3.9367637634277344
29.09834098815918
6.702699661254883
14.366135597229004
5.165587902069092
25.02304458618164
4.839062213897705
4.76101016998291
6.720189571380615
10.356365203857422
4.005847454071045
5.489123821258545
5.180173397064209
26.55419158935547
5.315657615661621
12.358572959899902
22.466840744018555
4.633424282073975
4.885378360748291
4.816888809204102
20.998252868652344
4.952250957489014
5.573670387268066
4.249898910522461
20.105072021484375
4.345004081726074
4.03334379196167
5.170196533203125
4.574661731719971
4.08085298538208
4.826254844665527
23.60862922668457
35.97611618041992
5.462751865386963
5.1563286781311035
12.372447967529297
4.338797092437744
17.993026733398438
4.418450355529785
4.5721354484558105
4.748081684112549
4.738348960876465
4.12090539932251
12.130460739135742
3.748434543609619
5.196993827819824
30.179033279418945
3.5455610752105713
3.5245308876037598
3.740771770477295
31.047082901000977
4.509618759155273
5.476024150848389
3.783240795135498
5.271655559539795
20.237314224243164
4.393930435180664
3.8975114822387695
4.234273910522461
15.71402645111084
6.341211795806885
4.210568904876709
4.017946243286133
4.251334190368652
4.0989861488342285
4.4832258224487305
3.9341866970062256
4.008677959442139
4.2529683113098145
3.7259905338287354
4.749122619628906
3.908337116241455
6.6781792640686035
11.683691024780273
3.6456377506256104
3.848773717880249
5.734460353851318
3.8042232990264893
5.548436164855957
24.0972957611084
12.139004707336426
15.518937110900879
4.245608806610107
4.489161491394043
8.49489974975586
4.6672444343566895
21.649171829223633
3.995309591293335
4.167319297790527
9.265985488891602
4.537603378295898
5.31411600112915
5.240111351013184
5.576066017150879
15.186729431152344
3.794036388397217
4.291933059692383
16.85164451599121
14.89311408996582
4.230289459228516
33.26378631591797
4.26274299621582
12.398300170898438
4.920273780822754
9.966401100158691
5.234671592712402
4.266899585723877
19.431476593017578
5.305877685546875
5.298892021179199
5.158926010131836
5.289586544036865
4.762879848480225
4.397654056549072
4.422468662261963
4.791969299316406
5.667558670043945
4.496387481689453
3.814751148223877
7.153329372406006
3.6448302268981934
3.986436128616333
24.356767654418945
8.411121368408203
66.63641357421875
20.21931266784668
4.059536457061768
23.23493003845215
11.567136764526367
4.015510082244873
4.0729804039001465
3.9043750762939453
13.99329662322998
4.372938632965088
5.428109645843506
4.572433948516846
4.916479587554932
5.2836408615112305
4.37147331237793
4.556643962860107
12.221141815185547
3.7381680011749268
8.032280921936035
4.815913677215576
5.845541954040527
3.511383056640625
4.522449493408203
15.957930564880371
4.724201679229736
21.7712459564209
4.048786163330078
3.8859992027282715
5.0031256675720215
5.583707332611084
4.441628932952881
3.9387059211730957
4.789453983306885
23.2200870513916
4.456275463104248
5.719717502593994
4.715451240539551
8.546998977661133
4.326472282409668
4.637266635894775
3.835512638092041
4.177100658416748
3.973280906677246
4.064364433288574
4.870318412780762
3.778923273086548
22.08106231689453
6.919826507568359
4.215265274047852
3.785416841506958
3.6162896156311035
3.752955198287964
3.9582276344299316
3.917903423309326
3.748460292816162
12.03500747680664
4.5871500968933105
4.182887077331543
8.604828834533691
4.0202460289001465
3.8523294925689697
7.269834995269775
7.879874229431152
27.609220504760742
4.232783794403076
24.223495483398438
17.79435920715332
4.175126075744629
4.022562503814697
4.011690139770508
4.324644088745117
4.521265029907227
4.102680206298828
3.9647765159606934
3.571457862854004
23.4638614654541
4.274409294128418
19.693208694458008
3.6063880920410156
31.02869415283203
3.9907386302948
28.965042114257812
5.345925807952881
3.8347678184509277
4.121709823608398
3.976827383041382
3.8310890197753906
3.9031198024749756
4.26023006439209
4.222601890563965
4.5474534034729
4.088373184204102
4.344655990600586
4.201031684875488
4.16765832901001
15.175658226013184
4.208277702331543
3.907421112060547
5.8778605461120605
3.602215528488159
3.7172086238861084
4.499228000640869
3.8896312713623047
5.764385223388672
4.283386707305908
3.6059389114379883
4.296914577484131
3.498340606689453
3.607309103012085
3.5551156997680664
4.0619306564331055
3.821221351623535
14.173927307128906
49.25724411010742
8.655010223388672
4.598761081695557
4.547905921936035
23.289230346679688
8.408649444580078
4.201389789581299
4.12527322769165
14.861003875732422
4.747655391693115
4.025742053985596
15.524847030639648
4.12900972366333
3.681597948074341
10.123979568481445
4.796061038970947
4.296037197113037
3.9658544063568115
3.737940788269043
3.7019481658935547
12.477787971496582
3.8403632640838623
27.459197998046875
11.37061595916748
3.6716818809509277
18.198190689086914
8.673623085021973
4.075686931610107
9.48075008392334
5.645873069763184
3.6297266483306885
4.616508960723877
4.520240783691406
16.824323654174805
4.05161714553833
4.443299293518066
4.829733848571777
4.579660892486572
4.45194149017334
3.9221928119659424
29.973329544067383
4.23127555847168
3.876652717590332
4.074747085571289
3.7667155265808105
24.11383628845215
3.903615713119507
3.7276601791381836
3.791748285293579
4.510874271392822
4.0555644035339355
3.710371732711792
26.865604400634766
3.9643876552581787
6.114710330963135
3.8179569244384766
18.500865936279297
24.43118667602539
19.265548706054688
5.279722213745117
4.961164474487305
29.456796646118164
4.572438716888428
4.687265396118164
4.0276408195495605
3.964751720428467
5.020816326141357
4.282425403594971
3.862922430038452
35.12885284423828
7.823243141174316
6.470279216766357
21.405363082885742
3.9699671268463135
8.601706504821777
3.763280153274536
4.05885124206543
3.8718361854553223
7.734135627746582
4.6628804206848145
4.728985786437988
4.051804065704346
3.8474373817443848
3.950533628463745
16.226137161254883
3.938110113143921
4.285017967224121
3.7726874351501465
23.71658706665039
3.9522573947906494
4.235952854156494
3.8117098808288574
3.8899834156036377
3.9925732612609863
25.659297943115234
4.609328269958496
8.636335372924805
4.232193470001221
22.005172729492188
3.8173344135284424
4.312109470367432
3.788597583770752
24.086753845214844
3.967385768890381
3.887230157852173
10.604471206665039
3.87744140625
11.125414848327637
3.608959674835205
4.384237289428711
14.712789535522461
3.679403781890869
4.148961067199707
3.9893476963043213
42.701133728027344
3.532313346862793
3.460777759552002
26.004858016967773
3.778383255004883
18.790237426757812
4.411760330200195
4.143185615539551
4.797455787658691
13.081758499145508
4.123737812042236
3.519491195678711
3.986469268798828
20.927730560302734
3.7500009536743164
12.920069694519043
4.165914535522461
4.082655906677246
12.495074272155762
4.073777675628662
4.113155364990234
4.223568916320801
4.310385227203369
6.356279373168945
24.38126564025879
3.801499605178833
5.668685436248779
3.7524971961975098
4.427048206329346
3.938072681427002
3.710894823074341
3.696129560470581
4.320910930633545
4.227694511413574
4.073530673980713
3.698599100112915
17.779300689697266
3.940539836883545
3.906087875366211
6.319521903991699
3.7743661403656006
4.348145008087158
12.586806297302246
3.8834750652313232
15.922538757324219
4.289918899536133
4.843110084533691
9.098482131958008
4.033069610595703
24.126235961914062
7.095653057098389
3.9598779678344727
4.570805549621582
26.928983688354492
4.098196506500244
4.750814914703369
15.339387893676758
5.456239223480225
4.8900041580200195
5.327361106872559
5.5954508781433105
5.159510135650635
8.892400741577148
4.626490592956543
4.127575874328613
4.3106689453125
3.74050235748291
4.638892650604248
28.260635375976562
3.785757541656494
4.112032413482666
16.484159469604492
3.631845235824585
3.7114033699035645
3.886119842529297
5.696717262268066
3.7999308109283447
15.02328109741211
16.3894100189209
3.7615182399749756
4.067072868347168
3.794844388961792
4.271991729736328
3.7284700870513916
3.4741158485412598
4.374154090881348
6.531448841094971
4.422113418579102
3.7725989818573
3.7248663902282715
8.950942993164062
4.154995441436768
32.305171966552734
6.260993957519531
3.713805913925171
3.926912784576416
4.6434221267700195
3.7575948238372803
3.617602586746216
3.989381790161133
3.5430233478546143
10.675273895263672
3.5469255447387695
4.598360061645508
4.179284572601318
3.7801949977874756
3.8325090408325195
4.049710273742676
5.377500057220459
3.7518084049224854
4.220231056213379
3.9848313331604004
3.910198926925659
3.573122262954712
22.566055297851562
3.6022207736968994
39.81602096557617
28.424598693847656
4.363023281097412
5.810558319091797
4.265339374542236
3.7949702739715576
4.106004238128662
27.683286666870117
3.698214530944824
3.70261812210083
48.04975891113281
10.000593185424805
4.415289402008057
3.9519243240356445
3.9128072261810303
4.133431434631348
3.645799398422241
4.598273277282715
21.294858932495117
4.012305736541748
3.756488084793091
3.647810220718384
3.7505054473876953
22.375255584716797
25.980695724487305
6.716515064239502
3.666571617126465
5.206006050109863
3.844017267227173
4.119444847106934
4.003931522369385
17.866352081298828
4.295896530151367
29.54274559020996
5.498453140258789
23.577701568603516
24.42206573486328
4.201081275939941
3.9248900413513184
4.161592483520508
4.689358234405518
4.753365993499756
17.3645076751709
4.3111162185668945
3.7081668376922607
4.052515983581543
10.684638023376465
5.571825981140137
3.987255811691284
6.968502521514893
4.121801853179932
5.30836820602417
6.154177665710449
4.1539530754089355
19.402530670166016
4.020936489105225
4.276832580566406
4.259670734405518
5.320178985595703
5.81915807723999
4.091389179229736
3.6156961917877197
5.438598155975342
3.660867691040039
20.862730026245117
4.440802574157715
3.6620686054229736
4.052939414978027
4.726316452026367
3.7857208251953125
4.204864978790283
3.6075429916381836
4.4105224609375
4.199120044708252
4.491842269897461
3.5542619228363037
3.5757346153259277
7.167076587677002
27.573253631591797
4.128017425537109
3.789947986602783
3.784367322921753
4.831186771392822
17.360309600830078
4.276754379272461
3.7591500282287598
20.92560386657715
3.6686394214630127
4.1108927726745605
4.090930938720703
4.194472312927246
4.2920241355896
7.952761173248291
22.428579330444336
8.519244194030762
6.983824729919434
4.302649974822998
3.964836835861206
5.312676906585693
4.3360981941223145
6.795142650604248
4.635833740234375
4.0178117752075195
24.977066040039062
4.702250003814697
12.096123695373535
3.868529796600342
4.697288990020752
4.03814697265625
3.8594071865081787
4.367264747619629
22.875776290893555
4.3943190574646
11.228314399719238
5.088679790496826
25.613582611083984
3.7503910064697266
5.546697616577148
5.113823413848877
16.752511978149414
4.780594825744629
8.819964408874512
4.361893653869629
4.086061477661133
4.0620245933532715
3.7013938426971436
3.957484006881714
6.324513912200928
3.9887301921844482
3.7634477615356445
4.137511730194092
4.381110668182373
3.941476345062256
4.461164474487305
5.855404853820801
5.520079135894775
4.042171478271484
20.550106048583984
3.6184604167938232
4.898649215698242
3.661177635192871
3.843729019165039
16.849538803100586
3.880722761154175
4.396688938140869
4.493243217468262
4.148355007171631
3.54580020904541
3.933522939682007
4.454585075378418
3.7623062133789062
5.46571159362793
3.802013397216797
3.704179048538208
3.853257656097412
21.871517181396484
12.341232299804688
3.616175413131714
4.044018745422363
3.8365495204925537
4.11611270904541
4.928083419799805
3.9813249111175537
3.5968194007873535
3.6329329013824463
3.8331634998321533
3.7682676315307617
3.703110694885254
4.196362495422363
18.06866455078125
3.547492027282715
25.117958068847656
4.2496337890625
3.8939268589019775
3.8538076877593994
3.6366169452667236
3.8357455730438232
4.9291534423828125
4.149745941162109
5.196155548095703
29.39784049987793
3.8391146659851074
3.755296468734741
3.4655442237854004
4.087839126586914
3.751925468444824
3.6652638912200928
3.9265406131744385
11.839430809020996
16.9639892578125
3.553961992263794
4.09148645401001
4.409165859222412
18.717668533325195
6.424594402313232
3.997971534729004
3.7679622173309326
4.275525093078613
4.437892436981201
4.035218715667725
3.9431052207946777
22.415935516357422
3.873347282409668
3.7880167961120605
4.262666702270508
3.552489995956421
10.999852180480957
4.672514915466309
3.5989136695861816
28.790157318115234
3.5826239585876465
5.288550853729248
3.684607982635498
4.79281759262085
4.008875370025635
3.407783269882202
3.6144890785217285
26.406368255615234
20.68363380432129
3.671221971511841
3.825155019760132
3.834397315979004
24.2763614654541
3.7501399517059326
4.172396183013916
4.025825500488281
4.424478530883789
4.300323963165283
4.081175804138184
3.9154183864593506
25.621816635131836
3.925687789916992
3.72436785697937
13.638076782226562
3.9088430404663086
4.496476650238037
3.875770092010498
3.806727886199951
4.123698711395264
3.616297960281372
4.15990686416626
21.99123191833496
4.719091892242432
26.635982513427734
4.310462474822998
3.7588536739349365
8.662394523620605
5.788771629333496
3.717024803161621
4.200011730194092
22.418140411376953
4.354424476623535
21.658878326416016
3.9006707668304443
3.874720573425293
4.613500118255615
6.423490524291992
3.8666858673095703
20.329774856567383
3.878329277038574
4.309598445892334
21.371471405029297
3.627578020095825
9.531783103942871
21.780481338500977
3.710847854614258
4.772475719451904
8.5150728225708
4.333162307739258
4.500515460968018
4.669632434844971
18.38307762145996
4.097718715667725
4.850603103637695
5.064612865447998
4.304388523101807
4.210570812225342
3.579364776611328
