124.39424896240234
144.45440673828125
132.732666015625
114.95364379882812
146.815185546875
141.80902099609375
152.45835876464844
113.5251235961914
144.53314208984375
108.6826400756836
126.38671112060547
143.72369384765625
133.6893310546875
143.08132934570312
140.88014221191406
141.18789672851562
101.63462829589844
134.59925842285156
110.51250457763672
140.005615234375
141.16110229492188
105.9922103881836
147.10374450683594
140.002197265625
133.74159240722656
142.6956024169922
140.99899291992188
151.9157257080078
152.82469177246094
99.87297058105469
143.3896026611328
143.4856414794922
109.99602508544922
135.0909423828125
116.78321838378906
139.6156768798828
127.31151580810547
117.42596435546875
150.66937255859375
112.91020965576172
115.59171295166016
118.79769897460938
108.55756378173828
129.4008026123047
144.92173767089844
136.23158264160156
144.53805541992188
95.51384735107422
140.78134155273438
126.0263671875
123.08317565917969
107.44966125488281
137.82891845703125
135.06719970703125
131.8892822265625
102.6027603149414
129.701171875
131.9281005859375
123.02024841308594
125.64000701904297
112.03338623046875
121.00699615478516
99.62701416015625
111.19288635253906
113.45382690429688
110.2190933227539
112.11785125732422
111.41053009033203
106.391357421875
95.2743911743164
92.6398696899414
108.99623107910156
107.02328491210938
80.36437225341797
100.34709167480469
93.66490173339844
89.25598907470703
84.8013687133789
86.02693176269531
67.56707763671875
84.93162536621094
74.06441497802734
67.87163543701172
78.52843475341797
60.72286605834961
60.156883239746094
66.43604278564453
54.328590393066406
48.93600082397461
48.821502685546875
52.62837219238281
51.53069305419922
47.748897552490234
40.19222640991211
41.95359802246094
40.321678161621094
38.723724365234375
33.357513427734375
27.760570526123047
29.084598541259766
29.817371368408203
28.746334075927734
27.49213981628418
26.590492248535156
26.10274314880371
30.454254150390625
25.777584075927734
24.06708526611328
26.07143211364746
28.247528076171875
24.279911041259766
25.81646728515625
21.228673934936523
27.260440826416016
19.95309829711914
21.721866607666016
19.31338882446289
22.531230926513672
19.348041534423828
18.693716049194336
16.159561157226562
33.22407913208008
22.978940963745117
15.517254829406738
20.98245620727539
13.154329299926758
12.5328369140625
14.132759094238281
11.332253456115723
10.3842134475708
16.205991744995117
8.946752548217773
10.181573867797852
9.124585151672363
7.968451499938965
7.3653483390808105
15.52263355255127
6.100290298461914
6.853775978088379
8.743274688720703
14.274238586425781
6.202514171600342
5.818787574768066
6.639697074890137
5.648047924041748
5.4800896644592285
5.491451740264893
6.367271900177002
11.273207664489746
5.946226596832275
11.408025741577148
5.200024127960205
5.634165287017822
9.646923065185547
6.696596145629883
5.802726745605469
5.503834247589111
8.39843463897705
5.76072883605957
7.680802345275879
10.215959548950195
11.61550235748291
5.137003421783447
11.421699523925781
5.17156982421875
6.041080474853516
6.805898189544678
7.971463680267334
6.811406135559082
4.796300888061523
10.056144714355469
4.895789623260498
4.600212097167969
4.750370025634766
4.878382205963135
7.08321475982666
5.193920135498047
6.318288803100586
8.065686225891113
5.382818222045898
4.842179775238037
4.619540691375732
4.903242588043213
4.705061435699463
5.143674850463867
6.878350734710693
5.124338626861572
4.354938507080078
4.6102423667907715
4.5429534912109375
4.329484939575195
4.65106725692749
4.183017253875732
5.082188606262207
5.945602893829346
4.597753524780273
4.354203701019287
4.654592990875244
4.977907657623291
5.125724792480469
4.85380220413208
4.036770343780518
4.249643325805664
5.071298599243164
5.28290319442749
4.3993048667907715
5.0950469970703125
4.903026103973389
4.700806140899658
5.0598578453063965
3.9549660682678223
4.08531379699707
4.956693172454834
4.422237396240234
4.239669322967529
4.406641960144043
4.275101184844971
4.862979888916016
4.39821720123291
4.681459426879883
4.32120418548584
4.519010066986084
4.522027015686035
4.466268539428711
4.312921047210693
4.370766639709473
4.1921772956848145
4.304703235626221
4.109456539154053
4.115435600280762
4.139075756072998
4.364767551422119
5.130165100097656
4.189860820770264
4.322848320007324
4.131567478179932
3.610518455505371
10.193095207214355
5.744601726531982
4.1011433601379395
4.194474697113037
3.5171337127685547
3.8136353492736816
3.8466057777404785
4.112584114074707
3.4315543174743652
3.9754478931427
4.328254222869873
3.4032161235809326
3.848562240600586
3.3805582523345947
3.474576711654663
3.580986738204956
4.0397186279296875
3.8948206901550293
4.041097640991211
3.715212821960449
6.427553176879883
3.276911735534668
4.014473915100098
3.6524951457977295
3.635859489440918
3.646939992904663
3.559138059616089
3.5858309268951416
5.3284173011779785
3.4686365127563477
3.798710823059082
3.5196468830108643
4.030393600463867
3.965532064437866
2.965827226638794
3.8054587841033936
3.3252601623535156
3.4445292949676514
3.793917179107666
3.8216745853424072
3.0857584476470947
3.1832969188690186
3.3619797229766846
3.595595121383667
3.0419392585754395
3.5071794986724854
3.666266918182373
3.5367791652679443
3.5476202964782715
3.5337839126586914
3.7526304721832275
3.628162384033203
2.517382860183716
3.1773717403411865
3.15863299369812
3.0719122886657715
3.5445168018341064
3.219644069671631
3.4968950748443604
3.5759191513061523
3.0767290592193604
3.055629014968872
3.5685508251190186
3.368584394454956
3.9277727603912354
3.1179890632629395
3.4323196411132812
3.183702230453491
3.6247127056121826
3.405242681503296
3.3377702236175537
2.985624313354492
3.2197391986846924
3.158233880996704
3.3578476905822754
2.9284887313842773
3.448092222213745
3.250023365020752
3.148282051086426
3.787935495376587
3.6175060272216797
3.124864339828491
3.0279359817504883
3.7333476543426514
3.434911012649536
2.683877468109131
3.4040884971618652
3.4864795207977295
3.4592700004577637
2.9745934009552
3.051180124282837
3.319622755050659
3.034097671508789
3.268843412399292
3.1730618476867676
2.9462265968322754
2.852760076522827
3.127310276031494
3.0008115768432617
3.2248992919921875
3.5911741256713867
3.439159631729126
3.267585277557373
3.0035221576690674
2.9355154037475586
3.1460886001586914
3.393165111541748
3.3791615962982178
3.006044387817383
3.5678977966308594
3.4470999240875244
3.2433664798736572
3.1982946395874023
3.2606518268585205
3.628715991973877
3.1243865489959717
3.1645050048828125
3.241945266723633
3.297548770904541
3.665282726287842
3.7158100605010986
3.003772020339966
3.4624998569488525
3.5843417644500732
4.065356254577637
3.5080864429473877
3.1456456184387207
3.3240275382995605
3.134687662124634
2.9740407466888428
2.940622568130493
2.959583282470703
4.147629261016846
3.1882741451263428
3.2328531742095947
3.1408917903900146
2.962167501449585
2.9968907833099365
2.932896852493286
3.075977087020874
3.0398671627044678
3.0984907150268555
3.8724167346954346
4.36841344833374
3.593648910522461
3.04160737991333
3.124293804168701
3.983095645904541
3.302417278289795
2.868859052658081
3.1619036197662354
2.5880401134490967
2.877166986465454
3.0641062259674072
3.1679742336273193
3.2433323860168457
2.9177513122558594
2.678227424621582
3.146974802017212
3.767566442489624
3.1521387100219727
2.7349045276641846
2.838374614715576
3.576453924179077
4.001367568969727
3.117366313934326
3.3616390228271484
3.3671646118164062
3.383474826812744
3.6803810596466064
3.7626349925994873
3.3895468711853027
3.0043997764587402
2.9193167686462402
2.928483724594116
2.724560499191284
2.6920888423919678
3.009530782699585
3.052748441696167
3.1396570205688477
2.695478677749634
2.9071407318115234
2.884995937347412
2.688659191131592
2.8907840251922607
3.044891834259033
2.781248092651367
2.9317712783813477
2.90282940864563
3.222876787185669
3.005390167236328
2.8667213916778564
3.208883285522461
3.3308708667755127
3.8771891593933105
2.872846841812134
2.8772706985473633
3.2837414741516113
3.129819393157959
2.846005916595459
2.843198537826538
2.864523410797119
2.9163718223571777
2.892756700515747
2.9401657581329346
2.9688496589660645
2.717211961746216
2.8518152236938477
2.8384361267089844
2.7737812995910645
2.8770976066589355
2.848045825958252
2.825878858566284
3.040849208831787
3.0140621662139893
3.4910013675689697
2.653939723968506
2.857671022415161
2.6300899982452393
3.1550698280334473
2.643988847732544
2.76706862449646
2.540123462677002
3.0682101249694824
2.8840737342834473
2.880028009414673
3.00996994972229
2.6357626914978027
2.916609048843384
2.7917916774749756
2.406263589859009
2.9955427646636963
2.615773916244507
2.8000874519348145
2.567483901977539
2.8796050548553467
2.6711997985839844
2.2997920513153076
2.945533275604248
2.7734057903289795
2.676018238067627
2.833198308944702
2.2883336544036865
2.4978668689727783
2.3997323513031006
2.7248902320861816
2.820590019226074
2.8654403686523438
2.6813018321990967
2.528940439224243
2.81307315826416
2.8505477905273438
3.112687826156616
2.3373117446899414
2.46419095993042
2.724886417388916
2.4989013671875
2.6201095581054688
2.337991952896118
3.0865375995635986
2.865983009338379
2.5829548835754395
2.7538185119628906
3.061581611633301
2.9588675498962402
2.4333648681640625
2.7190122604370117
2.665811061859131
2.621889114379883
2.7961535453796387
2.7945165634155273
2.5717198848724365
2.687838077545166
2.22967267036438
2.7819833755493164
2.4093644618988037
2.6218314170837402
2.601146697998047
2.5017945766448975
2.568620443344116
2.4801783561706543
2.4901885986328125
2.5711677074432373
2.817887783050537
2.7050797939300537
2.2899892330169678
2.5655922889709473
2.5787410736083984
2.9264800548553467
2.5977864265441895
2.1372625827789307
2.526895761489868
2.415541648864746
2.519299268722534
2.5727109909057617
2.571579933166504
2.3635542392730713
2.460432529449463
2.499976396560669
2.193906784057617
2.8415706157684326
2.8978495597839355
2.632427453994751
2.7223477363586426
2.7716379165649414
2.682762861251831
2.553990602493286
2.8330156803131104
2.8798813819885254
2.609036684036255
2.481595039367676
2.6498186588287354
2.7713077068328857
2.411417245864868
2.4117491245269775
2.191920757293701
2.9369401931762695
3.3601956367492676
2.8932533264160156
2.73106050491333
2.3749310970306396
2.6847376823425293
2.7357544898986816
3.165116310119629
2.650846481323242
2.453522205352783
2.4175939559936523
2.366330862045288
2.175952911376953
2.390305280685425
2.693070411682129
2.787631034851074
2.440915584564209
2.005229949951172
2.4512431621551514
2.5525217056274414
2.3195176124572754
2.480987548828125
2.5272738933563232
2.556182861328125
2.2363181114196777
2.4358136653900146
2.3651645183563232
2.56112003326416
2.2980732917785645
2.586470127105713
2.4604909420013428
2.4081385135650635
2.1304872035980225
2.081503391265869
2.759521245956421
2.1325292587280273
2.3247172832489014
3.0303566455841064
2.6919069290161133
2.8983874320983887
2.1209845542907715
2.3056437969207764
2.4084694385528564
2.486018419265747
2.218250036239624
2.576993703842163
2.2939484119415283
2.338395118713379
2.4512360095977783
2.2185099124908447
2.226961135864258
2.7562150955200195
2.910992383956909
2.457669734954834
2.639592170715332
2.468372344970703
2.439875841140747
2.5637645721435547
3.2704107761383057
2.9249420166015625
2.313185930252075
2.394378423690796
2.8556580543518066
2.716632127761841
2.30301570892334
2.369171380996704
2.3724937438964844
2.479281187057495
2.4375925064086914
2.375972270965576
2.3045783042907715
2.7109689712524414
2.369925022125244
2.3525307178497314
2.419492483139038
2.4414894580841064
2.4159655570983887
2.663107395172119
2.1402103900909424
2.156071424484253
2.1089324951171875
2.1966469287872314
2.297362804412842
64.98950958251953
2.55148983001709
2.127105474472046
2.5691897869110107
2.3729209899902344
2.087214708328247
2.224738597869873
2.264603614807129
2.5060946941375732
2.1593399047851562
2.5133750438690186
2.0994696617126465
2.2218990325927734
16.24577522277832
2.3561172485351562
2.20853328704834
2.3281900882720947
2.2731564044952393
2.338843822479248
2.112771987915039
2.284724712371826
2.2220590114593506
2.0974113941192627
2.3942315578460693
2.342405319213867
2.5277938842773438
2.2434043884277344
2.356898784637451
2.3697261810302734
2.33610200881958
2.3074426651000977
2.3006174564361572
2.314371347427368
2.220407009124756
2.35780668258667
2.4428417682647705
2.3266215324401855
1.9564812183380127
2.115065574645996
2.2313995361328125
2.321837902069092
2.3578734397888184
2.1108226776123047
2.416865587234497
1.9499858617782593
2.4097254276275635
2.267040967941284
2.1647913455963135
2.1362481117248535
2.02777361869812
2.172722578048706
1.9416178464889526
2.2693264484405518
2.0661115646362305
2.2840399742126465
2.270095109939575
2.0637729167938232
2.2471137046813965
2.340064764022827
2.1977431774139404
2.1449532508850098
2.683342695236206
2.324547290802002
2.3698134422302246
2.230860471725464
2.333024024963379
2.040653944015503
2.2931807041168213
2.2313077449798584
2.213198661804199
2.387478828430176
2.2403533458709717
2.1681387424468994
2.435398578643799
2.289872884750366
2.2734808921813965
2.228241205215454
2.2204062938690186
2.0301003456115723
2.2467122077941895
2.256469488143921
2.091334104537964
2.2370378971099854
2.3991832733154297
2.363825559616089
2.2814571857452393
2.0813779830932617
2.3304481506347656
2.294893980026245
2.1907310485839844
2.0302624702453613
2.0117549896240234
2.412747859954834
2.346642017364502
2.231187343597412
2.324777126312256
2.246626615524292
2.2251999378204346
2.3014745712280273
2.153064727783203
2.095141887664795
2.3044872283935547
2.3303003311157227
2.449652910232544
2.301023244857788
2.0407915115356445
2.4685757160186768
2.2326812744140625
2.7829129695892334
2.8767900466918945
2.7176477909088135
2.231250762939453
2.3908653259277344
2.632481813430786
2.7822649478912354
2.6924328804016113
2.271881580352783
2.2001490592956543
1.9650293588638306
2.2561895847320557
2.169945001602173
2.2809898853302
2.1435914039611816
2.1884236335754395
2.1317875385284424
2.127711534500122
2.213348150253296
2.2469873428344727
2.0120394229888916
2.231350898742676
2.260500192642212
2.044013261795044
1.9851021766662598
2.2532742023468018
2.0476362705230713
2.310447931289673
2.06591796875
2.1698741912841797
2.042008876800537
2.1156373023986816
2.2540738582611084
1.8729467391967773
2.1572036743164062
1.9712724685668945
2.0963995456695557
1.9860761165618896
2.296438694000244
2.213488817214966
2.0557334423065186
1.8355159759521484
1.9950259923934937
1.9629532098770142
2.235959768295288
2.2633519172668457
2.182570219039917
2.229524850845337
1.9543007612228394
2.182224988937378
1.99837327003479
2.1175146102905273
2.2681663036346436
2.152749538421631
1.985076904296875
2.106221914291382
2.1956992149353027
1.996634840965271
2.122725486755371
2.170776844024658
1.900053858757019
2.3139138221740723
2.3049142360687256
2.1923511028289795
2.146501302719116
2.219547986984253
2.148758888244629
2.10550856590271
2.3311901092529297
2.222717046737671
2.0431931018829346
2.3152050971984863
2.223433017730713
2.116164207458496
2.182243585586548
2.0514190196990967
2.0777950286865234
2.0864691734313965
2.129303216934204
1.9984076023101807
2.027986764907837
2.1724400520324707
2.127673387527466
2.1335248947143555
2.2151105403900146
2.0443246364593506
2.012125015258789
2.21634840965271
2.0007236003875732
2.0619773864746094
2.0719592571258545
2.1181812286376953
2.243494749069214
2.097554922103882
2.1307921409606934
2.026337146759033
1.9934121370315552
1.8730432987213135
2.1743502616882324
2.169039249420166
2.196106195449829
2.2404987812042236
2.017807960510254
2.151020050048828
1.946565866470337
1.9214286804199219
2.074281692504883
1.8466345071792603
1.8431591987609863
1.9904173612594604
2.0858066082000732
1.863887071609497
2.1938271522521973
1.7351224422454834
2.0273590087890625
2.1293141841888428
2.1535885334014893
2.061814069747925
2.053255319595337
2.077371120452881
2.09165358543396
1.7610580921173096
2.097710609436035
2.0960335731506348
2.0647435188293457
2.165602684020996
2.0951526165008545
2.104203462600708
1.9694552421569824
1.516882300376892
1.9638872146606445
1.9449652433395386
2.082136392593384
2.0358192920684814
2.3250279426574707
2.1411852836608887
2.127821683883667
2.1774659156799316
2.1724953651428223
2.062772274017334
1.8622323274612427
1.7044527530670166
2.1226019859313965
1.9786587953567505
1.8302397727966309
1.77590012550354
1.7793487310409546
2.1319196224212646
2.2161340713500977
2.2241837978363037
2.0225887298583984
2.053626775741577
2.0695888996124268
2.207648754119873
2.098111152648926
1.9681358337402344
1.838340163230896
2.050673007965088
1.944097876548767
1.7491490840911865
2.000710964202881
2.3589863777160645
2.128335475921631
2.096902847290039
2.1269280910491943
2.0248963832855225
1.8968526124954224
2.0330753326416016
2.095409393310547
2.08198881149292
2.1130993366241455
1.9366719722747803
1.872079849243164
2.1759419441223145
1.9220412969589233
2.046024799346924
1.8323075771331787
1.8503884077072144
2.134859323501587
1.9447966814041138
1.961731195449829
2.2659456729888916
2.134939193725586
1.9245738983154297
2.2058982849121094
1.9619766473770142
1.8953198194503784
1.8851791620254517
2.055225133895874
1.6396138668060303
1.9319881200790405
1.9259597063064575
1.956034541130066
1.8633984327316284
2.077347993850708
2.1728625297546387
2.00968861579895
2.040379524230957
1.903616189956665
1.7392247915267944
2.0703892707824707
1.8295774459838867
2.042067289352417
2.0422770977020264
1.9963053464889526
1.9822089672088623
1.9315505027770996
1.9028600454330444
2.059582233428955
1.7232915163040161
2.1011807918548584
2.0624349117279053
1.8384225368499756
2.0785152912139893
1.9548864364624023
1.958604335784912
2.1617014408111572
2.1498217582702637
2.0998919010162354
1.9223637580871582
1.9719374179840088
1.735809087753296
2.006631374359131
1.8108288049697876
1.8965628147125244
1.895378828048706
1.9106394052505493
1.844133973121643
2.029440402984619
1.9982978105545044
2.0173699855804443
1.9946526288986206
1.796482801437378
1.9287463426589966
2.1269993782043457
1.923517107963562
1.8971277475357056
1.9124360084533691
1.9176660776138306
2.0843658447265625
1.8212424516677856
2.1162800788879395
2.011474132537842
1.823918104171753
1.9567590951919556
1.952784538269043
1.9687589406967163
1.8022854328155518
2.0235419273376465
1.8975943326950073
2.089876890182495
1.757787823677063
2.064336061477661
1.6291885375976562
1.9685914516448975
1.928838849067688
1.9118930101394653
2.042755126953125
1.9624006748199463
1.956181287765503
1.9384936094284058
1.8936837911605835
1.854891300201416
1.873300313949585
1.892289638519287
2.0644164085388184
2.1587133407592773
1.950366497039795
2.0402586460113525
1.9808578491210938
2.0107383728027344
1.691189169883728
2.092484712600708
1.8901275396347046
1.9265528917312622
2.0971949100494385
1.8453360795974731
1.6520061492919922
1.815097689628601
2.1945583820343018
2.0501115322113037
2.023649215698242
1.8415461778640747
1.8955391645431519
1.847986102104187
1.9680596590042114
1.510152816772461
1.79550302028656
1.9980978965759277
1.7656161785125732
1.6960103511810303
2.0366780757904053
1.8257498741149902
1.9243260622024536
2.112705707550049
1.8900628089904785
2.076577663421631
1.8864182233810425
1.952887773513794
1.9611544609069824
1.9606752395629883
1.93057119846344
2.034207582473755
2.0607144832611084
1.9736868143081665
1.8042105436325073
1.8738046884536743
1.5643481016159058
1.7114617824554443
1.7806057929992676
1.8804363012313843
2.0500597953796387
1.8476251363754272
1.9701602458953857
2.026524305343628
1.9622609615325928
1.8784575462341309
1.7730308771133423
2.028122901916504
1.829771876335144
2.093352794647217
1.8841863870620728
2.0796661376953125
1.899619460105896
1.7730554342269897
1.848395824432373
1.9114173650741577
1.672478437423706
1.8085461854934692
2.003702402114868
1.8466994762420654
1.6931777000427246
1.8340394496917725
2.017374277114868
2.038011312484741
1.915060043334961
1.6360222101211548
1.9696005582809448
1.8853572607040405
2.0254554748535156
1.9760955572128296
1.6793782711029053
1.9242793321609497
2.034600019454956
1.747897982597351
1.8854602575302124
1.617857813835144
1.8965306282043457
1.8940736055374146
1.9890451431274414
2.067319869995117
1.6882237195968628
1.8294230699539185
1.9457565546035767
1.8901625871658325
1.887533187866211
1.5837104320526123
1.9770914316177368
2.039163827896118
2.042999505996704
1.8582065105438232
1.4681358337402344
2.0841164588928223
1.8866965770721436
1.9593809843063354
1.9085122346878052
1.8489123582839966
1.9984023571014404
1.9597913026809692
2.003711223602295
1.6424232721328735
1.9841976165771484
1.822618842124939
1.8764379024505615
1.8059659004211426
1.9173476696014404
1.486641764640808
1.7245032787322998
1.7423430681228638
1.8321784734725952
1.9167077541351318
1.9143542051315308
1.8880596160888672
1.9141201972961426
1.6799806356430054
1.6680833101272583
1.854354977607727
1.6816134452819824
1.9335943460464478
1.7507333755493164
1.9595911502838135
1.6627815961837769
1.7217426300048828
2.033337354660034
1.9605307579040527
1.9331655502319336
1.9648374319076538
1.8322829008102417
1.8139897584915161
2.00657320022583
1.8661388158798218
1.920358419418335
1.5929083824157715
1.962162971496582
1.9057393074035645
2.11191987991333
1.8674583435058594
1.7887414693832397
1.8073222637176514
1.9142558574676514
1.9247535467147827
1.6591503620147705
1.966417670249939
1.9369608163833618
2.5253794193267822
1.9522143602371216
2.032891035079956
1.9290292263031006
1.7526768445968628
1.8397091627120972
1.9149609804153442
1.8892861604690552
1.7059462070465088
1.9164609909057617
2.0587072372436523
2.007272481918335
2.057152509689331
1.7358988523483276
4.778895854949951
1.835959792137146
1.8810245990753174
1.8146202564239502
