17.393213272094727
13.716869354248047
16.804561614990234
17.283536911010742
16.996952056884766
17.65505027770996
17.44666290283203
17.450593948364258
17.283302307128906
14.0203275680542
17.607406616210938
16.804943084716797
17.547725677490234
17.29110336303711
17.229778289794922
17.288105010986328
16.732511520385742
16.561941146850586
17.0263614654541
17.28333282470703
16.348970413208008
16.928728103637695
17.383317947387695
16.48772430419922
17.123451232910156
16.69117546081543
16.272130966186523
16.05582618713379
16.0509090423584
16.004459381103516
15.534114837646484
16.639541625976562
16.253372192382812
15.048155784606934
15.288317680358887
15.24573040008545
14.921693801879883
14.161688804626465
14.29132080078125
14.535433769226074
12.202061653137207
14.031685829162598
13.57140827178955
13.934414863586426
13.284513473510742
13.82239055633545
13.881453514099121
12.921119689941406
12.922981262207031
12.823583602905273
12.710843086242676
12.238616943359375
12.84723949432373
12.893058776855469
13.071311950683594
12.439672470092773
13.049734115600586
12.987456321716309
13.380711555480957
13.04539966583252
12.04515552520752
12.230234146118164
12.933796882629395
12.415291786193848
12.90068244934082
12.685051918029785
12.316676139831543
12.142101287841797
12.076210975646973
12.87514591217041
12.780075073242188
12.288479804992676
12.144410133361816
12.680566787719727
13.096792221069336
10.413689613342285
12.946981430053711
12.967805862426758
12.737324714660645
12.950942993164062
12.268142700195312
12.764506340026855
12.959454536437988
13.198974609375
13.162384033203125
13.235167503356934
12.67077350616455
12.648588180541992
12.749600410461426
10.713615417480469
11.988726615905762
12.717910766601562
12.154969215393066
13.020759582519531
11.363622665405273
12.170620918273926
11.88205623626709
10.756509780883789
12.55115795135498
12.493030548095703
12.348671913146973
10.588042259216309
13.310486793518066
12.792622566223145
12.373923301696777
12.328969955444336
12.486278533935547
13.008054733276367
10.590217590332031
12.3477783203125
12.514832496643066
10.411860466003418
12.357198715209961
12.384425163269043
12.367140769958496
11.841626167297363
12.294825553894043
12.701298713684082
12.152360916137695
11.776795387268066
11.606541633605957
12.134696006774902
12.181487083435059
12.177048683166504
10.143352508544922
11.782907485961914
12.395794868469238
11.992297172546387
12.039896011352539
12.652366638183594
12.55135726928711
12.587080955505371
11.916922569274902
12.752320289611816
12.744040489196777
12.3501615524292
12.077756881713867
12.070052146911621
12.215933799743652
12.36695384979248
12.698690414428711
12.340688705444336
12.31396770477295
12.189186096191406
12.708441734313965
12.160050392150879
12.267277717590332
12.140360832214355
12.539494514465332
12.093830108642578
12.773757934570312
12.073356628417969
12.131444931030273
12.374419212341309
12.255977630615234
11.353311538696289
12.232147216796875
12.765204429626465
12.387819290161133
11.867592811584473
13.055134773254395
12.477879524230957
12.4379301071167
12.523066520690918
12.8511962890625
11.664961814880371
10.91915225982666
11.823800086975098
12.061515808105469
12.086313247680664
12.532133102416992
12.748713493347168
12.648815155029297
12.386380195617676
12.641633987426758
12.850834846496582
12.40334701538086
12.494519233703613
12.062947273254395
12.202324867248535
12.291680335998535
12.563765525817871
12.183656692504883
12.540545463562012
12.208693504333496
11.34341049194336
12.231953620910645
10.891719818115234
11.898015975952148
11.883792877197266
12.18722152709961
12.225112915039062
12.458874702453613
12.762370109558105
12.154994010925293
12.29322624206543
12.641558647155762
10.314811706542969
12.214786529541016
12.272228240966797
12.3659086227417
11.833728790283203
12.592884063720703
12.403592109680176
12.492447853088379
11.98823070526123
11.955079078674316
11.214599609375
12.564826011657715
12.722420692443848
11.062517166137695
12.201801300048828
12.481340408325195
12.338974952697754
12.177145004272461
12.266807556152344
12.125117301940918
12.591801643371582
12.238536834716797
11.944446563720703
12.399169921875
12.192591667175293
12.756978034973145
12.174917221069336
12.034356117248535
12.713678359985352
10.846238136291504
12.553672790527344
12.790539741516113
12.395349502563477
12.283695220947266
11.995734214782715
12.603742599487305
11.700103759765625
12.886090278625488
12.901597023010254
12.115727424621582
10.162245750427246
11.896598815917969
12.036620140075684
11.886839866638184
12.142306327819824
11.348373413085938
12.629615783691406
13.162839889526367
11.971780776977539
11.992091178894043
12.278230667114258
12.129730224609375
12.546279907226562
12.501097679138184
11.842575073242188
12.758564949035645
11.938530921936035
10.873584747314453
12.383563041687012
10.810553550720215
12.446340560913086
12.26530933380127
11.850438117980957
12.119604110717773
12.151924133300781
12.585015296936035
12.003242492675781
11.779842376708984
12.222268104553223
12.196857452392578
12.506124496459961
12.725401878356934
12.255595207214355
12.366678237915039
12.607069969177246
11.525484085083008
11.823203086853027
12.236959457397461
10.765501976013184
12.534156799316406
12.473992347717285
11.92179012298584
12.035719871520996
10.539352416992188
12.044928550720215
12.959606170654297
12.905375480651855
12.44945240020752
12.12617301940918
11.653849601745605
12.47808837890625
12.280946731567383
13.038375854492188
12.215285301208496
12.472681045532227
12.464231491088867
12.46297836303711
12.270459175109863
12.536325454711914
10.36227798461914
12.080881118774414
10.34415054321289
12.698039054870605
11.881375312805176
12.757735252380371
12.275586128234863
12.228239059448242
12.36782169342041
11.82222843170166
11.912806510925293
12.514983177185059
12.677850723266602
12.727867126464844
11.934274673461914
12.258317947387695
12.187095642089844
12.293761253356934
12.317187309265137
10.739324569702148
12.686724662780762
12.719494819641113
12.255748748779297
12.616990089416504
12.409130096435547
11.897165298461914
12.579910278320312
12.195889472961426
12.121770858764648
12.477033615112305
12.716136932373047
10.9812650680542
12.597779273986816
12.144822120666504
12.489754676818848
12.618508338928223
12.51929759979248
12.081618309020996
11.703028678894043
12.316068649291992
12.774604797363281
11.847140312194824
11.941055297851562
12.83230972290039
12.441657066345215
12.195768356323242
12.242804527282715
12.210726737976074
10.482860565185547
12.58067512512207
12.537778854370117
10.42853832244873
12.032923698425293
12.584627151489258
12.483758926391602
12.607218742370605
12.198113441467285
10.309491157531738
12.384147644042969
12.235840797424316
12.332125663757324
12.874926567077637
12.613489151000977
11.914735794067383
11.700987815856934
11.812222480773926
12.349710464477539
12.359715461730957
12.706668853759766
12.456957817077637
11.837644577026367
12.519818305969238
12.707530975341797
12.13214111328125
12.272268295288086
12.419408798217773
11.669797897338867
12.134479522705078
12.203370094299316
12.204355239868164
12.613770484924316
11.960456848144531
12.631791114807129
12.477792739868164
12.439528465270996
12.499436378479004
12.225970268249512
12.479769706726074
12.204228401184082
12.301830291748047
11.844593048095703
12.650403022766113
11.642666816711426
12.082167625427246
12.009570121765137
10.39159870147705
12.23338508605957
12.479076385498047
12.040680885314941
11.296003341674805
11.925649642944336
11.970833778381348
13.12142562866211
10.916565895080566
12.607027053833008
11.863805770874023
12.1226224899292
12.212401390075684
12.318361282348633
11.980728149414062
11.474689483642578
12.898031234741211
11.9514799118042
12.636510848999023
12.291999816894531
12.392861366271973
11.065829277038574
12.490133285522461
12.688429832458496
11.702781677246094
12.223657608032227
12.26038932800293
11.997119903564453
11.759446144104004
12.026581764221191
10.754919052124023
11.949432373046875
11.668359756469727
12.584634780883789
12.51666259765625
12.058018684387207
11.120293617248535
12.426318168640137
10.898683547973633
12.047863006591797
11.625731468200684
12.84994125366211
11.64456558227539
12.095316886901855
13.127425193786621
11.02100658416748
12.591267585754395
11.15105152130127
12.119540214538574
12.537906646728516
12.097907066345215
12.578033447265625
12.029820442199707
12.107192993164062
12.474894523620605
11.98090648651123
11.993391036987305
12.318635940551758
12.219744682312012
12.0592679977417
11.639853477478027
12.003113746643066
12.358709335327148
12.762556076049805
12.496317863464355
12.283049583435059
11.870150566101074
12.307425498962402
12.206915855407715
11.870118141174316
12.404701232910156
12.173568725585938
12.327106475830078
11.788214683532715
11.673574447631836
12.94907283782959
12.369315147399902
12.427453994750977
12.30540657043457
12.349282264709473
12.289995193481445
12.048486709594727
12.440347671508789
10.008478164672852
11.30145263671875
11.800889015197754
12.07003116607666
11.725570678710938
11.888293266296387
11.883026123046875
12.398333549499512
12.220283508300781
11.254087448120117
12.785046577453613
12.258872985839844
10.160774230957031
11.9552583694458
12.387632369995117
12.477126121520996
12.698202133178711
12.427976608276367
12.45239543914795
11.745125770568848
11.899361610412598
12.480562210083008
12.043028831481934
12.439316749572754
12.232050895690918
12.963961601257324
12.385273933410645
11.988940238952637
10.423068046569824
12.468221664428711
10.738373756408691
11.458958625793457
12.160473823547363
12.344928741455078
12.739991188049316
12.319113731384277
12.168177604675293
12.12661361694336
12.266817092895508
11.417323112487793
10.524900436401367
12.415678977966309
12.741742134094238
11.833297729492188
12.412341117858887
10.192374229431152
10.5703125
12.440529823303223
12.132224082946777
12.255188941955566
12.062498092651367
12.331587791442871
11.978042602539062
12.123128890991211
12.036118507385254
12.545437812805176
10.836913108825684
12.554287910461426
12.579292297363281
10.385951042175293
12.10190200805664
12.097088813781738
12.397758483886719
12.811203002929688
12.514352798461914
12.452690124511719
12.584681510925293
12.12052059173584
12.345551490783691
11.885594367980957
11.876084327697754
11.676092147827148
12.49209213256836
12.381905555725098
12.114316940307617
11.971288681030273
12.742021560668945
12.543825149536133
11.115925788879395
12.846782684326172
12.507659912109375
12.215677261352539
12.433231353759766
12.42467212677002
13.254223823547363
12.2323637008667
12.711884498596191
12.267160415649414
12.08273696899414
12.526517868041992
12.1541166305542
12.096643447875977
12.027332305908203
12.175909996032715
12.074913024902344
12.068503379821777
12.1902437210083
12.479469299316406
12.308948516845703
12.319035530090332
12.070043563842773
11.952109336853027
11.984660148620605
12.264802932739258
11.868410110473633
12.66655445098877
12.509777069091797
11.918368339538574
12.062609672546387
12.063929557800293
11.842977523803711
12.39156436920166
12.07619571685791
12.172215461730957
12.324244499206543
11.775867462158203
11.500032424926758
12.215619087219238
12.215619087219238
12.692387580871582
12.32638931274414
12.034600257873535
11.8107328414917
12.57336139678955
11.879438400268555
12.118579864501953
11.14159870147705
11.699482917785645
12.489048957824707
10.636362075805664
12.223042488098145
12.354853630065918
11.68149471282959
12.024771690368652
12.22752571105957
12.421138763427734
12.116053581237793
12.696671485900879
9.472288131713867
12.87216854095459
12.94475269317627
12.404603004455566
12.031551361083984
12.206236839294434
11.783931732177734
12.073779106140137
12.356598854064941
12.290022850036621
11.59643840789795
12.354880332946777
12.362893104553223
12.36366081237793
12.355427742004395
12.286232948303223
11.994681358337402
12.470389366149902
12.35265827178955
12.72217082977295
11.722070693969727
12.09204387664795
11.863101959228516
12.2733154296875
12.616405487060547
12.369004249572754
12.569101333618164
12.254312515258789
12.616708755493164
11.998211860656738
12.479575157165527
11.480875968933105
12.645734786987305
12.580792427062988
12.140913009643555
12.8800630569458
12.401890754699707
12.507268905639648
12.205215454101562
11.924872398376465
12.436923027038574
12.144585609436035
11.536178588867188
12.1277437210083
10.432605743408203
11.619719505310059
12.092960357666016
11.858427047729492
11.77071475982666
12.441076278686523
10.9531831741333
12.262274742126465
12.578030586242676
12.025528907775879
12.38696002960205
11.82412052154541
12.858682632446289
11.926701545715332
12.10324478149414
11.961992263793945
11.660877227783203
12.211838722229004
12.053860664367676
11.288207054138184
12.636945724487305
11.697399139404297
12.551671981811523
12.270503997802734
12.231078147888184
12.115042686462402
12.289116859436035
12.430976867675781
11.601673126220703
11.828811645507812
12.187573432922363
10.445247650146484
11.912962913513184
11.681809425354004
10.631484031677246
11.957917213439941
12.26880931854248
12.191612243652344
11.921064376831055
12.030671119689941
12.216686248779297
11.47842788696289
12.45494556427002
12.091620445251465
12.54261589050293
11.839862823486328
12.304924964904785
12.708890914916992
12.412622451782227
12.408979415893555
11.92117977142334
12.42304801940918
12.415913581848145
12.237444877624512
10.35489559173584
10.69880199432373
12.240100860595703
12.196184158325195
11.97812271118164
10.247859001159668
11.786540985107422
12.25792121887207
11.880767822265625
12.521568298339844
11.938862800598145
12.183602333068848
12.563158988952637
12.136641502380371
11.908927917480469
11.666342735290527
11.843402862548828
12.482556343078613
12.064614295959473
11.635095596313477
12.32724666595459
11.952768325805664
10.825742721557617
12.851815223693848
12.056488990783691
11.705113410949707
12.60404109954834
12.198410034179688
11.934693336486816
12.384695053100586
12.26803970336914
12.057551383972168
10.449043273925781
12.527495384216309
12.000011444091797
11.711244583129883
11.710652351379395
12.046582221984863
12.913145065307617
11.970728874206543
12.014078140258789
12.203024864196777
12.46799373626709
11.61192512512207
12.343140602111816
11.86630630493164
12.00238037109375
12.621959686279297
12.139745712280273
10.921911239624023
11.871159553527832
12.24686336517334
11.889861106872559
12.540099143981934
12.324539184570312
10.62722396850586
11.865812301635742
12.594955444335938
11.995534896850586
12.379566192626953
12.311321258544922
11.73852252960205
12.174626350402832
10.229267120361328
11.925479888916016
12.002972602844238
12.12765884399414
12.047932624816895
12.455671310424805
11.758522033691406
11.972013473510742
12.164726257324219
12.684035301208496
11.810837745666504
11.805702209472656
12.099586486816406
12.162641525268555
12.403579711914062
12.647822380065918
12.488643646240234
11.75586223602295
12.528175354003906
12.652820587158203
11.593038558959961
12.555405616760254
11.743350982666016
11.970677375793457
12.110180854797363
12.121891975402832
11.979304313659668
11.95652961730957
12.128515243530273
12.328609466552734
12.226519584655762
13.15555191040039
11.692648887634277
11.846471786499023
12.214945793151855
12.37103271484375
11.967286109924316
12.608247756958008
12.89812183380127
12.59287166595459
12.197403907775879
10.818879127502441
12.01980209350586
12.248547554016113
12.352230072021484
12.01268482208252
12.511707305908203
11.933123588562012
12.035558700561523
11.823238372802734
12.672313690185547
12.423043251037598
12.116951942443848
11.632613182067871
12.364886283874512
11.80866813659668
12.200958251953125
12.160804748535156
12.099457740783691
12.756460189819336
12.531981468200684
10.128575325012207
12.44271183013916
12.5390043258667
12.277626037597656
12.205214500427246
11.76042652130127
11.753412246704102
12.234772682189941
11.75694465637207
12.267428398132324
11.875152587890625
11.832724571228027
11.999612808227539
12.312769889831543
12.957414627075195
12.269887924194336
12.443241119384766
11.779726028442383
11.768357276916504
12.631078720092773
12.091248512268066
10.386184692382812
12.116339683532715
11.78850269317627
10.80254077911377
11.8748140335083
12.146936416625977
10.307341575622559
11.903779029846191
12.459664344787598
12.06520938873291
11.839556694030762
12.225503921508789
12.180624961853027
10.316120147705078
12.241142272949219
12.38856315612793
12.258810043334961
11.672569274902344
12.688475608825684
12.290892601013184
11.66439437866211
12.017434120178223
12.226259231567383
12.595796585083008
12.16218376159668
10.855802536010742
12.256024360656738
12.1201753616333
11.103715896606445
12.038169860839844
12.262798309326172
12.311518669128418
12.091300010681152
12.168900489807129
11.61353588104248
12.479086875915527
12.164006233215332
12.590410232543945
11.771080017089844
12.449769973754883
12.53657054901123
11.932530403137207
11.905740737915039
11.755216598510742
12.15760612487793
12.306490898132324
11.759981155395508
11.825796127319336
10.741290092468262
11.393814086914062
11.70511531829834
12.466944694519043
12.26863956451416
12.060632705688477
12.501843452453613
11.759627342224121
11.935840606689453
12.094459533691406
12.77231502532959
10.480024337768555
12.389891624450684
10.523452758789062
11.541290283203125
11.613853454589844
11.762819290161133
11.827375411987305
12.20707893371582
12.33183765411377
10.14771556854248
11.634621620178223
11.9385347366333
12.035417556762695
12.492406845092773
12.731801986694336
12.41575813293457
11.762894630432129
12.535478591918945
12.225868225097656
11.893838882446289
11.764071464538574
11.29672908782959
11.881556510925293
11.846686363220215
11.740659713745117
11.385300636291504
11.598514556884766
12.021162033081055
12.678131103515625
12.148248672485352
12.041008949279785
10.376543045043945
11.69762897491455
11.83310604095459
11.771674156188965
12.439826965332031
12.303089141845703
11.485038757324219
12.532644271850586
11.676965713500977
12.543622970581055
11.913636207580566
12.302270889282227
12.298812866210938
11.830501556396484
11.842085838317871
11.82493782043457
12.62894344329834
11.821166038513184
12.822540283203125
12.788553237915039
12.186285018920898
12.43411922454834
10.755245208740234
12.499287605285645
12.382403373718262
12.100077629089355
11.720730781555176
12.33205795288086
12.147068977355957
12.882669448852539
11.138495445251465
11.791884422302246
12.278564453125
12.159448623657227
11.849039077758789
11.83859920501709
12.563767433166504
10.8993501663208
12.141438484191895
12.04751968383789
12.038505554199219
11.807764053344727
12.406305313110352
10.895318031311035
12.1414213180542
12.380324363708496
11.943211555480957
12.782880783081055
11.790958404541016
10.559127807617188
11.854559898376465
12.078804016113281
11.652300834655762
12.034360885620117
12.303399085998535
11.974691390991211
12.462231636047363
11.617783546447754
11.284758567810059
11.83897590637207
12.06882095336914
11.771478652954102
11.776507377624512
12.239667892456055
11.95421314239502
12.13680362701416
12.384623527526855
10.635122299194336
12.176815032958984
12.49199104309082
12.413667678833008
12.346728324890137
12.505075454711914
12.250700950622559
11.640168190002441
12.130547523498535
12.210227966308594
11.593618392944336
12.239500045776367
12.57017993927002
12.325976371765137
10.569833755493164
11.753491401672363
12.510866165161133
11.801933288574219
12.158788681030273
12.17087459564209
9.951228141784668
12.115825653076172
12.132946014404297
11.816479682922363
12.575902938842773
11.818581581115723
11.955607414245605
11.653564453125
11.937374114990234
12.433666229248047
11.766958236694336
11.975798606872559
12.499335289001465
12.054516792297363
11.962108612060547
12.071876525878906
12.132553100585938
12.352700233459473
11.366485595703125
12.175267219543457
11.811076164245605
12.066024780273438
11.542606353759766
11.56590461730957
12.186772346496582
12.157115936279297
12.142046928405762
12.552584648132324
12.156585693359375
12.714645385742188
12.119441986083984
12.06010913848877
12.272856712341309
12.370413780212402
12.100711822509766
12.051934242248535
9.613138198852539
11.92640209197998
11.317688941955566
12.671920776367188
12.399847030639648
12.365863800048828
12.205780029296875
12.110014915466309
12.40825080871582
12.271200180053711
11.804662704467773
11.900054931640625
10.960945129394531
12.242778778076172
12.100069046020508
12.369266510009766
12.511899948120117
11.849787712097168
12.605148315429688
11.914316177368164
12.453398704528809
11.808686256408691
12.402021408081055
11.666152000427246
12.240944862365723
12.3731107711792
11.797652244567871
11.789301872253418
12.074573516845703
11.637811660766602
10.192971229553223
12.734615325927734
12.494901657104492
12.23564624786377
11.515459060668945
10.306014060974121
12.229222297668457
11.732590675354004
11.566067695617676
11.419336318969727
12.055551528930664
12.606474876403809
12.216371536254883
12.06945514678955
12.332261085510254
12.038206100463867
12.620044708251953
12.460088729858398
12.256559371948242
12.185319900512695
11.833966255187988
12.312954902648926
10.557371139526367
11.455020904541016
12.070361137390137
12.168045043945312
11.779996871948242
11.974953651428223
12.13467025756836
12.11696720123291
12.138577461242676
11.555293083190918
12.298855781555176
11.661718368530273
10.432235717773438
11.679909706115723
11.89812183380127
11.996337890625
12.361428260803223
11.554628372192383
11.92593765258789
11.93993091583252
12.141956329345703
12.126338005065918
11.645337104797363
12.63904094696045
12.20373821258545
12.004149436950684
12.394942283630371
12.464139938354492
12.018608093261719
12.166086196899414
11.738070487976074
12.157458305358887
11.820218086242676
12.829303741455078
11.83788013458252
11.730889320373535
11.81033992767334
11.929268836975098
11.82797622680664
12.630615234375
11.17116928100586
12.168521881103516
11.838147163391113
12.433136940002441
12.03935432434082
8.655165672302246
11.890251159667969
11.990610122680664
12.28415584564209
11.745044708251953
12.283615112304688
12.167359352111816
12.250932693481445
11.833052635192871
12.001437187194824
12.08474349975586
12.310769081115723
12.330163955688477
11.901405334472656
11.806807518005371
12.484953880310059
11.922245025634766
12.98705768585205
12.436775207519531
12.379766464233398
12.055941581726074
12.341058731079102
12.617855072021484
12.558985710144043
11.949284553527832
12.139243125915527
11.64200496673584
11.965112686157227
12.297456741333008
11.771571159362793
12.098099708557129
12.029346466064453
11.858626365661621
12.10448169708252
11.810486793518066
11.152488708496094
11.657255172729492
12.800650596618652
12.71479320526123
12.548226356506348
12.096956253051758
12.417548179626465
11.270106315612793
11.134658813476562
11.278390884399414
11.412853240966797
10.939467430114746
11.87625789642334
12.560063362121582
12.51803970336914
13.06202220916748
12.647764205932617
12.525562286376953
12.16059398651123
12.409878730773926
12.377825736999512
12.53358268737793
12.032500267028809
12.037610054016113
12.061562538146973
12.3151216506958
12.026556968688965
11.341541290283203
11.995413780212402
12.795319557189941
12.094727516174316
11.87036418914795
11.719858169555664
12.321596145629883
11.90272331237793
12.437756538391113
12.132335662841797
11.757872581481934
12.374953269958496
12.142075538635254
12.045079231262207
12.077021598815918
12.42216968536377
12.527338981628418
12.166335105895996
10.377090454101562
11.610848426818848
12.034059524536133
12.308671951293945
12.24109172821045
11.777423858642578
12.528940200805664
11.701751708984375
12.131918907165527
11.816573143005371
10.766190528869629
12.425077438354492
12.432872772216797
12.021370887756348
12.121862411499023
12.650542259216309
11.456801414489746
10.70783805847168
12.647156715393066
10.688192367553711
11.98920726776123
12.439054489135742
11.98038101196289
12.20594596862793
11.730234146118164
12.056815147399902
12.206361770629883
12.013993263244629
12.486367225646973
12.192984580993652
12.420007705688477
12.206829071044922
12.169722557067871
11.926569938659668
12.576687812805176
12.512345314025879
11.688796043395996
12.194415092468262
12.316408157348633
12.014017105102539
11.39997673034668
12.118426322937012
11.869339942932129
12.494058609008789
12.067547798156738
12.428630828857422
12.208882331848145
11.091994285583496
11.794143676757812
12.433259963989258
12.444660186767578
11.862096786499023
11.768073081970215
12.186958312988281
12.130074501037598
11.905815124511719
12.145598411560059
10.973608016967773
12.654027938842773
12.566274642944336
12.29727840423584
11.92611312866211
12.045472145080566
11.677044868469238
12.208144187927246
12.245637893676758
12.086450576782227
12.289068222045898
11.982596397399902
11.759485244750977
11.874018669128418
12.278996467590332
12.166952133178711
12.547897338867188
11.90199089050293
11.986994743347168
11.849061012268066
12.413535118103027
11.644942283630371
11.890954971313477
12.304365158081055
10.045750617980957
10.306714057922363
12.163851737976074
11.838817596435547
12.317028999328613
11.492727279663086
11.906556129455566
10.039056777954102
12.028584480285645
11.44508171081543
11.962127685546875
11.718170166015625
11.209075927734375
11.26517391204834
12.614218711853027
12.374128341674805
12.186508178710938
12.463808059692383
10.595574378967285
12.229129791259766
12.557939529418945
12.161155700683594
12.596173286437988
10.249178886413574
12.382974624633789
12.199483871459961
11.74094009399414
12.613077163696289
12.00161075592041
11.952237129211426
11.963830947875977
12.040412902832031
10.201544761657715
11.941486358642578
11.597028732299805
12.042046546936035
12.0001802444458
12.246192932128906
12.64471435546875
12.445088386535645
11.85108470916748
12.191828727722168
12.262051582336426
11.589164733886719
12.52424430847168
11.901505470275879
11.20363998413086
11.826501846313477
12.334001541137695
11.678197860717773
12.496626853942871
11.962645530700684
12.409871101379395
12.204317092895508
12.280157089233398
11.5940580368042
12.156919479370117
11.598190307617188
11.681166648864746
12.989054679870605
12.258077621459961
12.487966537475586
12.388555526733398
12.05323314666748
12.103177070617676
11.475919723510742
12.084905624389648
11.797243118286133
11.627655982971191
11.888671875
12.084811210632324
12.104899406433105
12.031591415405273
12.590421676635742
12.023086547851562
12.002655982971191
12.572322845458984
11.753979682922363
12.078246116638184
11.786391258239746
12.053901672363281
11.940038681030273
12.290616989135742
12.179994583129883
12.17357063293457
12.184908866882324
12.137642860412598
11.786271095275879
11.669623374938965
10.601272583007812
12.081082344055176
11.733428001403809
12.471118927001953
12.296197891235352
12.380658149719238
12.374939918518066
12.603048324584961
12.068906784057617
12.244928359985352
12.466014862060547
11.758252143859863
12.68227481842041
12.959039688110352
11.810393333435059
11.82656478881836
11.730133056640625
12.747681617736816
12.402000427246094
11.70069694519043
12.359599113464355
12.352156639099121
11.503082275390625
11.636839866638184
11.763912200927734
12.103447914123535
12.10522174835205
12.442481994628906
12.608941078186035
12.086203575134277
12.269295692443848
12.5407075881958
11.956520080566406
10.750826835632324
12.126354217529297
12.567392349243164
12.265316009521484
12.457694053649902
12.229775428771973
12.28392505645752
12.096711158752441
11.490360260009766
12.286138534545898
11.487771987915039
11.767077445983887
11.547232627868652
11.779197692871094
11.873547554016113
12.456703186035156
12.85884952545166
12.537885665893555
11.795096397399902
11.631574630737305
11.901606559753418
12.027579307556152
11.286086082458496
12.14594554901123
11.963887214660645
11.788237571716309
11.65290355682373
11.47775650024414
12.030671119689941
12.255356788635254
12.094820976257324
11.37093448638916
11.999939918518066
12.456462860107422
12.306160926818848
11.754668235778809
11.716711044311523
12.094863891601562
12.06088924407959
11.632329940795898
11.933401107788086
10.071531295776367
12.175751686096191
11.973642349243164
12.135393142700195
11.977716445922852
12.522327423095703
11.918486595153809
11.475432395935059
9.428243637084961
12.349246978759766
12.576504707336426
10.383520126342773
12.82009220123291
12.46679973602295
11.496747016906738
11.549361228942871
12.34964370727539
12.077376365661621
9.968165397644043
12.238240242004395
12.101207733154297
12.608635902404785
12.036450386047363
11.894204139709473
12.053255081176758
12.180398941040039
11.7998046875
11.634228706359863
11.886456489562988
12.008126258850098
12.608075141906738
11.707043647766113
11.48381519317627
10.342328071594238
11.686830520629883
9.46459674835205
12.287749290466309
11.725851058959961
12.2291898727417
12.447769165039062
11.920762062072754
11.877908706665039
12.651396751403809
12.548318862915039
11.998804092407227
12.442939758300781
12.78967571258545
12.467835426330566
12.337299346923828
11.89069938659668
11.794209480285645
12.477771759033203
12.179676055908203
11.832606315612793
11.951165199279785
12.06573486328125
11.80063247680664
12.559654235839844
12.051851272583008
12.129128456115723
11.932717323303223
11.31912899017334
12.44012451171875
12.116217613220215
11.365553855895996
10.491990089416504
11.637343406677246
12.231745719909668
12.479856491088867
11.959951400756836
11.816427230834961
9.97853946685791
12.027070045471191
12.585201263427734
12.203145980834961
12.391864776611328
12.01429557800293
11.684581756591797
11.913898468017578
11.918472290039062
11.605653762817383
12.241728782653809
12.576770782470703
12.294365882873535
11.428074836730957
11.625596046447754
12.249266624450684
12.88546085357666
11.77063274383545
11.924800872802734
11.598167419433594
11.043564796447754
11.945929527282715
12.221435546875
11.684724807739258
11.52936840057373
11.911516189575195
12.38332462310791
11.786043167114258
12.003305435180664
11.729851722717285
12.052841186523438
12.289909362792969
12.049395561218262
12.24787425994873
12.282873153686523
11.854155540466309
12.176220893859863
12.510698318481445
12.166257858276367
12.191455841064453
12.129298210144043
12.429061889648438
12.25309944152832
12.0958251953125
12.362318992614746
11.673935890197754
12.295113563537598
11.813732147216797
12.384016036987305
12.003167152404785
11.84118938446045
12.530593872070312
12.057782173156738
12.073091506958008
11.855842590332031
12.196443557739258
11.806474685668945
12.131695747375488
12.28050708770752
12.112442016601562
8.211562156677246
11.959915161132812
12.108410835266113
12.340051651000977
11.711288452148438
12.083788871765137
12.093161582946777
12.395406723022461
12.431681632995605
11.85802936553955
11.91275405883789
12.691158294677734
12.128381729125977
11.769905090332031
12.280865669250488
11.567975997924805
11.728591918945312
12.108939170837402
12.3596773147583
12.5059814453125
12.004191398620605
10.677107810974121
11.84655475616455
12.032671928405762
12.351598739624023
11.7579927444458
11.969684600830078
12.253565788269043
11.558053970336914
11.664045333862305
12.664386749267578
12.028423309326172
11.094096183776855
12.17485237121582
12.226758003234863
12.154879570007324
12.871953964233398
11.797343254089355
12.093905448913574
12.299872398376465
12.007980346679688
11.301414489746094
11.896400451660156
11.998078346252441
12.084254264831543
10.153539657592773
12.154815673828125
10.807291984558105
11.56906795501709
12.054856300354004
12.083934783935547
10.761171340942383
12.650668144226074
12.307036399841309
11.48896598815918
12.445180892944336
11.803738594055176
12.609671592712402
10.710667610168457
12.573385238647461
11.524544715881348
12.058337211608887
11.996042251586914
12.02138900756836
12.276193618774414
12.704582214355469
12.308014869689941
12.092278480529785
11.733951568603516
12.106359481811523
11.77314281463623
9.943106651306152
11.701077461242676
12.374271392822266
10.288755416870117
11.936441421508789
12.161869049072266
11.74251937866211
12.09522533416748
12.062256813049316
12.00625991821289
12.688628196716309
11.892308235168457
12.470958709716797
11.054244995117188
10.17615795135498
12.80133056640625
12.068392753601074
12.189878463745117
12.948707580566406
11.792506217956543
11.673462867736816
11.436665534973145
12.052993774414062
12.468521118164062
12.297052383422852
12.108651161193848
12.093074798583984
12.092150688171387
10.10370922088623
10.084025382995605
10.59706974029541
12.569865226745605
11.882570266723633
12.409834861755371
12.458122253417969
12.422431945800781
12.005958557128906
12.58615779876709
12.672256469726562
12.458433151245117
12.337801933288574
11.836203575134277
12.028263092041016
11.987236022949219
12.365240097045898
12.645153999328613
11.71409797668457
11.598097801208496
11.88400650024414
11.882525444030762
11.984697341918945
12.038434028625488
12.072576522827148
11.899983406066895
10.927763938903809
11.835001945495605
10.072417259216309
11.684715270996094
8.78045654296875
11.758502960205078
12.574764251708984
11.841564178466797
11.678155899047852
11.444750785827637
12.002659797668457
11.917654037475586
12.354093551635742
12.063708305358887
11.828313827514648
11.949332237243652
12.079054832458496
12.765469551086426
11.938826560974121
12.146836280822754
12.21261978149414
11.556396484375
11.92844295501709
12.225769996643066
12.456982612609863
12.099482536315918
12.527697563171387
12.278879165649414
11.825906753540039
10.196172714233398
12.242012023925781
12.219797134399414
12.115195274353027
11.405173301696777
12.258356094360352
12.079237937927246
12.420175552368164
12.374488830566406
12.106746673583984
12.13039493560791
12.12879467010498
12.600072860717773
12.689652442932129
11.634623527526855
12.317780494689941
12.055330276489258
12.46614933013916
12.428059577941895
12.271780967712402
11.629666328430176
11.034100532531738
12.128352165222168
11.413636207580566
12.138830184936523
12.160609245300293
11.645917892456055
11.974162101745605
12.114456176757812
11.979031562805176
12.436588287353516
12.212471008300781
12.048623085021973
13.103339195251465
12.564114570617676
11.937947273254395
12.239446640014648
12.38484001159668
10.418866157531738
11.830968856811523
12.449641227722168
11.947648048400879
11.834449768066406
11.929244041442871
11.739890098571777
12.2403564453125
12.871850967407227
12.558103561401367
11.57142162322998
11.256745338439941
12.49898624420166
12.300238609313965
12.649849891662598
11.693933486938477
11.838164329528809
12.91193675994873
11.971942901611328
12.223831176757812
11.85832405090332
12.197477340698242
12.236791610717773
11.282808303833008
11.873425483703613
12.642928123474121
10.031572341918945
11.567789077758789
12.228279113769531
12.23273754119873
11.125886917114258
11.982427597045898
12.160649299621582
12.224554061889648
11.546977043151855
12.231237411499023
12.242266654968262
11.878558158874512
10.363733291625977
11.948982238769531
11.887158393859863
11.921640396118164
10.657471656799316
12.156233787536621
12.051942825317383
12.5846586227417
11.77769660949707
10.25304126739502
11.77407169342041
12.311851501464844
11.950654029846191
12.028909683227539
11.96278190612793
11.939616203308105
11.759255409240723
11.938323020935059
12.057330131530762
11.671517372131348
11.606117248535156
12.15401554107666
12.381431579589844
12.365328788757324
11.933965682983398
11.870356559753418
12.159303665161133
11.960205078125
12.525410652160645
11.8848295211792
11.461400032043457
10.276820182800293
11.803418159484863
12.081005096435547
11.705004692077637
12.00174617767334
11.925457000732422
12.162673950195312
11.526172637939453
12.255758285522461
12.431039810180664
12.056768417358398
11.5830659866333
11.050127983093262
11.89563274383545
11.952484130859375
12.327598571777344
11.98590087890625
12.478840827941895
11.711750030517578
12.205252647399902
12.629938125610352
11.608403205871582
11.768264770507812
13.096109390258789
10.598562240600586
12.43035888671875
10.068670272827148
12.224777221679688
11.9835205078125
12.078192710876465
11.624124526977539
11.680620193481445
11.892779350280762
12.041665077209473
12.284858703613281
11.877341270446777
12.452413558959961
12.081514358520508
10.173491477966309
11.768308639526367
12.507534980773926
11.5724458694458
12.742507934570312
11.823665618896484
12.285901069641113
12.163216590881348
12.099453926086426
11.231620788574219
11.092973709106445
12.292017936706543
11.823559761047363
11.851000785827637
12.157692909240723
12.519909858703613
12.324509620666504
11.166394233703613
11.627984046936035
11.95457935333252
11.843008995056152
10.708867073059082
12.138008117675781
12.089985847473145
11.805749893188477
11.965300559997559
12.141448020935059
11.752938270568848
12.1787109375
11.561680793762207
12.870777130126953
12.164953231811523
12.029272079467773
11.933977127075195
11.74711799621582
12.191532135009766
11.94581127166748
11.687652587890625
10.611345291137695
12.439987182617188
11.942917823791504
11.706304550170898
10.646097183227539
13.136565208435059
12.005775451660156
11.275578498840332
12.394448280334473
12.524795532226562
12.177762031555176
12.249698638916016
12.064176559448242
12.229071617126465
11.95158576965332
11.963659286499023
12.120118141174316
12.090301513671875
11.88859748840332
12.193914413452148
12.195001602172852
11.780695915222168
11.683218955993652
11.9779634475708
12.229957580566406
11.761260032653809
12.031736373901367
12.614458084106445
11.931794166564941
12.375377655029297
11.820549011230469
11.227984428405762
10.426758766174316
12.386226654052734
11.969427108764648
11.883639335632324
12.044842720031738
12.22060489654541
12.29725170135498
12.217635154724121
11.618303298950195
12.113900184631348
11.612777709960938
11.92393684387207
12.372381210327148
12.285006523132324
12.405601501464844
12.201587677001953
11.925434112548828
11.732858657836914
12.117476463317871
12.159467697143555
11.8447904586792
12.67205810546875
11.672616958618164
12.113057136535645
11.444581031799316
11.872305870056152
12.409980773925781
12.215758323669434
12.784401893615723
10.785222053527832
12.36796760559082
12.117050170898438
12.137141227722168
12.165412902832031
12.316089630126953
11.544841766357422
11.919758796691895
12.412135124206543
11.99517822265625
11.758548736572266
12.286470413208008
11.855325698852539
12.320544242858887
10.520792961120605
12.076690673828125
11.781383514404297
12.248641967773438
12.624343872070312
11.791967391967773
12.057804107666016
11.618538856506348
12.141356468200684
11.866961479187012
11.559717178344727
12.146780014038086
12.084060668945312
12.286738395690918
12.145665168762207
11.810959815979004
12.16382122039795
12.536109924316406
12.120091438293457
12.300023078918457
12.379966735839844
12.594255447387695
12.494002342224121
10.240625381469727
11.917621612548828
12.078168869018555
11.730655670166016
12.766191482543945
10.480887413024902
12.529346466064453
11.523469924926758
12.452306747436523
11.904160499572754
12.566888809204102
11.960648536682129
12.701801300048828
11.860963821411133
12.569646835327148
10.603450775146484
12.544098854064941
11.65971851348877
13.07938289642334
12.390698432922363
12.079605102539062
12.251565933227539
12.847373962402344
12.966397285461426
11.518369674682617
12.105956077575684
10.351335525512695
11.893155097961426
12.123455047607422
12.477209091186523
11.96438980102539
11.759176254272461
11.995471954345703
12.241177558898926
11.777952194213867
12.022517204284668
12.363424301147461
11.9501371383667
12.116596221923828
12.730955123901367
11.930319786071777
12.351213455200195
12.20424747467041
12.06256103515625
10.7955961227417
11.89699935913086
12.44327449798584
9.998574256896973
11.980806350708008
12.088372230529785
12.499701499938965
12.37055778503418
12.66080379486084
11.868376731872559
