185.44021606445312
181.7088623046875
189.557373046875
185.42124938964844
190.6321563720703
186.89346313476562
186.05088806152344
188.01780700683594
179.83926391601562
180.82106018066406
178.36827087402344
185.85324096679688
181.48587036132812
179.3262939453125
190.4434051513672
185.75390625
187.1315460205078
178.2111358642578
178.10092163085938
179.81005859375
180.7887725830078
179.89144897460938
182.85670471191406
182.39537048339844
183.0478057861328
176.7664031982422
182.51011657714844
175.681884765625
177.02487182617188
175.79518127441406
177.65347290039062
172.6383056640625
174.73892211914062
170.7677764892578
172.17555236816406
158.26063537597656
152.02987670898438
160.35568237304688
154.05332946777344
139.3600616455078
135.6953125
119.13934326171875
94.24165344238281
152.48277282714844
342.5729675292969
391.2311706542969
218.65377807617188
94.09953308105469
62.78471374511719
65.41139221191406
71.53445434570312
65.67430114746094
54.72894287109375
45.73866653442383
84.63219451904297
114.21117401123047
89.07283782958984
51.21208953857422
43.67180252075195
47.20424270629883
50.483177185058594
48.884918212890625
44.455963134765625
47.83275604248047
55.97299575805664
50.99645233154297
43.21877670288086
46.176124572753906
46.14478302001953
43.00088119506836
43.83903503417969
50.302616119384766
42.48905944824219
41.59363555908203
42.849449157714844
41.13376235961914
46.056182861328125
48.08523178100586
43.11219787597656
41.49538040161133
43.26200485229492
40.495609283447266
42.56620407104492
48.05107116699219
39.8638916015625
43.329708099365234
45.16606521606445
42.50415802001953
40.36098861694336
43.6557502746582
38.947532653808594
40.41010284423828
44.326385498046875
41.195255279541016
48.62364196777344
60.12010192871094
47.247676849365234
40.85302734375
39.981136322021484
40.023712158203125
47.13357162475586
48.927730560302734
40.70222473144531
45.65559387207031
47.1566047668457
45.28154754638672
39.543582916259766
52.631595611572266
77.75822448730469
68.95503234863281
41.743247985839844
46.146358489990234
47.295963287353516
49.55978012084961
42.33449172973633
50.232749938964844
67.70711517333984
52.31100082397461
40.35634994506836
47.059139251708984
54.16448974609375
51.02882766723633
43.79473876953125
54.56294631958008
109.72917938232422
89.03451538085938
50.00681686401367
41.079002380371094
45.41563415527344
41.542781829833984
44.497840881347656
45.116798400878906
41.03472900390625
46.6119270324707
45.193172454833984
41.83979034423828
42.45365524291992
46.505916595458984
40.8850212097168
42.58719253540039
42.24221420288086
40.76133728027344
46.39656448364258
52.202613830566406
45.86386489868164
41.24226379394531
42.88340377807617
39.683780670166016
47.021568298339844
50.73759841918945
42.02287673950195
44.1218376159668
47.90464782714844
44.99243927001953
39.67335891723633
42.19401550292969
40.96324157714844
43.07783508300781
44.05628967285156
41.23525619506836
49.53764724731445
66.4955062866211
47.768524169921875
41.29487609863281
41.04764175415039
40.114219665527344
47.831356048583984
48.96569061279297
41.46835708618164
44.644020080566406
50.84583282470703
44.38619613647461
39.932701110839844
51.98192596435547
67.05314636230469
47.581382751464844
41.6633186340332
41.57905960083008
40.1878662109375
43.296875
41.82778549194336
40.64894104003906
41.362422943115234
39.287052154541016
40.49815368652344
39.84560012817383
39.11420440673828
39.87395095825195
39.223915100097656
41.81631851196289
40.22902297973633
41.292755126953125
42.494659423828125
40.212154388427734
39.52385711669922
38.991363525390625
40.17435073852539
40.143951416015625
40.38648223876953
39.45917510986328
39.36616516113281
41.63388442993164
39.979522705078125
42.69593048095703
40.98192596435547
40.72499084472656
40.18756103515625
42.25447463989258
42.22601318359375
39.34593963623047
39.15394592285156
41.73313903808594
40.59977722167969
44.56585693359375
43.5408935546875
39.76420974731445
39.83692932128906
41.05754089355469
39.70314407348633
40.66067886352539
40.40876770019531
39.17983627319336
51.67706298828125
54.611820220947266
45.43751907348633
41.11149215698242
42.74955368041992
40.368324279785156
46.6640739440918
43.605995178222656
38.95277404785156
42.95061111450195
42.978519439697266
43.15345001220703
46.80107879638672
41.24428176879883
41.174476623535156
40.02939987182617
39.73661804199219
39.83899688720703
40.90309143066406
40.88075637817383
38.98400115966797
45.14846420288086
45.73931121826172
40.53603744506836
43.65412521362305
47.37455749511719
42.61833953857422
38.96848678588867
54.28974533081055
76.29901123046875
63.46863555908203
46.08592987060547
43.054561614990234
43.88981628417969
43.18918991088867
42.51450729370117
43.65550994873047
41.45050811767578
42.240299224853516
40.51177978515625
39.547950744628906
47.154788970947266
47.90766525268555
39.334712982177734
44.3250846862793
46.74557876586914
42.2805061340332
39.45295715332031
41.92938232421875
38.85708999633789
39.33987808227539
40.43302536010742
38.384151458740234
39.457191467285156
38.913089752197266
40.03184509277344
39.73930358886719
38.95699691772461
38.812252044677734
39.27897644042969
38.35255813598633
38.9783935546875
39.825294494628906
38.97382354736328
39.05283737182617
40.67363357543945
38.52922821044922
40.33612060546875
39.94504165649414
39.12156295776367
39.374149322509766
38.57955551147461
38.935386657714844
38.61161422729492
38.44232940673828
38.561676025390625
39.10971450805664
38.770809173583984
38.52605438232422
38.55641174316406
38.97128677368164
39.41932678222656
39.096073150634766
38.69255065917969
38.693843841552734
39.74959945678711
39.151519775390625
39.18104934692383
38.71812057495117
38.77205276489258
38.52890396118164
39.60334777832031
38.27729034423828
38.7061653137207
38.24014663696289
38.15541458129883
38.657779693603516
38.7812614440918
38.59879684448242
39.16352462768555
38.09156799316406
38.620479583740234
38.66218948364258
38.6375617980957
38.82241439819336
38.97581481933594
38.66348648071289
38.74921417236328
38.49507522583008
38.87739944458008
38.6792106628418
38.810997009277344
38.36349868774414
38.691898345947266
38.411224365234375
38.72038650512695
38.85429382324219
38.634151458740234
37.91460037231445
38.869041442871094
38.512962341308594
38.598758697509766
39.08684539794922
38.7123908996582
38.80033874511719
39.29743957519531
38.51315689086914
38.40531921386719
39.83485412597656
38.977210998535156
38.42549514770508
39.9096794128418
38.96530532836914
38.8494987487793
39.43816375732422
38.278587341308594
39.30675506591797
40.113895416259766
38.80633544921875
38.74592208862305
39.8967399597168
39.15748596191406
38.91937255859375
39.81985855102539
38.391204833984375
38.56389617919922
39.81023406982422
38.514339447021484
38.15718460083008
38.14546203613281
38.818504333496094
38.39022445678711
38.20487594604492
38.57108688354492
38.79847717285156
39.244754791259766
38.939231872558594
38.43235397338867
39.50493621826172
38.41249084472656
38.49101257324219
38.42753982543945
38.69670486450195
38.572452545166016
37.85136413574219
38.56581115722656
39.07648468017578
41.514015197753906
40.754215240478516
38.84088897705078
38.9404411315918
39.065284729003906
38.92061996459961
38.74299621582031
39.93038558959961
38.005802154541016
38.524662017822266
40.648956298828125
39.685909271240234
38.222084045410156
38.601444244384766
38.534759521484375
38.927947998046875
38.30043029785156
38.66108322143555
38.433712005615234
38.143009185791016
38.80487060546875
38.56388473510742
39.19544219970703
41.657928466796875
43.50895690917969
41.740211486816406
38.80343246459961
38.89408493041992
39.97391128540039
40.64558410644531
39.01568603515625
38.82026672363281
40.16967010498047
40.20541000366211
37.8252067565918
40.215171813964844
40.41730880737305
41.72124099731445
40.0875244140625
38.608978271484375
39.33872985839844
39.39175796508789
38.6329345703125
40.62995147705078
39.57584762573242
42.9694938659668
38.784027099609375
39.04179000854492
39.682220458984375
39.713279724121094
38.516624450683594
39.44294738769531
40.554283142089844
38.60310745239258
38.48075866699219
38.58977508544922
38.1895751953125
38.60470962524414
38.589317321777344
38.317710876464844
38.39636993408203
38.47087478637695
38.920101165771484
38.64645004272461
38.58384323120117
38.81052780151367
39.25135040283203
38.53791809082031
38.999603271484375
39.26107406616211
38.9177131652832
38.72589111328125
39.02558517456055
38.73241424560547
38.127098083496094
39.228424072265625
38.84955978393555
38.76170349121094
38.656288146972656
39.31165313720703
39.068092346191406
38.95707702636719
39.11521530151367
38.47203826904297
38.328094482421875
38.93694305419922
39.1401481628418
38.348087310791016
40.28973388671875
40.09377670288086
40.09004592895508
38.005558013916016
39.45411682128906
40.64663314819336
39.72289276123047
39.15159225463867
38.67092514038086
39.086822509765625
38.75749969482422
38.67684555053711
39.492069244384766
40.71723937988281
39.99042510986328
38.53901672363281
38.639930725097656
40.747615814208984
39.423423767089844
38.2122688293457
38.56825256347656
40.023597717285156
40.30573272705078
39.32624053955078
38.636714935302734
39.09703826904297
39.406158447265625
38.37883377075195
38.75765609741211
38.67765426635742
38.6892204284668
38.53535461425781
38.593040466308594
38.586666107177734
38.42014694213867
38.37399673461914
38.38949966430664
37.99271011352539
38.71034622192383
37.712074279785156
38.596343994140625
38.207298278808594
38.038299560546875
38.25296401977539
37.95178985595703
38.58945846557617
38.500431060791016
38.73183822631836
38.26190185546875
38.258445739746094
38.559173583984375
38.678741455078125
38.706424713134766
39.50408935546875
38.61916732788086
40.05497741699219
41.3475456237793
41.47124099731445
39.25931930541992
38.22003936767578
38.81852722167969
39.90355682373047
38.386688232421875
38.674434661865234
38.94614028930664
38.85306167602539
37.93415832519531
38.602622985839844
38.347225189208984
38.76726150512695
38.88548278808594
38.41318130493164
37.78007507324219
39.5160026550293
38.40145492553711
38.917449951171875
38.62529373168945
38.91061019897461
38.29731369018555
38.19351577758789
38.384613037109375
38.48866271972656
38.11061096191406
38.60822677612305
39.01409912109375
38.31606674194336
39.196712493896484
39.49659729003906
37.92273712158203
37.92514419555664
37.97829055786133
38.6159553527832
38.73093795776367
38.5057258605957
37.878326416015625
40.07291793823242
42.02127456665039
40.67958450317383
39.61627960205078
38.513362884521484
38.97575759887695
38.99409103393555
39.15610885620117
38.8979606628418
38.56965255737305
38.61540985107422
38.25547790527344
38.48300552368164
39.652252197265625
38.26982879638672
37.84855651855469
38.534053802490234
38.20344161987305
38.39699935913086
38.66929626464844
38.397064208984375
38.4935417175293
39.07526397705078
38.45681381225586
38.38093948364258
38.14189910888672
37.74261474609375
38.327537536621094
38.6652946472168
39.12165832519531
39.959590911865234
39.402870178222656
39.00055694580078
37.753726959228516
40.653526306152344
40.13022994995117
38.54866027832031
38.67290115356445
38.59465408325195
39.69340133666992
39.188594818115234
38.450801849365234
38.670963287353516
39.93683624267578
39.06854248046875
38.39830017089844
38.541961669921875
38.79314041137695
38.960121154785156
38.93679428100586
37.97262954711914
38.74404525756836
38.35224151611328
38.46841049194336
39.13218307495117
38.068031311035156
38.77369689941406
38.38800811767578
38.74738311767578
38.417762756347656
38.1937255859375
39.921875
40.155147552490234
40.2216796875
39.00419616699219
38.834320068359375
38.585391998291016
39.53307342529297
39.42829132080078
39.24209976196289
38.05253982543945
39.12270736694336
40.45967483520508
40.66297912597656
40.045021057128906
38.157161712646484
38.31222915649414
39.88572692871094
44.7490348815918
43.98790740966797
42.35573959350586
41.16375732421875
39.22013473510742
39.38334274291992
40.73015594482422
40.279869079589844
41.124332427978516
39.74278259277344
38.71803283691406
39.653812408447266
39.63161849975586
39.2963981628418
38.53908157348633
38.17756652832031
39.57412338256836
38.417755126953125
38.299320220947266
38.631927490234375
38.65766906738281
38.53432846069336
38.15476989746094
38.28959655761719
38.40361404418945
37.71770095825195
38.42692184448242
38.0266227722168
38.35292434692383
38.15973663330078
38.271217346191406
38.3023796081543
38.751953125
38.19950485229492
37.93150329589844
38.36503219604492
37.785003662109375
38.86448287963867
38.439754486083984
38.11566162109375
38.58235168457031
38.37998962402344
38.74860382080078
38.79445266723633
38.500186920166016
38.70648956298828
38.072940826416016
38.43049240112305
38.518287658691406
39.07790756225586
39.44453811645508
38.832542419433594
38.66017150878906
38.194427490234375
38.73906707763672
39.033084869384766
38.448123931884766
38.602657318115234
37.56383514404297
38.95830154418945
39.23276901245117
38.970916748046875
38.710975646972656
39.10066223144531
38.97261428833008
38.95627212524414
37.4117546081543
38.51000213623047
38.31394958496094
39.3773078918457
38.22438430786133
38.457767486572266
38.656490325927734
38.214134216308594
38.293487548828125
38.592105865478516
38.3027458190918
37.97950744628906
38.30964660644531
37.985313415527344
38.183128356933594
38.324554443359375
38.9143180847168
38.62932205200195
38.41115188598633
38.67204284667969
38.23691177368164
39.00320816040039
38.3814697265625
38.80232238769531
38.31295394897461
38.27021408081055
38.529762268066406
38.170955657958984
38.48638153076172
38.8535270690918
38.537315368652344
38.82066345214844
38.84243392944336
38.74399948120117
38.33778381347656
38.702945709228516
38.99339294433594
38.58839416503906
38.48471450805664
37.860416412353516
38.40156555175781
38.82259750366211
39.45793151855469
38.63652038574219
38.358177185058594
38.09423828125
38.852359771728516
38.226219177246094
38.50239181518555
38.6728630065918
38.28450012207031
38.049468994140625
38.25016784667969
38.3124885559082
38.48392868041992
38.487754821777344
38.42780685424805
38.67007827758789
38.34992980957031
38.428924560546875
38.287353515625
37.92424392700195
38.82256317138672
38.2906608581543
38.309852600097656
38.748653411865234
39.08099365234375
38.35982131958008
38.37089157104492
38.36960983276367
38.31536865234375
38.306793212890625
38.32829666137695
39.180423736572266
38.10795593261719
38.52439880371094
38.141788482666016
38.247440338134766
38.10971450805664
38.18511962890625
38.448673248291016
37.978485107421875
37.682594299316406
38.09040069580078
38.27069091796875
38.451820373535156
37.78628921508789
38.3759880065918
38.61983108520508
38.23375701904297
38.37848663330078
38.34640884399414
38.608638763427734
38.4846305847168
38.29136657714844
38.17070388793945
38.445823669433594
38.107059478759766
38.41655731201172
38.32383346557617
38.15597152709961
38.53773880004883
38.23343276977539
38.210914611816406
38.246944427490234
38.99953079223633
38.68783950805664
38.35319519042969
38.70070266723633
38.36184310913086
39.17535400390625
38.285179138183594
37.94416046142578
38.401180267333984
39.03554153442383
38.91224670410156
38.87546157836914
37.7838020324707
38.723751068115234
38.70092010498047
38.32974624633789
39.1150016784668
38.24533462524414
39.17971420288086
37.88692855834961
38.24625778198242
38.44976043701172
38.51020812988281
38.21748352050781
38.11963653564453
38.921669006347656
38.4589958190918
38.48480987548828
38.351768493652344
38.02108383178711
39.27553176879883
38.61923599243164
38.32724380493164
38.559112548828125
38.756771087646484
38.809112548828125
38.521209716796875
38.15541076660156
38.966064453125
38.195980072021484
38.638309478759766
38.7121696472168
38.56804656982422
38.02642822265625
38.5112190246582
38.59729766845703
39.12091064453125
38.73929214477539
38.068233489990234
38.947872161865234
38.52934646606445
38.875240325927734
37.943180084228516
38.52996826171875
39.10927963256836
38.9081916809082
38.692447662353516
38.242942810058594
38.529571533203125
39.08905029296875
38.98163986206055
38.40961837768555
38.67154312133789
38.18687438964844
38.487632751464844
38.179725646972656
38.854896545410156
39.31797790527344
38.63624954223633
38.73543930053711
38.44656753540039
37.97385787963867
38.16322326660156
38.32856369018555
37.934452056884766
38.69476318359375
38.49920654296875
38.84511184692383
37.762630462646484
37.710060119628906
38.077056884765625
37.931156158447266
38.78483200073242
38.9881477355957
38.553428649902344
38.424278259277344
38.35411071777344
38.492454528808594
37.92285919189453
38.536216735839844
38.146976470947266
38.790130615234375
37.90920639038086
37.87260818481445
38.60422134399414
38.390045166015625
38.656333923339844
38.05133819580078
38.513465881347656
37.8817138671875
38.60371017456055
38.30331039428711
38.72286605834961
38.36372375488281
38.16929626464844
38.610321044921875
38.552574157714844
38.091835021972656
38.12508773803711
38.128509521484375
38.826934814453125
38.79631042480469
38.090423583984375
38.46835708618164
38.55326843261719
38.06720733642578
37.596649169921875
38.37229919433594
38.16189193725586
38.77717590332031
38.99260711669922
39.36058807373047
38.6626091003418
38.401161193847656
38.08635711669922
37.591026306152344
38.356117248535156
38.501319885253906
38.24659729003906
38.23511505126953
38.25737380981445
39.207298278808594
39.46059799194336
38.28353500366211
38.90839385986328
37.93443298339844
38.413326263427734
38.50944519042969
38.63351058959961
39.1364631652832
38.56792449951172
38.421119689941406
38.246124267578125
38.469268798828125
38.738033294677734
38.400177001953125
38.18241500854492
38.25260925292969
38.55647659301758
38.14690017700195
38.109806060791016
38.26803207397461
38.43455505371094
38.32086944580078
38.99904251098633
38.336280822753906
38.678401947021484
38.3416748046875
38.14389419555664
38.71498107910156
38.31367874145508
38.15754318237305
38.372894287109375
38.23993682861328
38.57866287231445
38.67580032348633
38.61463928222656
38.25829315185547
38.429019927978516
38.133392333984375
38.30393981933594
38.28995895385742
37.983272552490234
37.94180679321289
38.73472213745117
38.57331848144531
38.33860778808594
39.200531005859375
38.56433868408203
38.67275619506836
38.2986946105957
38.253440856933594
38.46973419189453
38.14955139160156
38.54823303222656
38.09138488769531
38.1738166809082
38.720314025878906
38.30595397949219
38.73921203613281
38.13364028930664
37.96510696411133
38.54727554321289
38.88782501220703
38.49190902709961
38.543853759765625
38.18885803222656
38.60658645629883
39.0879020690918
38.32844924926758
38.16220474243164
38.164974212646484
38.69816589355469
38.34340286254883
38.08776092529297
38.613380432128906
38.3731803894043
38.24465560913086
37.729122161865234
38.057674407958984
38.66304016113281
38.23107147216797
39.4089241027832
38.05261993408203
38.33113098144531
38.308650970458984
38.58758544921875
38.358707427978516
38.20519256591797
38.42938232421875
38.33724594116211
38.21271514892578
38.322853088378906
38.14377212524414
37.84614944458008
39.248348236083984
37.94574737548828
38.380062103271484
38.63251495361328
38.68805694580078
38.29817199707031
38.44091033935547
38.38551712036133
38.54143142700195
38.3752326965332
38.23012924194336
38.621551513671875
38.41133499145508
38.27631759643555
38.461585998535156
38.746742248535156
37.29466247558594
38.2100830078125
37.93098068237305
38.62255096435547
38.25959396362305
37.74898910522461
38.642356872558594
38.21708297729492
37.94942092895508
38.47531509399414
38.55419158935547
38.39158248901367
38.318763732910156
38.80223083496094
38.647003173828125
38.46041488647461
38.30743408203125
37.959537506103516
38.35883331298828
37.976295471191406
38.371437072753906
38.15439987182617
37.860626220703125
38.518310546875
38.84779357910156
38.623958587646484
38.30308151245117
38.07005310058594
38.309261322021484
38.39256286621094
38.51774597167969
37.72599792480469
38.3684196472168
38.713722229003906
38.275814056396484
37.510196685791016
38.449913024902344
38.23084259033203
37.7567253112793
38.42453384399414
38.154701232910156
38.80036163330078
38.00005340576172
38.038028717041016
37.8018913269043
38.038246154785156
38.06328582763672
38.46018981933594
38.33222961425781
39.19920349121094
38.35995864868164
38.15402603149414
39.14439010620117
38.5468635559082
38.33229064941406
38.740333557128906
38.608028411865234
38.35948181152344
38.15684509277344
38.60890579223633
38.30289840698242
38.02702713012695
37.80747985839844
38.14141082763672
38.19578170776367
38.33161926269531
38.114437103271484
38.86930847167969
38.393089294433594
38.54059982299805
38.489463806152344
38.25608825683594
38.39853286743164
37.96536636352539
38.440887451171875
37.85593795776367
38.4900016784668
37.74079513549805
38.22932434082031
38.494598388671875
38.31192398071289
37.817359924316406
38.74066925048828
38.814056396484375
38.287715911865234
38.64330291748047
38.31901931762695
38.695701599121094
38.448394775390625
38.70333480834961
38.09178161621094
37.82884979248047
37.78561782836914
38.464683532714844
38.21155548095703
38.6502571105957
38.28391647338867
38.42919921875
38.11085510253906
38.61459732055664
38.11514663696289
38.447776794433594
38.00969314575195
38.618709564208984
38.48185348510742
39.03893280029297
38.58024215698242
38.29209899902344
37.94816589355469
38.11934280395508
38.42216491699219
38.737892150878906
38.405433654785156
38.059814453125
38.39269256591797
38.2147216796875
38.72470474243164
38.40921401977539
38.380924224853516
38.258216857910156
39.11233901977539
38.256065368652344
38.265052795410156
38.438568115234375
38.263389587402344
39.07319259643555
37.718379974365234
37.921470642089844
38.61508560180664
38.423309326171875
37.99199676513672
38.019775390625
37.9706916809082
37.91184616088867
38.53459930419922
37.54240036010742
38.11873245239258
38.3911018371582
38.24115753173828
38.14884948730469
38.288455963134766
38.10273742675781
38.20042419433594
38.83291244506836
38.64719772338867
38.095584869384766
38.53852462768555
38.26881408691406
37.921661376953125
38.079063415527344
38.24635314941406
37.87528610229492
38.2869758605957
38.076290130615234
38.06664276123047
37.55216979980469
38.85317611694336
38.07246780395508
38.64200210571289
38.422584533691406
38.71018600463867
38.729156494140625
37.9138069152832
38.498714447021484
38.24439239501953
38.746009826660156
38.261260986328125
38.3889274597168
38.207298278808594
38.07417297363281
38.07239532470703
37.89452362060547
38.65138244628906
37.983707427978516
37.32709884643555
38.409549713134766
39.02649688720703
37.738975524902344
38.87581253051758
38.583518981933594
39.11716079711914
38.78997802734375
38.4057502746582
37.710792541503906
37.97089385986328
38.45338821411133
38.59208297729492
38.18334197998047
38.30224609375
38.20159149169922
38.536773681640625
38.27473449707031
38.00174331665039
37.95685958862305
38.601253509521484
38.26322937011719
37.99696731567383
37.90999221801758
38.308570861816406
38.269615173339844
38.8961181640625
38.31652069091797
37.81149673461914
38.58503723144531
38.27748489379883
38.58122253417969
38.10271072387695
38.70396423339844
38.05308532714844
38.21738815307617
38.47466278076172
38.206199645996094
38.53190612792969
38.28701400756836
38.16835021972656
38.3349723815918
38.16193389892578
38.03499984741211
38.35506057739258
38.056636810302734
38.548526763916016
38.29779815673828
38.36224365234375
37.79591751098633
38.062721252441406
38.699337005615234
38.61855697631836
38.18267059326172
37.970252990722656
38.68178176879883
38.62734603881836
38.21710968017578
38.16701889038086
38.48567199707031
38.172019958496094
38.24153518676758
37.97102737426758
38.62796401977539
38.30006408691406
37.730072021484375
38.51542663574219
38.19970703125
37.9366455078125
38.6838493347168
38.85242462158203
38.47247314453125
38.57857894897461
37.980682373046875
38.711204528808594
38.189170837402344
38.57915115356445
37.84379577636719
37.61185073852539
38.699920654296875
38.105716705322266
38.65328598022461
37.797630310058594
38.438819885253906
38.19795608520508
38.16169357299805
37.823997497558594
37.587669372558594
38.036407470703125
38.626121520996094
38.41386032104492
38.802024841308594
37.74065399169922
38.07455062866211
38.04758834838867
38.62141036987305
38.472618103027344
38.19768524169922
38.40400314331055
38.14975357055664
38.4817008972168
37.310794830322266
38.90238571166992
38.66061019897461
38.328819274902344
38.40766143798828
38.234073638916016
38.30510711669922
38.390464782714844
38.699867248535156
38.52845764160156
38.06591033935547
37.823211669921875
38.20468521118164
37.50743103027344
38.29581832885742
38.72084426879883
38.3896369934082
38.0985107421875
37.98173522949219
37.83637237548828
38.53522872924805
38.384674072265625
38.281471252441406
38.647212982177734
38.02238082885742
38.798038482666016
39.40256118774414
38.471073150634766
37.3509407043457
39.05778503417969
38.95476531982422
38.0771598815918
37.665687561035156
38.359352111816406
38.15583419799805
38.281429290771484
38.216312408447266
38.35308074951172
38.2645263671875
37.8889045715332
38.72359085083008
38.17757797241211
37.76742172241211
37.593666076660156
37.78192901611328
38.149715423583984
38.389530181884766
38.08140563964844
38.205078125
38.82969665527344
38.12518310546875
38.61577606201172
38.42965316772461
38.800228118896484
38.9232292175293
38.589046478271484
38.2188606262207
38.52238464355469
38.36638259887695
38.28898239135742
38.182411193847656
38.06243133544922
38.54256820678711
38.33701705932617
37.93930435180664
38.287445068359375
38.18434524536133
37.978851318359375
38.46637725830078
38.229190826416016
38.70374298095703
37.97659683227539
38.452632904052734
38.66669845581055
38.10433578491211
38.42507553100586
38.149227142333984
38.0402946472168
38.31148147583008
37.72509765625
38.49845504760742
37.975921630859375
38.48432159423828
38.42042922973633
38.3867301940918
38.42972946166992
38.178653717041016
38.72161865234375
38.32423782348633
38.078311920166016
38.93795394897461
38.38765335083008
38.397518157958984
38.26570510864258
38.345584869384766
38.36385726928711
38.25814437866211
37.85068130493164
38.05464172363281
38.589759826660156
37.51601028442383
38.21013641357422
37.77631759643555
37.87918472290039
38.397823333740234
38.211204528808594
38.37418746948242
38.20861053466797
38.17006301879883
38.06752395629883
38.273983001708984
38.30577087402344
38.07516860961914
37.887535095214844
37.81840896606445
38.1656494140625
38.29325485229492
38.52605056762695
37.84386444091797
38.38238525390625
38.26460647583008
37.915035247802734
38.246952056884766
38.168155670166016
38.255985260009766
38.439823150634766
38.39295196533203
38.31064987182617
38.27218246459961
38.3317985534668
38.37066650390625
38.20319747924805
38.43728256225586
38.1429557800293
38.29841232299805
38.574581146240234
38.632930755615234
38.46546936035156
38.79520797729492
38.80958557128906
38.53717803955078
38.31812286376953
38.333988189697266
38.44814682006836
38.14623260498047
38.54685974121094
38.212745666503906
37.36703109741211
38.29999923706055
38.18275451660156
38.19439697265625
38.42768478393555
38.33219909667969
38.534156799316406
38.77471160888672
38.35837173461914
38.508358001708984
38.222129821777344
37.89399719238281
38.428497314453125
38.16062545776367
37.911705017089844
38.62824249267578
38.196834564208984
38.40384292602539
38.29620361328125
38.27490234375
38.36970901489258
38.59918975830078
38.476219177246094
37.78989028930664
37.99974822998047
38.21303939819336
38.43413162231445
37.728858947753906
38.292415618896484
38.098575592041016
38.110591888427734
37.967437744140625
38.13251876831055
38.48919677734375
38.286190032958984
38.039615631103516
38.16654586791992
38.38367462158203
37.90865707397461
38.17454528808594
38.17379379272461
37.9707145690918
38.0137939453125
38.2318115234375
38.06633377075195
38.47246170043945
38.69060134887695
38.46944808959961
37.97776412963867
38.264381408691406
38.240577697753906
38.20121383666992
38.17280960083008
37.88656997680664
38.23825454711914
38.331974029541016
38.460174560546875
38.64210510253906
38.337188720703125
38.390193939208984
37.87814712524414
38.02833938598633
38.36771774291992
38.02971267700195
37.9373779296875
38.34068298339844
38.08348083496094
38.51171875
38.17985153198242
38.311973571777344
38.06796646118164
37.90386199951172
38.530487060546875
38.34206008911133
38.31550979614258
37.93689727783203
38.46467208862305
38.400333404541016
38.143795013427734
38.859188079833984
37.26327133178711
38.37245178222656
39.31747817993164
38.2686882019043
38.08476638793945
37.78660583496094
38.251346588134766
38.2706413269043
38.348365783691406
38.07516098022461
37.97671127319336
38.419769287109375
38.521446228027344
37.8582763671875
38.224578857421875
38.110198974609375
38.302005767822266
38.56844711303711
38.635162353515625
38.49727249145508
37.987369537353516
37.65928268432617
38.13665008544922
38.339691162109375
37.67226791381836
38.29623794555664
37.9106330871582
37.768184661865234
38.00895309448242
37.930084228515625
38.54829025268555
38.438201904296875
38.303672790527344
38.22084045410156
37.866249084472656
38.39056396484375
38.36145782470703
38.40385437011719
37.759613037109375
38.39513397216797
38.581783294677734
37.76241683959961
37.64243698120117
38.28421401977539
38.30799865722656
38.44340896606445
38.102691650390625
38.009883880615234
38.418296813964844
38.2410888671875
37.75526809692383
38.15993118286133
37.761783599853516
38.31663131713867
39.22304916381836
38.545230865478516
38.17597198486328
38.12944412231445
38.35797119140625
38.29481506347656
38.358245849609375
38.19379806518555
37.838706970214844
38.418697357177734
37.39841842651367
38.214359283447266
38.660400390625
38.45283889770508
39.044559478759766
38.34034729003906
38.151397705078125
38.498130798339844
37.90296936035156
38.18800735473633
38.762840270996094
38.272579193115234
38.07053756713867
38.018653869628906
37.997886657714844
38.146820068359375
38.43171691894531
37.5119743347168
38.06209945678711
38.07596969604492
38.666297912597656
38.0869140625
38.19180679321289
38.650115966796875
38.03975296020508
38.150848388671875
38.2701416015625
38.56504440307617
38.32142639160156
38.43295669555664
37.823463439941406
37.785587310791016
38.1475715637207
37.98705291748047
38.15854263305664
38.11563491821289
37.56616973876953
38.71253204345703
38.22935104370117
38.32213592529297
38.521053314208984
38.349369049072266
38.185523986816406
38.31121826171875
37.91612243652344
37.74301528930664
38.09214401245117
37.749263763427734
38.10780334472656
37.623741149902344
38.3137092590332
38.49382019042969
38.38957214355469
38.540916442871094
37.264671325683594
37.62923049926758
38.567955017089844
38.288753509521484
38.27157211303711
37.867591857910156
38.17313003540039
38.45384979248047
38.41460418701172
37.98191452026367
38.68455505371094
38.35041427612305
38.05312728881836
38.51026153564453
37.73833465576172
38.37128829956055
38.18147277832031
38.28327178955078
37.78483963012695
38.04107666015625
37.681976318359375
38.372535705566406
38.98897933959961
38.482112884521484
38.01042556762695
38.144859313964844
38.151573181152344
38.135047912597656
38.15060043334961
38.07772445678711
38.05840301513672
38.23801803588867
38.25556182861328
38.239994049072266
38.432071685791016
38.0084114074707
38.067710876464844
38.35886764526367
38.319366455078125
38.25226974487305
38.36843490600586
38.16012954711914
38.27803421020508
38.48310852050781
38.1610107421875
38.3474235534668
37.826175689697266
38.1121711730957
38.248905181884766
38.38944625854492
37.91215896606445
38.11206817626953
38.2807731628418
37.863582611083984
38.48617172241211
38.20305252075195
38.27205276489258
38.05948257446289
38.292320251464844
38.2747688293457
38.309688568115234
37.981201171875
38.02047348022461
38.577392578125
38.40999221801758
37.990638732910156
38.03289031982422
38.13694763183594
38.31769943237305
38.016685485839844
37.574806213378906
38.2569465637207
38.069732666015625
38.02848815917969
38.607757568359375
38.35437774658203
37.997764587402344
38.338417053222656
38.20600128173828
38.17174530029297
38.251380920410156
37.562095642089844
37.81163787841797
37.56159591674805
37.676944732666016
38.483524322509766
38.53219223022461
38.45694351196289
38.53586959838867
38.50360107421875
38.76054000854492
38.447120666503906
38.29780197143555
38.72901153564453
38.39007568359375
38.3054084777832
38.27875900268555
38.31736755371094
38.61125564575195
38.02628707885742
38.48258590698242
38.19364547729492
38.285980224609375
38.025856018066406
38.233638763427734
38.0341682434082
38.151763916015625
38.082523345947266
38.067909240722656
38.05281448364258
38.25396728515625
38.146217346191406
38.01734924316406
38.317161560058594
38.16358947753906
38.08168029785156
38.36174774169922
38.153602600097656
37.91239929199219
37.9650993347168
38.32012939453125
38.59831619262695
37.97549819946289
38.479286193847656
37.686222076416016
38.32170486450195
38.258750915527344
37.79262161254883
37.49736785888672
38.267581939697266
38.1918830871582
37.89702606201172
38.537784576416016
38.219058990478516
38.159358978271484
38.64363479614258
38.05177307128906
38.01835632324219
38.21202087402344
38.335472106933594
37.97423553466797
38.5286750793457
38.041725158691406
37.88188171386719
38.485069274902344
38.069576263427734
38.26274871826172
38.57767105102539
38.0286865234375
38.20329284667969
38.71571731567383
38.08865737915039
38.60503005981445
37.909793853759766
37.673370361328125
38.74555587768555
37.91835403442383
38.391117095947266
38.683902740478516
38.23007583618164
38.30473709106445
38.38370895385742
38.554412841796875
38.45883560180664
38.13526153564453
38.34196853637695
38.18790817260742
38.36357116699219
38.047523498535156
