94.14826202392578
98.28157043457031
106.34479522705078
107.98151397705078
116.22869110107422
108.82982635498047
116.02711486816406
110.20580291748047
114.57755279541016
95.51981353759766
129.91563415527344
108.7089614868164
123.52032470703125
121.43909454345703
120.8133316040039
121.88032531738281
115.14847564697266
126.6429672241211
144.3619842529297
140.89845275878906
136.23797607421875
141.15455627441406
150.09901428222656
143.23648071289062
153.69161987304688
164.97068786621094
163.2687530517578
158.26722717285156
170.4846649169922
173.6093292236328
180.3094024658203
205.38868713378906
181.61329650878906
195.43539428710938
215.18109130859375
208.37294006347656
195.80894470214844
200.3697509765625
234.23934936523438
233.45716857910156
250.4813690185547
288.1783142089844
316.64990234375
321.80682373046875
284.59344482421875
248.43212890625
185.337890625
197.01600646972656
106.07015228271484
97.52725219726562
62.66069412231445
51.11996078491211
110.35501861572266
173.69088745117188
200.16770935058594
103.69705200195312
78.7512435913086
82.54737854003906
123.32950592041016
92.69195556640625
76.27781677246094
143.89178466796875
163.34913635253906
138.0586700439453
132.00367736816406
68.83100128173828
59.56541442871094
80.53697967529297
34.67539978027344
61.25651931762695
25.203598022460938
65.85060119628906
81.87570190429688
142.38919067382812
38.395450592041016
67.71185302734375
155.05706787109375
201.02700805664062
179.84475708007812
39.18045425415039
63.71756362915039
605.9783935546875
905.3818359375
740.5847778320312
311.494140625
60.64951705932617
116.25529479980469
136.46734619140625
161.3844451904297
43.10088348388672
154.4100799560547
39.042598724365234
46.870140075683594
578.9024047851562
406.8445129394531
391.927490234375
110.61849975585938
106.20329284667969
150.57058715820312
135.93492126464844
121.46662902832031
46.76649475097656
60.3209114074707
72.16162872314453
66.552490234375
107.30663299560547
132.35047912597656
117.82499694824219
114.94595336914062
92.14366912841797
79.06884002685547
25.09196662902832
110.20072174072266
72.3388900756836
121.10194396972656
45.40108871459961
54.17848205566406
208.7050323486328
474.436279296875
103.81755828857422
34.54892349243164
31.4373836517334
58.01689910888672
60.04343795776367
54.8848876953125
102.57393646240234
34.830902099609375
27.247220993041992
50.347904205322266
159.7939910888672
69.56427001953125
53.8465690612793
35.467899322509766
81.0505599975586
83.31018829345703
72.96321868896484
80.66567993164062
32.93952178955078
101.2660903930664
121.91204833984375
80.31329345703125
45.7989501953125
56.971351623535156
28.324932098388672
17.858436584472656
38.096229553222656
24.733978271484375
28.62981414794922
58.61087417602539
23.491987228393555
31.980634689331055
58.25202941894531
51.70478439331055
21.693111419677734
36.00146484375
22.945178985595703
28.17430877685547
102.38166046142578
81.49516296386719
39.73326873779297
25.576190948486328
38.38877868652344
19.95309829711914
63.8117561340332
24.145761489868164
33.1059455871582
88.91309356689453
23.698959350585938
13.866250991821289
43.96574783325195
23.027271270751953
28.350997924804688
41.445037841796875
14.653564453125
46.63332748413086
24.469390869140625
20.8465576171875
26.24726104736328
18.781320571899414
18.290611267089844
64.38864135742188
29.44466209411621
46.33920669555664
26.423297882080078
18.738937377929688
62.138702392578125
42.892723083496094
129.84088134765625
35.220367431640625
26.499452590942383
25.104066848754883
15.966732025146484
20.94023323059082
32.17935562133789
41.790218353271484
29.26590347290039
28.64142608642578
42.942386627197266
16.10720443725586
38.66117858886719
16.2202091217041
15.193963050842285
64.07784271240234
45.43366241455078
19.58695411682129
18.030406951904297
41.18412399291992
66.83325958251953
28.750045776367188
21.41646385192871
31.137784957885742
76.09695434570312
67.36236572265625
68.51069641113281
47.10871124267578
36.729888916015625
30.64081573486328
49.12548065185547
48.835872650146484
36.55918502807617
26.696338653564453
20.096540451049805
17.264514923095703
44.22467803955078
29.88483428955078
29.90311622619629
75.82209777832031
27.425512313842773
18.200471878051758
22.995662689208984
36.27709197998047
15.207968711853027
22.15415382385254
20.730764389038086
27.55531120300293
17.11943817138672
22.01136016845703
20.70115852355957
34.94023132324219
52.29296875
26.62228775024414
23.206649780273438
40.54622268676758
44.63052749633789
63.91745376586914
16.007150650024414
16.919034957885742
12.633110046386719
12.812053680419922
36.16973114013672
37.451053619384766
31.927431106567383
29.283864974975586
26.799442291259766
63.33669662475586
24.57270622253418
45.349544525146484
14.94212532043457
16.98011589050293
36.20655822753906
11.614907264709473
15.888287544250488
25.862960815429688
12.547115325927734
21.681663513183594
11.613609313964844
31.154130935668945
25.8380126953125
25.735275268554688
60.39653015136719
40.447959899902344
15.551789283752441
18.93508529663086
10.389664649963379
49.10398864746094
105.9731216430664
47.8857536315918
26.852327346801758
16.006912231445312
18.542713165283203
21.055078506469727
39.39675521850586
46.251686096191406
20.93256187438965
28.4954833984375
20.59058952331543
22.234962463378906
37.23759078979492
41.253360748291016
48.56857681274414
48.88807678222656
40.371883392333984
13.819866180419922
7.2967329025268555
44.874839782714844
40.18992233276367
32.86868667602539
34.95509719848633
31.693119049072266
16.58716583251953
21.326942443847656
14.787125587463379
17.39409828186035
20.8575496673584
13.28791332244873
11.454696655273438
26.805681228637695
29.50337028503418
32.75529861450195
14.630929946899414
25.859607696533203
9.428810119628906
11.607461929321289
9.744397163391113
12.278675079345703
39.08030700683594
17.209726333618164
20.29334831237793
20.174673080444336
19.210575103759766
12.493741989135742
8.600533485412598
24.995119094848633
27.84122657775879
19.124526977539062
13.773487091064453
8.094279289245605
17.998607635498047
28.09113121032715
27.59247398376465
19.46521759033203
16.242382049560547
21.484224319458008
13.931493759155273
14.646531105041504
13.510443687438965
37.75632858276367
15.001174926757812
18.00359344482422
29.656665802001953
12.444939613342285
11.896347999572754
36.99269485473633
25.177734375
17.06865119934082
12.564643859863281
15.582098960876465
25.405359268188477
16.538415908813477
13.542890548706055
9.532061576843262
14.615236282348633
8.354598045349121
25.454360961914062
13.927244186401367
12.711400985717773
13.40459156036377
8.5142183303833
9.046210289001465
19.91667366027832
21.663352966308594
21.284242630004883
26.137409210205078
16.251283645629883
34.848846435546875
14.684515953063965
10.84893798828125
13.723109245300293
11.132749557495117
13.864679336547852
13.86450481414795
9.905624389648438
6.054464340209961
4.6197919845581055
6.58369779586792
11.438488960266113
11.813087463378906
18.617616653442383
19.659914016723633
22.308429718017578
10.996429443359375
17.255294799804688
4.141480922698975
18.35343360900879
16.964879989624023
11.496271133422852
7.39458703994751
11.682516098022461
28.941184997558594
30.133577346801758
28.644075393676758
22.7762508392334
17.56020736694336
7.070564270019531
10.891077995300293
24.02368927001953
20.111621856689453
13.408493995666504
32.56852340698242
32.12858200073242
15.686434745788574
31.31512451171875
17.502824783325195
7.602820873260498
8.725947380065918
6.956271171569824
9.600465774536133
11.806875228881836
9.736333847045898
33.14973449707031
24.71187973022461
35.21683120727539
47.32709884643555
22.119464874267578
8.901647567749023
21.298965454101562
25.329683303833008
13.925142288208008
26.667451858520508
27.401851654052734
8.683308601379395
30.963912963867188
9.004793167114258
14.764397621154785
22.684358596801758
21.578170776367188
9.635794639587402
11.837467193603516
4.189181327819824
15.414639472961426
12.816218376159668
9.992660522460938
9.012928009033203
15.83424186706543
11.51829719543457
32.768890380859375
42.81337356567383
33.584678649902344
36.49896240234375
16.86964988708496
15.755212783813477
6.461381435394287
11.843273162841797
10.664948463439941
9.177628517150879
11.750103950500488
7.531598091125488
18.228458404541016
12.373244285583496
18.26287269592285
7.225502014160156
15.311388969421387
20.26839256286621
10.884483337402344
22.25383758544922
21.71780014038086
16.781719207763672
8.991070747375488
7.7446489334106445
11.152819633483887
8.305623054504395
9.970622062683105
9.381098747253418
11.902836799621582
15.623575210571289
30.084701538085938
9.519547462463379
5.677303791046143
4.18372917175293
15.596840858459473
6.493239879608154
8.783881187438965
14.115767478942871
14.350154876708984
17.679025650024414
25.692852020263672
26.930742263793945
8.303504943847656
16.129173278808594
16.7696590423584
15.854487419128418
19.29354476928711
21.535202026367188
13.21430778503418
35.18585205078125
26.60174560546875
26.556903839111328
9.01273250579834
19.866607666015625
15.590810775756836
12.24650764465332
19.00306510925293
8.878849029541016
7.546411991119385
15.687128067016602
11.745615005493164
12.163268089294434
7.938150405883789
5.944971084594727
7.123724460601807
8.037993431091309
5.674896240234375
21.175867080688477
11.851259231567383
12.486817359924316
22.299461364746094
27.75176239013672
31.40070152282715
15.871045112609863
6.821091651916504
14.03518009185791
12.752626419067383
9.059639930725098
14.293011665344238
31.4261531829834
23.223573684692383
21.997272491455078
10.551268577575684
10.65449333190918
16.58344841003418
11.054296493530273
22.570106506347656
43.677101135253906
13.649247169494629
31.87831687927246
18.59115219116211
30.850887298583984
22.71707534790039
13.834232330322266
9.13841724395752
45.2857780456543
11.94408893585205
22.002288818359375
32.17991638183594
14.936227798461914
12.016550064086914
7.668328285217285
4.423320293426514
11.756982803344727
11.03017520904541
11.891422271728516
12.601036071777344
14.497432708740234
14.458640098571777
18.030624389648438
13.091046333312988
17.525312423706055
7.664585590362549
6.008927345275879
8.499155044555664
10.206122398376465
7.011601448059082
15.038248062133789
9.686371803283691
7.166295528411865
4.277204990386963
6.864096641540527
7.773277759552002
9.703248977661133
13.104639053344727
18.916587829589844
15.648750305175781
7.547086715698242
6.115931034088135
12.155451774597168
6.913786888122559
10.633406639099121
9.385260581970215
10.981156349182129
5.698904037475586
8.848855972290039
7.6262288093566895
9.797179222106934
15.3337984085083
5.718136787414551
3.3723556995391846
5.261260032653809
8.68939208984375
8.969306945800781
20.469608306884766
11.177509307861328
10.939740180969238
14.389455795288086
4.107788562774658
13.341702461242676
5.8962273597717285
5.812188148498535
7.463943958282471
5.204106330871582
17.919862747192383
5.987178802490234
9.632415771484375
10.911051750183105
11.739665985107422
11.312546730041504
7.675006866455078
8.24107551574707
13.829667091369629
6.816816329956055
7.6353983879089355
13.383304595947266
3.8556458950042725
10.108122825622559
29.533369064331055
6.644002914428711
7.988872051239014
7.415814399719238
4.813023567199707
9.574421882629395
5.4376935958862305
8.681380271911621
9.180006980895996
15.840413093566895
7.686639308929443
12.068463325500488
7.7295122146606445
26.445354461669922
15.61055850982666
18.563232421875
17.771188735961914
12.189433097839355
9.816605567932129
9.021858215332031
12.090705871582031
18.99570083618164
22.094554901123047
15.946493148803711
16.0173282623291
13.013833045959473
13.249571800231934
12.274066925048828
11.525348663330078
13.031970977783203
8.73254680633545
5.3088884353637695
10.180831909179688
9.817611694335938
6.926747798919678
5.381856441497803
8.294174194335938
7.490333080291748
17.08056640625
9.089398384094238
19.195924758911133
16.15836524963379
18.554954528808594
7.389143466949463
16.9244327545166
16.201446533203125
4.8452839851379395
7.465097427368164
4.530247688293457
6.523008346557617
15.490248680114746
11.960161209106445
11.04810619354248
22.063928604125977
8.99351692199707
7.036109447479248
7.6990275382995605
14.419641494750977
4.082667827606201
49.521156311035156
11.126046180725098
9.82219123840332
8.806900024414062
4.229429721832275
5.929837226867676
7.900399208068848
8.38032054901123
4.6457390785217285
5.750117301940918
13.865012168884277
16.28609275817871
5.763364791870117
19.387147903442383
27.68244743347168
12.746718406677246
9.970328330993652
10.890000343322754
10.811240196228027
4.324440956115723
6.168797016143799
12.139286994934082
7.78032922744751
11.376802444458008
9.844582557678223
35.13840866088867
5.399454593658447
6.425887584686279
34.92384338378906
10.615458488464355
6.162012577056885
8.748530387878418
6.71442985534668
11.444743156433105
4.454124927520752
12.891915321350098
8.21539306640625
21.48411750793457
16.001855850219727
6.457865238189697
6.146660804748535
3.1423087120056152
6.631957054138184
9.80370044708252
8.375846862792969
22.553924560546875
8.954856872558594
9.353350639343262
15.507736206054688
33.26194381713867
5.692700386047363
8.12394905090332
13.171796798706055
14.570685386657715
11.250083923339844
9.259200096130371
13.1681547164917
7.826958656311035
15.6303129196167
5.206418037414551
6.618537902832031
6.178479194641113
3.8447909355163574
8.493045806884766
6.350987911224365
6.004924774169922
9.841050148010254
8.489238739013672
5.244993686676025
8.996139526367188
20.39970588684082
5.796339511871338
7.900501251220703
6.736853122711182
4.109527587890625
3.906251907348633
8.955351829528809
9.483560562133789
6.381045341491699
3.636113166809082
24.046123504638672
5.918741703033447
15.988809585571289
8.457358360290527
7.58314847946167
5.166496276855469
12.898011207580566
16.577608108520508
13.265257835388184
13.81407356262207
11.531661987304688
10.280198097229004
5.020493507385254
3.7172930240631104
10.416413307189941
20.1879940032959
8.834755897521973
43.483062744140625
9.175233840942383
7.687880516052246
9.963616371154785
8.402960777282715
4.334544658660889
11.587032318115234
10.913788795471191
21.790761947631836
17.429155349731445
14.176377296447754
19.63459014892578
17.727190017700195
7.264009475708008
26.20789909362793
11.979894638061523
11.761524200439453
19.68881607055664
13.050087928771973
15.714018821716309
7.811635971069336
8.24053955078125
3.5613300800323486
16.49321937561035
23.469223022460938
15.476007461547852
10.235504150390625
9.834084510803223
6.074859142303467
11.429954528808594
7.154148578643799
6.614326477050781
12.14908218383789
15.398432731628418
11.449987411499023
7.466023921966553
7.413421630859375
6.284319877624512
11.914387702941895
8.167470932006836
9.817947387695312
4.566019535064697
4.839345455169678
9.569267272949219
6.130180835723877
13.915325164794922
8.98324203491211
12.403393745422363
5.844159126281738
12.84870433807373
6.436723232269287
17.485633850097656
14.85241413116455
8.249852180480957
12.748741149902344
19.365516662597656
14.709112167358398
15.121708869934082
11.226465225219727
11.066548347473145
9.423914909362793
6.8154988288879395
13.656795501708984
14.534420013427734
18.608278274536133
14.828017234802246
8.78542709350586
10.012194633483887
5.538259506225586
16.40884780883789
7.7982177734375
6.417364597320557
3.9795820713043213
14.56643009185791
12.471100807189941
24.22333335876465
9.773979187011719
6.665962219238281
5.352293491363525
9.521946907043457
4.911729335784912
6.214927673339844
7.510197639465332
5.598634719848633
5.722884654998779
10.920101165771484
6.612951278686523
15.648660659790039
14.155084609985352
12.063111305236816
14.136493682861328
14.782651901245117
22.759756088256836
13.860231399536133
7.723666191101074
13.774127006530762
15.333914756774902
4.8483805656433105
3.923419237136841
19.746051788330078
16.48333168029785
13.038122177124023
22.978425979614258
18.95432472229004
12.558359146118164
9.739127159118652
9.454895973205566
4.669895172119141
5.1876678466796875
18.89896011352539
6.689701080322266
12.293756484985352
7.916433334350586
12.113861083984375
12.189043045043945
4.592512607574463
11.654884338378906
6.715028285980225
18.0726375579834
8.967941284179688
10.260843276977539
31.716590881347656
7.0859832763671875
5.4182610511779785
31.33577537536621
4.304356575012207
4.151901721954346
4.039973735809326
4.600281238555908
4.027848720550537
3.955603837966919
7.340662002563477
9.661394119262695
10.469015121459961
5.142727375030518
8.171812057495117
4.043946743011475
3.9784655570983887
9.406659126281738
9.24931526184082
17.055795669555664
5.495155334472656
15.082137107849121
15.331463813781738
22.487102508544922
6.4446611404418945
4.0256147384643555
10.134686470031738
10.761569023132324
12.263371467590332
16.684635162353516
7.442378044128418
6.102149963378906
5.026890754699707
3.8183138370513916
13.709778785705566
16.916658401489258
14.967423439025879
17.768522262573242
15.698437690734863
18.26659393310547
11.288946151733398
4.572434425354004
16.083099365234375
30.781126022338867
9.363615036010742
14.534939765930176
11.74495792388916
11.186381340026855
6.806297779083252
8.069853782653809
24.346397399902344
8.685893058776855
14.745219230651855
15.546332359313965
8.51987075805664
21.831689834594727
9.224440574645996
6.7297892570495605
4.487056732177734
10.608245849609375
31.78170394897461
15.83337688446045
25.264787673950195
15.694157600402832
11.49667739868164
35.75372314453125
4.594085216522217
4.812524318695068
7.084758758544922
11.611202239990234
5.569378852844238
17.554719924926758
15.017555236816406
25.359907150268555
6.382828235626221
11.141014099121094
9.43054485321045
9.485767364501953
7.706632137298584
3.7917697429656982
5.770440101623535
6.249106407165527
10.098175048828125
9.228302955627441
4.863372325897217
2.9240200519561768
12.970125198364258
18.897890090942383
6.221946716308594
6.824029445648193
10.094329833984375
5.285550117492676
7.429123878479004
7.679666519165039
10.848833084106445
25.072589874267578
13.639068603515625
4.6514573097229
9.417581558227539
4.826810836791992
3.106393337249756
16.92180824279785
29.36376190185547
9.319527626037598
8.662498474121094
7.222316265106201
6.523687362670898
4.272837162017822
21.4576473236084
5.468786239624023
14.113310813903809
5.116026401519775
5.118563652038574
7.366539478302002
24.397850036621094
17.665874481201172
6.043352127075195
12.730026245117188
9.299043655395508
5.554220676422119
3.4472196102142334
10.21481704711914
7.115239143371582
11.783949851989746
5.193903923034668
11.346967697143555
7.741380214691162
11.810830116271973
4.651215553283691
6.083463668823242
4.044963836669922
4.660544395446777
22.42066192626953
4.737907409667969
7.520881175994873
8.41529655456543
15.070653915405273
8.636773109436035
6.941220283508301
8.96175479888916
4.362480163574219
5.980862140655518
5.631083011627197
26.801755905151367
15.355948448181152
16.624120712280273
32.16923141479492
7.109952926635742
12.992657661437988
6.526034355163574
4.815974712371826
8.263675689697266
14.381299018859863
14.182745933532715
12.076786994934082
13.07802677154541
5.881162166595459
11.156746864318848
5.665417671203613
6.422007083892822
5.574795246124268
7.866960048675537
5.098050594329834
6.284930229187012
8.979025840759277
9.582781791687012
5.214587688446045
7.2001872062683105
14.310348510742188
7.096283912658691
3.966524124145508
6.373170375823975
18.621444702148438
19.200183868408203
14.442070007324219
6.784704685211182
7.349220275878906
5.877196788787842
2.515193462371826
3.7617027759552
4.518493175506592
14.3413667678833
5.1792378425598145
6.011911869049072
11.636506080627441
5.146831035614014
6.291623115539551
8.204787254333496
10.0402193069458
4.057074069976807
13.071879386901855
10.76735782623291
7.26888370513916
7.550591945648193
7.222316741943359
5.478187084197998
8.544852256774902
3.02689790725708
4.993983268737793
8.425798416137695
23.41277313232422
5.294909477233887
10.783185005187988
7.216615676879883
6.3296074867248535
5.903040885925293
4.7502007484436035
4.414108753204346
5.323610782623291
9.684013366699219
11.212923049926758
6.820427417755127
5.599776744842529
10.147891998291016
9.404189109802246
3.5961711406707764
6.471713066101074
8.886533737182617
17.257976531982422
6.469418048858643
4.744626522064209
2.470463514328003
6.898372650146484
17.890628814697266
16.14739990234375
4.94849967956543
11.483195304870605
17.659130096435547
14.425024032592773
12.599873542785645
7.997842788696289
5.230275630950928
3.7257983684539795
5.6927289962768555
3.941248893737793
4.2727742195129395
5.0966010093688965
8.516328811645508
9.809873580932617
4.486910343170166
28.01775360107422
9.5112943649292
7.528093338012695
9.361213684082031
7.474876403808594
8.270788192749023
4.752040863037109
5.35191011428833
15.157510757446289
5.217698574066162
7.151178359985352
9.162995338439941
16.616575241088867
6.422695159912109
6.463761329650879
6.819016933441162
22.286909103393555
5.6545305252075195
6.074966907501221
5.030874729156494
3.186998128890991
8.769633293151855
4.558042049407959
4.054195880889893
8.665030479431152
8.4685697555542
7.097891330718994
2.4772939682006836
3.7118470668792725
4.396722316741943
9.601217269897461
5.760534763336182
5.4423394203186035
11.592144012451172
4.548661708831787
6.318140029907227
5.507920265197754
2.9059507846832275
3.0416455268859863
15.819215774536133
30.991348266601562
5.625255584716797
8.335553169250488
6.286345481872559
3.255000114440918
39.134254455566406
4.076857566833496
7.588860511779785
2.8398303985595703
6.6302170753479
8.166665077209473
3.9594411849975586
4.970274925231934
4.2816853523254395
3.1064984798431396
4.909848213195801
6.326298713684082
13.577522277832031
10.064605712890625
4.20607852935791
4.218066692352295
4.060352802276611
9.841129302978516
4.039961814880371
9.326470375061035
8.249353408813477
4.267271518707275
4.327007293701172
3.1319828033447266
12.465438842773438
6.626468181610107
13.517387390136719
16.646957397460938
10.846707344055176
4.95738410949707
4.159858703613281
5.913780212402344
9.829253196716309
5.2078962326049805
13.078019142150879
11.113109588623047
5.130792617797852
11.86620807647705
7.962060928344727
4.674459457397461
9.515554428100586
4.572643756866455
13.876070976257324
7.0850138664245605
7.449639797210693
11.250736236572266
15.928034782409668
12.191778182983398
20.066722869873047
20.18545913696289
30.662050247192383
27.929121017456055
17.9019718170166
6.07301139831543
9.315730094909668
4.968071937561035
4.006374835968018
6.281530857086182
9.07227611541748
6.410136699676514
4.621485710144043
5.422262668609619
8.146227836608887
7.377161979675293
3.7167890071868896
9.287456512451172
6.209461212158203
4.60767936706543
17.662492752075195
3.039853811264038
22.331342697143555
4.81478214263916
7.9003190994262695
13.119619369506836
7.323511123657227
3.473381519317627
10.296061515808105
11.848482131958008
3.285078763961792
5.751779079437256
10.380573272705078
22.894716262817383
4.19670295715332
11.775070190429688
13.199563026428223
19.2341251373291
5.391397476196289
3.6276743412017822
4.701516151428223
10.819575309753418
20.648292541503906
5.479191780090332
5.067067623138428
6.818964004516602
7.166090488433838
7.891208648681641
8.04751205444336
31.157381057739258
7.0615925788879395
13.116301536560059
7.493603706359863
4.71251106262207
13.404273986816406
7.183783531188965
19.3730525970459
8.178064346313477
7.97820520401001
5.9659552574157715
6.537204265594482
4.4434494972229
3.9859259128570557
5.768865585327148
3.5351781845092773
3.386751651763916
8.858572959899902
4.0037431716918945
5.7066731452941895
4.875611782073975
7.662437438964844
5.392493724822998
8.951231002807617
6.728594779968262
8.804841041564941
9.259902000427246
14.684880256652832
3.178727149963379
5.137251377105713
17.26371955871582
3.200021982192993
11.03102970123291
8.78909683227539
4.344217777252197
8.492942810058594
3.4304776191711426
3.879033327102661
2.9087867736816406
5.498435974121094
27.482044219970703
9.672741889953613
5.612759590148926
4.582564830780029
6.721630096435547
10.259360313415527
8.556242942810059
9.005824089050293
8.856205940246582
4.3218302726745605
5.722147464752197
4.436758041381836
6.1853928565979
12.800222396850586
10.318048477172852
7.299774169921875
7.85591983795166
5.40585994720459
5.245729923248291
11.891117095947266
12.318122863769531
6.063086032867432
12.33534049987793
5.729210376739502
14.733049392700195
17.308509826660156
11.124536514282227
18.014076232910156
5.105011463165283
12.119574546813965
9.318202018737793
9.336268424987793
5.9718780517578125
7.328644275665283
9.542275428771973
6.1223673820495605
5.6637043952941895
36.38141632080078
14.476970672607422
7.161530017852783
2.4823038578033447
4.501152992248535
24.11217498779297
6.886569499969482
6.626745700836182
8.965543746948242
9.548760414123535
12.916109085083008
5.191178321838379
4.951298713684082
7.592632293701172
5.069016456604004
14.089344024658203
5.232296466827393
6.883530616760254
6.151957035064697
12.945023536682129
4.120117664337158
2.6707570552825928
6.403502464294434
8.709473609924316
17.443361282348633
11.855463027954102
4.759986877441406
9.644941329956055
7.203060150146484
4.951107501983643
19.203876495361328
4.534859657287598
6.8948187828063965
15.072895050048828
6.353034496307373
7.292355060577393
14.001145362854004
5.32570219039917
3.743880033493042
6.289350986480713
4.359466552734375
8.751662254333496
6.209640979766846
3.0275325775146484
10.319828033447266
4.952307224273682
13.416869163513184
9.51439380645752
3.225081443786621
5.9626593589782715
3.5724079608917236
4.3628973960876465
16.30287742614746
3.7289137840270996
16.404626846313477
10.101064682006836
5.072959899902344
6.473639011383057
8.851472854614258
12.045395851135254
11.119128227233887
8.548311233520508
7.29673433303833
6.11934232711792
7.121435165405273
7.402705192565918
8.819177627563477
4.774463653564453
2.7941105365753174
8.508421897888184
3.850828170776367
4.729808807373047
3.0770318508148193
7.861537456512451
7.5755181312561035
5.454458713531494
24.256528854370117
11.949034690856934
9.395184516906738
4.52392053604126
8.911381721496582
6.510447025299072
7.9836602210998535
6.37808084487915
10.09689998626709
8.487876892089844
4.981844425201416
15.894734382629395
6.07312536239624
10.178337097167969
9.635100364685059
4.175108432769775
12.602771759033203
6.5647807121276855
8.247747421264648
4.5505547523498535
4.506144046783447
8.514967918395996
8.9113130569458
6.812636375427246
4.606109619140625
4.606953144073486
6.351264476776123
11.101675033569336
12.007118225097656
5.412688255310059
5.0702314376831055
8.731012344360352
8.590107917785645
18.749094009399414
4.677466869354248
5.559488296508789
3.6353087425231934
3.356564998626709
5.631002426147461
10.32876968383789
9.074941635131836
9.920465469360352
5.543271064758301
3.5344386100769043
6.629339218139648
4.812349796295166
4.003552436828613
8.31676197052002
11.332459449768066
18.087583541870117
16.49652099609375
4.243079662322998
4.901283264160156
10.136990547180176
7.278815269470215
4.285162448883057
8.6264009475708
8.466964721679688
3.1541404724121094
7.107700347900391
13.651458740234375
9.912755012512207
4.494217872619629
5.783633708953857
6.517826080322266
8.899218559265137
6.22788667678833
4.687437057495117
7.457850933074951
14.479902267456055
5.301515102386475
11.962031364440918
6.590248107910156
15.056511878967285
27.900941848754883
4.940692901611328
3.863569736480713
3.498029947280884
8.198988914489746
7.870930194854736
4.029770374298096
5.397354602813721
6.223011493682861
4.84625768661499
9.647483825683594
22.742021560668945
4.25725793838501
8.222804069519043
12.732455253601074
12.310522079467773
7.303470134735107
7.096506595611572
17.545318603515625
12.490413665771484
8.271921157836914
8.384557723999023
3.662848949432373
8.05876636505127
3.856666326522827
4.941714286804199
4.01869535446167
4.937699317932129
6.140503883361816
9.141290664672852
8.053689002990723
7.088649272918701
8.850533485412598
29.869735717773438
3.1708953380584717
52.55330276489258
6.584156513214111
4.116395473480225
15.783215522766113
11.388779640197754
7.81097412109375
5.511732578277588
15.056804656982422
4.00220251083374
4.703515529632568
8.56860637664795
4.2148566246032715
7.002392292022705
4.830507755279541
15.444249153137207
19.443986892700195
4.155365943908691
6.278605937957764
11.564494132995605
2.1714024543762207
6.261334419250488
14.903949737548828
6.378897666931152
6.983163833618164
7.536386966705322
6.690950870513916
9.653398513793945
15.227378845214844
5.51685094833374
3.3250136375427246
27.823894500732422
5.667693614959717
5.8951416015625
3.5050618648529053
5.787834644317627
2.1375880241394043
23.220857620239258
5.557139873504639
3.4913854598999023
3.2858901023864746
11.420114517211914
12.591043472290039
13.140933990478516
5.271422386169434
6.716246128082275
12.983994483947754
3.9639291763305664
13.462754249572754
6.808498859405518
8.169417381286621
3.4943504333496094
5.159943103790283
13.597343444824219
2.677561044692993
3.194795608520508
11.885393142700195
5.117759704589844
12.135432243347168
11.07305908203125
5.590002536773682
7.152648448944092
9.301526069641113
8.655461311340332
5.366755485534668
2.7835328578948975
5.421534061431885
3.596478223800659
3.063969850540161
10.779138565063477
6.763326644897461
7.170707702636719
4.463409423828125
2.7100956439971924
5.625678539276123
4.011010646820068
3.2575156688690186
5.393733024597168
7.4002227783203125
4.464858531951904
5.2957072257995605
6.6103692054748535
3.2756388187408447
4.494062900543213
13.114303588867188
6.525444507598877
8.912282943725586
8.805147171020508
14.716765403747559
2.92120361328125
3.2164855003356934
3.4928340911865234
2.688053607940674
3.0158350467681885
4.577610969543457
5.608727931976318
3.438462734222412
35.20243835449219
7.60903263092041
3.166881561279297
4.868793487548828
2.6652777194976807
5.996352672576904
3.616318941116333
4.087065696716309
6.155458450317383
7.692574977874756
10.47055721282959
5.562833786010742
6.975256443023682
10.461678504943848
3.5667941570281982
5.598398685455322
3.822990655899048
6.14954137802124
9.293658256530762
11.859824180603027
4.329592227935791
19.34561538696289
2.7504971027374268
5.704356670379639
3.8021128177642822
7.6252923011779785
4.278253555297852
2.944857597351074
3.784196615219116
4.045433044433594
4.483863353729248
4.88722562789917
12.762200355529785
5.482809066772461
3.710726022720337
11.186161994934082
12.110462188720703
2.353431463241577
8.59740161895752
2.346503496170044
8.76476764678955
12.464900970458984
4.365231990814209
5.593423843383789
4.003163814544678
19.965869903564453
4.992975234985352
24.887935638427734
2.747222423553467
10.513257026672363
6.177935600280762
15.812885284423828
9.033238410949707
5.492376804351807
9.080164909362793
3.3898537158966064
7.197078704833984
6.851546764373779
20.959041595458984
12.855571746826172
4.802942276000977
8.29515266418457
6.315664768218994
3.373577117919922
4.080922603607178
4.268422603607178
4.479815483093262
3.417651653289795
14.616927146911621
6.217086315155029
5.51322603225708
13.342504501342773
13.908084869384766
3.939964532852173
15.210285186767578
10.155736923217773
5.661481857299805
5.851817607879639
6.17079496383667
12.25657844543457
3.8444881439208984
2.8922743797302246
6.9838762283325195
15.436680793762207
26.65080451965332
19.079315185546875
10.822928428649902
5.12058162689209
6.028756618499756
4.254583358764648
4.396347999572754
10.266870498657227
7.787302017211914
5.919249057769775
6.460174083709717
7.1231489181518555
8.251579284667969
10.564068794250488
3.2057690620422363
15.217204093933105
16.353361129760742
23.430145263671875
5.265606880187988
17.020606994628906
5.669824123382568
5.274942874908447
5.222330570220947
5.308159351348877
13.161568641662598
4.3307342529296875
6.148715972900391
11.986411094665527
14.17522144317627
14.16229248046875
16.71512222290039
6.012342929840088
3.3950412273406982
13.907727241516113
13.479369163513184
6.700087070465088
4.974380016326904
8.905854225158691
5.8502068519592285
13.736164093017578
4.946653842926025
23.70102310180664
13.089208602905273
16.77031135559082
4.18939733505249
44.222251892089844
3.9602856636047363
5.274914264678955
8.225090980529785
5.778907299041748
2.4477171897888184
7.6651506423950195
4.16930627822876
4.7125091552734375
11.929569244384766
10.946015357971191
7.444889545440674
8.66528606414795
5.636207103729248
5.9838948249816895
4.029502868652344
6.781458854675293
14.903343200683594
3.0909879207611084
2.893674373626709
6.692144870758057
9.756796836853027
4.65937614440918
5.112496376037598
7.634761810302734
9.366554260253906
10.189390182495117
4.388113498687744
2.968808174133301
16.091032028198242
5.239500522613525
6.598659992218018
12.346786499023438
3.1030139923095703
4.753791809082031
13.510007858276367
5.731281280517578
7.674388885498047
6.254995346069336
7.32538366317749
11.005874633789062
2.8992490768432617
7.382884502410889
6.152749061584473
7.116786479949951
4.798689842224121
15.679933547973633
2.3499789237976074
5.913788795471191
6.081984996795654
4.954495906829834
10.113386154174805
4.8421454429626465
3.504981517791748
6.8321051597595215
17.787277221679688
10.296724319458008
4.110861301422119
7.1210503578186035
7.954145431518555
10.150842666625977
4.042377948760986
6.630560398101807
16.833131790161133
9.061260223388672
3.544102430343628
3.1979000568389893
4.726304531097412
5.210877895355225
18.331743240356445
9.449700355529785
7.273972034454346
9.764917373657227
5.666191101074219
14.060617446899414
4.937602519989014
4.008304595947266
5.058495998382568
8.472722053527832
11.423126220703125
6.4921793937683105
3.241926908493042
4.062745094299316
9.27470588684082
4.084092617034912
6.413896083831787
7.223489284515381
4.364814281463623
9.279206275939941
12.755280494689941
3.8322043418884277
1.7989500761032104
3.2056636810302734
13.698368072509766
3.0900051593780518
4.569614410400391
9.773480415344238
5.835391044616699
6.867823600769043
3.8282365798950195
3.8647942543029785
16.39020347595215
6.247557163238525
13.72538948059082
8.86954116821289
19.030487060546875
6.447283744812012
4.323591232299805
2.6893880367279053
3.57842755317688
21.984827041625977
4.2878851890563965
2.8762731552124023
11.694768905639648
5.482176303863525
4.830280780792236
3.4535396099090576
5.6805644035339355
4.904899597167969
8.241376876831055
5.159182548522949
4.118902206420898
3.644414186477661
8.88497257232666
8.007791519165039
2.82625675201416
4.78760290145874
10.720246315002441
3.137500047683716
7.629543304443359
13.692538261413574
6.696419715881348
13.766027450561523
14.371560096740723
6.718489170074463
5.2303571701049805
5.142825126647949
8.254125595092773
5.218721389770508
8.37867259979248
8.661107063293457
7.427093029022217
3.6236412525177
3.8242874145507812
14.63796329498291
4.085823059082031
13.088409423828125
5.671419143676758
3.831102132797241
11.58422565460205
4.760382652282715
3.7109575271606445
6.448105812072754
5.396356105804443
4.380531311035156
11.679319381713867
25.1607666015625
7.978411674499512
20.074949264526367
8.975659370422363
6.994503974914551
7.165397644042969
10.456918716430664
5.1850504875183105
7.077219009399414
13.04741096496582
4.859476566314697
2.997213125228882
7.185181140899658
3.2566733360290527
22.687253952026367
4.9767303466796875
6.260890960693359
6.1289544105529785
12.121968269348145
6.493577480316162
4.088536262512207
6.664172649383545
2.1789963245391846
5.874002456665039
16.779176712036133
4.818630218505859
2.6784565448760986
5.803257465362549
6.4459662437438965
6.099830150604248
8.615384101867676
9.60725212097168
3.556591510772705
4.862064361572266
6.600033760070801
26.168243408203125
6.313974380493164
8.804195404052734
8.009037971496582
8.796501159667969
6.46305513381958
2.733140468597412
4.785569190979004
6.537603855133057
18.375337600708008
6.329282760620117
2.837146282196045
4.923220634460449
4.172694206237793
12.793105125427246
4.467837810516357
10.942322731018066
23.063526153564453
6.064095973968506
8.447674751281738
12.639811515808105
20.5756893157959
7.868246555328369
4.120294094085693
6.422779560089111
2.892573118209839
4.530456066131592
7.124456405639648
12.000808715820312
5.538879871368408
8.464041709899902
4.103010177612305
6.603243350982666
2.8233933448791504
3.1395161151885986
5.12971305847168
7.682145595550537
3.827359437942505
13.60547161102295
10.586838722229004
6.390652656555176
3.190467119216919
3.7489407062530518
5.691527843475342
12.234857559204102
9.188556671142578
2.9156527519226074
6.14668083190918
12.76550579071045
23.496265411376953
3.7520575523376465
3.480073928833008
5.013354301452637
3.978950023651123
3.0565948486328125
5.765563011169434
3.6123461723327637
8.644782066345215
4.494360446929932
5.6996750831604
9.087833404541016
3.705275297164917
5.979270935058594
4.850898742675781
7.97315788269043
16.325115203857422
2.690199375152588
10.31208610534668
5.0716776847839355
3.9248712062835693
5.472362041473389
7.9373273849487305
7.295431137084961
4.5818376541137695
5.804931640625
4.769132614135742
10.029760360717773
10.654766082763672
17.270980834960938
9.145772933959961
2.7587661743164062
5.428162097930908
8.165712356567383
5.99470329284668
3.594163179397583
3.777824640274048
3.796004056930542
12.375434875488281
15.683734893798828
3.7182013988494873
13.816182136535645
8.503171920776367
18.997472763061523
11.04957103729248
4.927082538604736
6.986161231994629
7.3300604820251465
3.069922924041748
3.7310914993286133
11.851822853088379
5.580399990081787
5.89527702331543
9.96492862701416
5.920962333679199
3.8360607624053955
5.0080695152282715
3.082118272781372
5.809925556182861
11.277463912963867
8.90550422668457
8.99504566192627
7.372366428375244
5.867481231689453
4.9982404708862305
5.504534721374512
18.594951629638672
4.711428165435791
4.353493690490723
8.039463996887207
5.173864841461182
22.859724044799805
4.119845390319824
9.57643985748291
6.590236663818359
7.232117652893066
8.085830688476562
8.256597518920898
7.356131076812744
7.914240837097168
3.614100694656372
18.430757522583008
5.285156726837158
7.107974052429199
7.114933967590332
6.654090881347656
4.167924404144287
2.8497314453125
8.269755363464355
6.202934741973877
8.179034233093262
4.555128574371338
19.445941925048828
4.606016159057617
5.110724925994873
4.432388782501221
3.597079038619995
9.99362850189209
7.772637367248535
3.8336503505706787
7.205691337585449
5.891846656799316
4.886968612670898
9.171923637390137
5.387724876403809
7.545007705688477
6.220528602600098
9.834007263183594
5.083423137664795
5.214126110076904
19.08426284790039
8.010249137878418
3.593046188354492
20.699899673461914
8.52519416809082
7.156864166259766
13.564115524291992
8.633400917053223
4.213345527648926
5.917412281036377
