8.781341552734375
8.878281593322754
7.657397270202637
9.07965087890625
8.708765983581543
8.146522521972656
8.604819297790527
8.648754119873047
8.96158218383789
8.950937271118164
9.129305839538574
8.836404800415039
9.328327178955078
8.892126083374023
9.198233604431152
9.057303428649902
9.100211143493652
8.801076889038086
8.7810640335083
8.211288452148438
9.262114524841309
8.961480140686035
9.148719787597656
9.414669036865234
8.405040740966797
9.11907958984375
9.854708671569824
9.27938175201416
9.628254890441895
8.988476753234863
9.714869499206543
10.351635932922363
10.048998832702637
9.837005615234375
9.505892753601074
10.289560317993164
10.466551780700684
10.27057933807373
10.336116790771484
10.67349624633789
10.762377738952637
11.16550064086914
11.384714126586914
11.947022438049316
11.058477401733398
11.641520500183105
11.92956829071045
11.815571784973145
12.800719261169434
12.43628978729248
11.945770263671875
13.047130584716797
13.201770782470703
14.038336753845215
14.520268440246582
13.761629104614258
15.355036735534668
14.385906219482422
14.364344596862793
15.480456352233887
15.28912353515625
11.854633331298828
15.175517082214355
15.693699836730957
16.354427337646484
16.064908981323242
13.887045860290527
16.30950355529785
15.769119262695312
17.049427032470703
18.015174865722656
14.751100540161133
17.46950340270996
17.01207160949707
16.25485610961914
13.898022651672363
15.819794654846191
15.9157075881958
17.252769470214844
12.413912773132324
14.048135757446289
15.194622993469238
10.128207206726074
13.946076393127441
13.281439781188965
12.31581974029541
12.658963203430176
11.742547988891602
8.379961967468262
9.77570629119873
7.376316070556641
7.348447799682617
6.873769283294678
6.89631986618042
6.769607067108154
7.017609596252441
7.209325313568115
7.384340286254883
7.490373611450195
7.384058475494385
7.121901512145996
7.02661657333374
7.7544450759887695
8.076082229614258
7.514275074005127
7.058479309082031
7.800894260406494
6.337498664855957
7.347388744354248
7.386772632598877
7.155037879943848
6.3029375076293945
5.790489196777344
6.257373332977295
5.494405746459961
5.444712162017822
4.996404647827148
5.0042500495910645
4.929065227508545
4.62416934967041
4.565013885498047
7.402193069458008
4.71406888961792
4.214101314544678
4.774221420288086
4.443428039550781
4.340096473693848
11.721064567565918
4.04520320892334
4.001430034637451
3.2617149353027344
2.8990800380706787
3.172316789627075
4.969180107116699
3.66461443901062
2.4770286083221436
3.751241445541382
1.8089351654052734
4.677834987640381
2.3607473373413086
2.1052987575531006
2.0797784328460693
1.6940029859542847
1.5241132974624634
1.8159960508346558
1.5648913383483887
2.2989726066589355
2.5098378658294678
2.134939193725586
1.4076943397521973
1.5981571674346924
4.182004451751709
1.5846467018127441
1.6450053453445435
2.2056589126586914
2.3234641551971436
2.6307547092437744
1.500211477279663
1.8609687089920044
1.5370737314224243
1.741495966911316
1.6094369888305664
3.169567346572876
1.8555389642715454
2.2563610076904297
3.052144765853882
2.4494986534118652
2.2457408905029297
1.288453221321106
1.4150840044021606
1.825280785560608
1.3764700889587402
1.7002743482589722
1.5216718912124634
1.9200658798217773
2.3874406814575195
2.474947690963745
1.4786261320114136
1.1941356658935547
1.7354220151901245
1.5948036909103394
1.2112400531768799
1.650812029838562
1.4701389074325562
1.2446871995925903
1.0861701965332031
1.474038004875183
1.162826418876648
0.974152684211731
1.056912899017334
1.0350884199142456
1.735494613647461
1.3469407558441162
1.1516298055648804
1.145448088645935
1.248416781425476
1.4583795070648193
1.288265585899353
0.9905546307563782
0.9605778455734253
1.2097324132919312
1.1505718231201172
0.8994896411895752
0.8123829960823059
0.734777569770813
1.1423230171203613
0.758427083492279
1.0154767036437988
1.003260612487793
0.9636940956115723
0.9187001585960388
0.950036883354187
1.0565299987792969
1.3269600868225098
1.5378007888793945
0.8512896299362183
0.8599029779434204
1.365312099456787
0.9053248763084412
1.445029854774475
1.4760042428970337
1.6922968626022339
1.1368157863616943
1.564312219619751
0.6501818299293518
0.8082382678985596
1.0825470685958862
0.7405778169631958
0.8598616719245911
0.5647514462471008
0.8157326579093933
1.2788341045379639
0.7310596704483032
0.603245735168457
0.5760094523429871
1.0232326984405518
0.6312410831451416
0.8184682726860046
1.1048651933670044
0.7586986422538757
0.6995170712471008
1.4258700609207153
1.067307710647583
0.6349884271621704
0.8071722388267517
0.7309906482696533
1.0106440782546997
0.9916059374809265
0.9141260385513306
0.8037368059158325
0.7582095861434937
0.7498487234115601
0.7565168142318726
1.1069988012313843
0.8770361542701721
0.9524290561676025
1.3099431991577148
0.6773757934570312
1.5303760766983032
1.2236709594726562
0.6592891216278076
1.1628364324569702
0.8360595703125
0.7706881165504456
0.8762102127075195
1.683109164237976
1.212393045425415
0.5440499782562256
0.8933666348457336
1.175015926361084
0.686557948589325
1.0123430490493774
0.9411109685897827
0.6259414553642273
1.1660845279693604
0.6318100690841675
0.7274292707443237
1.4225343465805054
0.7865535616874695
0.6944007277488708
1.065069556236267
0.7342311143875122
0.8896369338035583
1.133997917175293
0.6884337663650513
0.7803159356117249
1.0049495697021484
0.7473436594009399
1.164036512374878
1.3179140090942383
0.9135591387748718
0.9502584934234619
1.339949607849121
0.8806613087654114
1.052742838859558
0.7215089797973633
0.8863670825958252
1.0665984153747559
1.117222785949707
0.6864162087440491
1.177567958831787
0.9924076795578003
1.1553562879562378
0.5554690957069397
1.6382404565811157
0.9475023150444031
1.099560022354126
0.8758112788200378
0.9680784344673157
0.9028517603874207
0.6495296955108643
0.6330386400222778
1.0340510606765747
0.7896702289581299
0.732765793800354
0.757309079170227
0.8081041574478149
1.062147617340088
0.769131064414978
0.6181617379188538
0.5907734036445618
0.8782066702842712
0.9628249406814575
0.6101586818695068
0.590965747833252
0.8209222555160522
0.8417662382125854
0.6673449277877808
0.7811377644538879
1.1520719528198242
0.7319253087043762
0.4842742681503296
1.4599789381027222
0.5589684247970581
0.6164273023605347
0.7236316800117493
0.6143811941146851
0.6323835849761963
0.594273567199707
0.6157810688018799
0.41862913966178894
0.6652240753173828
0.4160328507423401
0.6829873323440552
0.6210456490516663
1.0795798301696777
0.5376908183097839
0.8078370690345764
0.7477099895477295
0.8126318454742432
0.9044885039329529
0.9399814009666443
1.221653699874878
0.8698881268501282
1.3465241193771362
1.2133737802505493
0.6420013904571533
1.0484488010406494
1.0582934617996216
0.8357856273651123
1.293850302696228
0.785896360874176
0.6780529618263245
1.2093579769134521
0.5874174237251282
0.6083819270133972
1.099998950958252
0.7258822917938232
0.876390278339386
1.0493723154067993
0.5966264009475708
0.8293265700340271
0.7550317049026489
0.9252729415893555
0.9043388366699219
1.0565004348754883
0.6700533628463745
1.26393723487854
0.7332431674003601
0.7290763854980469
1.0672999620437622
1.0522533655166626
0.7994979023933411
0.8161284923553467
0.8603466153144836
0.801667332649231
0.8219030499458313
0.738720715045929
1.3938027620315552
1.3290590047836304
0.994491696357727
0.8988422155380249
1.483081340789795
1.0183377265930176
0.8429059386253357
0.9300232529640198
0.8812874555587769
0.8352748155593872
0.7380361557006836
0.9295230507850647
0.6849304437637329
1.0628831386566162
0.9449921250343323
1.0802205801010132
0.5962998867034912
0.5877007246017456
0.9975557327270508
0.8443001508712769
0.901297926902771
0.7507650852203369
0.6288301348686218
0.6126044392585754
0.4442366361618042
0.5965874195098877
0.800586462020874
0.7648395299911499
0.7038443088531494
0.797702968120575
0.7247175574302673
1.248254656791687
0.5367488265037537
0.7341018319129944
0.6237114071846008
0.8735513687133789
0.579227089881897
0.5633628368377686
0.8739102482795715
0.5573514699935913
0.9437869191169739
0.8731876015663147
0.63126540184021
1.522854208946228
0.7932990193367004
0.4990411400794983
0.9735655784606934
0.952081561088562
0.4959047734737396
1.0731250047683716
0.7746350765228271
0.46304479241371155
0.9500365257263184
0.6271318793296814
0.6660162806510925
0.5896973013877869
0.7915300130844116
0.5883533358573914
0.4598168134689331
0.6206263899803162
0.7285503149032593
0.589927613735199
0.7682069540023804
0.5917428731918335
0.5818145871162415
0.7604774236679077
0.601776659488678
0.46046292781829834
0.5543052554130554
0.4722301661968231
0.6138927936553955
0.670440137386322
0.6018044352531433
0.7657985687255859
0.6284860372543335
0.6196262836456299
0.6515875458717346
0.6288263201713562
0.5708178877830505
0.49535733461380005
0.6090087294578552
0.629776656627655
0.7514421343803406
0.6276450753211975
0.7262033224105835
0.7952929139137268
0.509675145149231
0.5354251265525818
0.785893440246582
0.8559275269508362
0.7058751583099365
0.7836552262306213
0.6911656260490417
0.8550907373428345
0.7422248721122742
0.79108065366745
0.6385869979858398
0.6196444034576416
0.5783627033233643
0.7537879943847656
0.5351136326789856
0.8769177198410034
1.0526593923568726
0.6527225375175476
0.9558546543121338
0.726700484752655
0.9647719860076904
1.040372610092163
0.7435604333877563
1.0415518283843994
0.9775243997573853
0.8190646767616272
1.328462839126587
0.8754178881645203
0.7066749334335327
0.990505039691925
0.9254526495933533
0.6813415288925171
0.6842312216758728
0.7827669382095337
0.7171859741210938
0.5225080847740173
0.7653269171714783
0.45843249559402466
0.8950823545455933
0.5430027842521667
0.8991832137107849
0.6298739314079285
0.6606783866882324
0.49757012724876404
0.6189202070236206
0.9659874439239502
1.1601059436798096
0.8550704121589661
0.83295738697052
0.9207327961921692
0.505186140537262
0.728276252746582
0.8399737477302551
0.9279567003250122
0.5266836285591125
0.5024701356887817
0.6436493992805481
0.5625845193862915
0.5573800802230835
0.4980243444442749
0.7329661846160889
0.500542938709259
0.6205899119377136
0.7158128023147583
0.6723076701164246
0.5701046586036682
0.42923128604888916
0.5813074111938477
0.6602688431739807
0.8625232577323914
0.5507970452308655
0.49100762605667114
0.8392490148544312
0.6800936460494995
0.8056995272636414
0.5827525854110718
0.6954646110534668
1.33829665184021
0.6817986369132996
1.4458645582199097
0.7990356683731079
0.5988458395004272
1.0101771354675293
0.8351336121559143
0.6847285032272339
1.0767252445220947
0.7113475799560547
0.662859320640564
0.7892581820487976
0.6297742128372192
0.6942105889320374
0.8715545535087585
0.5042686462402344
0.9830020070075989
0.9485311508178711
0.513816773891449
0.5985023379325867
0.8927596211433411
0.7928290963172913
1.069151520729065
0.6489204168319702
0.6808046698570251
0.6479397416114807
0.6662945747375488
0.592555820941925
0.8843263387680054
0.6668952703475952
0.6627312302589417
0.6034011244773865
0.9833837747573853
0.6121588945388794
0.5753933191299438
0.6154091954231262
0.7128939032554626
0.4591946005821228
0.5373473167419434
0.7001733183860779
1.1967885494232178
0.5028344988822937
0.8697153925895691
1.0681556463241577
0.7604852914810181
1.1508774757385254
1.3310537338256836
0.6369764804840088
0.947125256061554
1.0068506002426147
1.1853010654449463
0.7499893307685852
1.3674381971359253
1.1137813329696655
0.6422964930534363
0.8120867013931274
0.9147189855575562
0.6616638898849487
0.6417031288146973
0.7048512101173401
0.8631727695465088
0.5735521912574768
0.9741278290748596
0.7718356847763062
0.6901013255119324
0.5704286694526672
0.7339070439338684
1.1676172018051147
0.7482304573059082
0.7060568928718567
0.7812062501907349
0.6630745530128479
0.6260518431663513
0.9286467432975769
0.666925311088562
0.4669988453388214
0.5460774302482605
0.5802185535430908
0.4695931673049927
0.6406634449958801
0.6889665126800537
0.6914081573486328
0.8654546737670898
0.5474985241889954
0.6444752216339111
0.5832640528678894
0.4790097773075104
0.3691844344139099
0.5860973000526428
0.6791018843650818
0.648566722869873
0.47302481532096863
0.586197555065155
0.9593590497970581
0.6302734613418579
1.0623109340667725
0.643412709236145
1.0873345136642456
1.0965220928192139
0.7675176858901978
0.6921961903572083
0.6198661923408508
1.2383877038955688
0.6796018481254578
0.6072775721549988
0.9512948989868164
0.862994372844696
0.6217111349105835
0.801606297492981
0.7429929971694946
1.0610063076019287
0.7091138958930969
1.3746532201766968
1.5045337677001953
0.6985501050949097
0.59675532579422
1.4705413579940796
1.552525520324707
1.5208241939544678
0.5896245837211609
1.2878090143203735
1.506981372833252
1.5055947303771973
0.8425827622413635
1.205121636390686
1.5852644443511963
1.145331621170044
0.5185295939445496
0.7482215166091919
0.7530660629272461
0.7665583491325378
0.6004664897918701
0.43397727608680725
0.9026544690132141
0.9741348028182983
0.6666250228881836
0.6171485781669617
1.0961331129074097
0.8435596823692322
0.7740050554275513
0.5239583253860474
0.7812919020652771
1.1041908264160156
0.615062415599823
0.6879336833953857
0.8750587701797485
0.8670686483383179
0.5103775262832642
0.8945064544677734
0.5715223550796509
0.5759537816047668
0.9857006669044495
1.0472463369369507
0.5860288143157959
1.024665117263794
0.7971930503845215
0.6536822319030762
0.8874855041503906
1.1770097017288208
0.6881812810897827
0.5783342719078064
0.5804736614227295
0.8258160352706909
0.9650384783744812
0.4751047194004059
0.6859037280082703
0.5428875684738159
0.6345250606536865
0.5634046792984009
0.7131367325782776
0.5221834778785706
0.4509473145008087
0.6801172494888306
0.6493968963623047
0.7643564939498901
0.47799304127693176
0.506666898727417
0.524086594581604
0.6923009753227234
0.6642789840698242
0.4840962290763855
0.45117536187171936
0.46377232670783997
0.6571949124336243
0.5623003244400024
0.6482545733451843
0.8317717909812927
0.6042532324790955
0.6648750305175781
0.4560045897960663
0.665240466594696
0.6476218104362488
0.8402296900749207
0.7032694220542908
1.1416049003601074
0.5688027143478394
0.7507593035697937
0.6183109879493713
0.44793909788131714
0.9201880693435669
0.7894595265388489
0.6231692433357239
0.8237466812133789
0.9125403165817261
0.6572906970977783
0.636558473110199
0.7169637680053711
0.6568552851676941
0.653123140335083
0.7049404382705688
0.4702807664871216
0.396860271692276
0.5650568604469299
0.48580679297447205
0.5109650492668152
0.5530494451522827
0.5359718799591064
0.5438427925109863
0.611803412437439
0.7840322256088257
0.4189472794532776
0.558595597743988
0.5544086694717407
0.9038834571838379
0.706120491027832
0.6728041768074036
0.7077916860580444
0.5179942846298218
0.727083683013916
0.7080047130584717
0.6582701802253723
0.8204628825187683
0.603876531124115
0.7771878242492676
0.6079384684562683
0.4732588529586792
0.6024407744407654
0.6424910426139832
0.5188805460929871
0.5921252965927124
0.5300320386886597
0.5193596482276917
0.47382012009620667
0.6007909178733826
0.5441319346427917
0.5729069709777832
0.48632553219795227
0.7378796935081482
0.6148900389671326
0.635704517364502
0.7031412720680237
0.5451427102088928
0.4789271354675293
0.6714290976524353
0.43180033564567566
0.5747831463813782
0.6438729166984558
0.6258139610290527
0.7660013437271118
0.7705796360969543
0.7106571793556213
0.7644501328468323
0.8178734183311462
0.6591327786445618
0.4894666373729706
0.5641457438468933
0.5703834891319275
0.7177785634994507
0.5238503217697144
0.7870365977287292
0.6047983169555664
0.6712079644203186
0.46211907267570496
0.5855522751808167
0.4556178152561188
0.6288324594497681
0.569372296333313
0.42476192116737366
0.5559442043304443
0.5355434417724609
0.5455238819122314
0.67038494348526
0.4930422306060791
0.525081217288971
0.507193922996521
0.44409963488578796
0.6552358865737915
0.6173151731491089
0.47626715898513794
1.0773214101791382
0.5701451897621155
0.7402318120002747
0.523373007774353
0.8159008622169495
0.5484758019447327
0.5279852747917175
0.5261592268943787
0.8172370195388794
0.5927619934082031
0.6179783940315247
0.4813852906227112
0.7477847337722778
0.8708440661430359
0.8146458268165588
0.45722928643226624
0.7022375464439392
0.7281462550163269
0.9026340246200562
0.93284672498703
0.6627134084701538
0.6332516074180603
0.751386284828186
0.9474502205848694
0.8818055987358093
0.46681687235832214
0.5807535648345947
0.7527981996536255
0.6633051037788391
0.8898062109947205
0.7181410193443298
0.7549942135810852
0.5675327181816101
0.7894995212554932
0.8894587755203247
0.5468189120292664
0.5532128214836121
0.3822591304779053
0.9728924632072449
0.5541114211082458
1.0729442834854126
0.5550629496574402
0.5139690041542053
0.6318864226341248
0.7804014086723328
1.0704467296600342
0.5609248280525208
0.5733277797698975
0.49482470750808716
0.5311797857284546
0.7486858367919922
0.6568776965141296
0.518893837928772
0.4040873348712921
0.4969068467617035
0.4251328706741333
0.4885087311267853
0.8947256207466125
0.6231923699378967
0.611843466758728
0.3841966688632965
0.6074635982513428
0.8128247261047363
0.6928519606590271
0.5412418246269226
0.46438834071159363
0.5758272409439087
0.6606053113937378
0.5951905846595764
0.45421913266181946
0.5725091695785522
0.5461665391921997
1.0334601402282715
0.6701188683509827
0.463227242231369
0.4902960956096649
0.4249613583087921
0.46651700139045715
0.5787857174873352
0.6600949168205261
0.45171424746513367
0.5876026153564453
0.5340205430984497
0.5969305634498596
0.44751012325286865
0.4305543601512909
0.43141865730285645
0.457001656293869
0.6102951169013977
0.4410509467124939
0.5191993117332458
0.8520409464836121
0.6023895740509033
0.5141708254814148
0.45428240299224854
0.5516500473022461
0.73100745677948
0.5874965190887451
0.6143442988395691
0.5104464292526245
0.6664586067199707
0.5480512380599976
0.6907051801681519
0.858963131904602
0.4296345114707947
0.4333666265010834
0.6861371397972107
0.5355715155601501
0.8081312775611877
0.5956615209579468
0.4326880872249603
0.540595293045044
0.5569518804550171
0.7380841374397278
0.6337605118751526
0.709354043006897
0.6242502331733704
0.4305998980998993
0.4424225091934204
0.6843376159667969
0.6191897392272949
0.6355410218238831
0.581049382686615
0.6409314870834351
0.5676825642585754
0.4704999327659607
0.4661538898944855
0.4576154947280884
0.48357686400413513
0.6810802221298218
0.8074744939804077
0.5554927587509155
0.5242438316345215
0.4587702751159668
0.6089056730270386
0.5118805170059204
0.5557872653007507
0.504133403301239
0.592462420463562
0.7120267748832703
0.5467913150787354
0.5489539504051208
0.6305316686630249
0.49482402205467224
0.49709346890449524
0.5887854099273682
0.6752576231956482
0.45167994499206543
0.713741660118103
0.4703778028488159
0.5392509698867798
0.5024545788764954
0.4558875262737274
0.4620932936668396
0.8053826689720154
0.6162014603614807
0.6638266444206238
0.5176731944084167
0.5190632343292236
0.5696597099304199
0.6556077003479004
0.5600690841674805
0.6955607533454895
0.5237494707107544
0.5331000685691833
0.6529273390769958
0.7220932841300964
0.7079707980155945
0.7470146417617798
0.5692980289459229
0.5096385478973389
0.4640945792198181
0.5612045526504517
0.6192126274108887
0.5009524822235107
0.4757201075553894
0.5151773691177368
1.0210810899734497
0.5089669227600098
0.6435039043426514
0.5917022228240967
0.4040161371231079
0.6202729940414429
0.5586392879486084
0.5594980120658875
0.5388115048408508
0.5507043600082397
0.4257650375366211
0.4964897930622101
0.46545708179473877
0.3967245817184448
0.4912819564342499
0.5233348608016968
0.5444701313972473
0.5070272088050842
0.5584205985069275
0.4412249028682709
0.5385472774505615
0.4213945269584656
0.4929564893245697
0.6092814207077026
0.5204464197158813
0.4297128915786743
0.581705629825592
0.5574848055839539
0.6524658799171448
0.5022814273834229
0.46219131350517273
0.5323756337165833
0.6164038181304932
0.5004820227622986
0.604924201965332
0.49850884079933167
0.5914849638938904
0.43678411841392517
0.5519497394561768
