584.8418579101562
684.8731079101562
701.085205078125
697.9738159179688
710.8341674804688
701.111083984375
710.15185546875
720.9268798828125
705.4644165039062
712.98974609375
715.0004272460938
744.7597045898438
746.1259155273438
752.7850952148438
798.1264038085938
812.9737548828125
837.4209594726562
827.8414916992188
862.860107421875
887.9508056640625
926.1043701171875
962.618896484375
1016.8324584960938
1050.057861328125
1095.4171142578125
1122.7713623046875
1212.58154296875
1224.574462890625
1300.1268310546875
1369.04296875
1481.6416015625
1553.7850341796875
1701.3187255859375
1809.1190185546875
1975.0560302734375
2073.627685546875
2280.27685546875
2725.1455078125
3141.991455078125
3621.246826171875
4723.81201171875
6318.40283203125
7656.10986328125
60553.76953125
185195.90625
202222.546875
98775.9921875
26562.27734375
6312.75146484375
6247.35009765625
6504.11865234375
5858.3701171875
4896.4560546875
3410.823486328125
48596.34375
63138.41015625
36614.3203125
11497.595703125
1937.599365234375
3821.688720703125
4446.7392578125
4253.7021484375
2089.120849609375
8110.9326171875
14944.2041015625
10186.2177734375
1691.5799560546875
3682.176513671875
3646.11962890625
2159.423828125
4847.755859375
10228.4580078125
3802.969482421875
1950.4482421875
2198.556396484375
1605.518798828125
8657.076171875
11529.6572265625
5753.97265625
2328.93212890625
3674.401123046875
1825.5162353515625
5705.80859375
11269.26953125
2337.30126953125
4043.030517578125
4590.38916015625
3743.501953125
3490.825927734375
6904.94970703125
1043.68701171875
2844.057861328125
4583.91357421875
2669.8935546875
12191.8505859375
21237.025390625
10784.828125
1566.0450439453125
1864.148193359375
891.3322143554688
9961.33203125
10874.2314453125
3239.779541015625
4452.650390625
4456.82958984375
4186.66064453125
1386.8681640625
13986.83203125
31846.376953125
24595.74609375
3189.260498046875
4457.8759765625
4012.4541015625
4719.87353515625
2647.380615234375
9919.9951171875
20503.07421875
11910.787109375
1474.0205078125
4262.5380859375
5033.0048828125
5197.53662109375
4012.6630859375
21085.27734375
67998.0078125
50839.81640625
14854.8046875
2458.489990234375
3737.369873046875
2330.082275390625
5484.7177734375
5724.64697265625
950.6902465820312
3758.39453125
3394.072265625
2233.951416015625
4132.89990234375
8300.6259765625
2340.1025390625
2987.619873046875
2888.001708984375
2009.458984375
8860.044921875
13280.3037109375
7299.7197265625
1877.5029296875
2743.072265625
543.9940185546875
7276.373046875
9240.6220703125
2698.925537109375
3330.8310546875
3972.1728515625
3755.234130859375
998.6830444335938
4871.71728515625
2406.99365234375
3253.144287109375
3482.105224609375
1607.1455078125
11908.3154296875
24069.50390625
9177.7041015625
1262.8447265625
1994.8531494140625
1366.89404296875
7152.4990234375
7796.64501953125
2014.9998779296875
3087.048828125
3773.200439453125
3092.99755859375
606.0250854492188
13804.3056640625
23324.623046875
8414.9384765625
1588.7020263671875
1749.77099609375
1436.0479736328125
3682.4775390625
2931.664306640625
1123.52197265625
1652.3671875
988.3849487304688
420.7332763671875
1128.2764892578125
1751.462158203125
796.4697875976562
802.886962890625
4965.65869140625
2317.8505859375
2059.96240234375
2459.56689453125
1726.782958984375
618.607177734375
438.35638427734375
1927.500732421875
757.9271240234375
2504.4150390625
774.3311767578125
1251.9144287109375
4685.435546875
2181.268798828125
2501.072509765625
1731.1307373046875
1652.9425048828125
1312.0001220703125
2115.85546875
2209.860107421875
1236.821044921875
1323.46435546875
1959.4805908203125
1450.5540771484375
4260.79833984375
3650.601318359375
918.6392822265625
1087.9329833984375
2338.08154296875
1327.4456787109375
1615.454833984375
1356.1177978515625
417.4072265625
8610.837890625
9545.7783203125
4013.361328125
1405.289794921875
1609.3499755859375
661.4087524414062
3767.898193359375
2736.92822265625
417.76556396484375
1797.4151611328125
1466.9412841796875
3292.82177734375
6001.0859375
1851.1112060546875
1332.6153564453125
1045.263916015625
694.8197631835938
805.2489013671875
1117.7705078125
1110.762939453125
295.1521911621094
3532.579833984375
3554.980224609375
1194.5828857421875
1542.63671875
1964.1363525390625
1495.868896484375
311.53875732421875
9213.302734375
16686.45703125
8904.986328125
2191.0
787.7108154296875
849.74951171875
858.4492797851562
546.5748901367188
1278.26025390625
432.0857849121094
875.8634643554688
741.2083129882812
275.977783203125
4760.603515625
4892.10302734375
566.383544921875
1549.4427490234375
1677.34326171875
1234.8172607421875
383.153076171875
1979.9156494140625
510.52130126953125
649.7529907226562
836.83984375
216.25875854492188
720.7548828125
233.71934509277344
677.2366333007812
778.9237670898438
327.76409912109375
694.94384765625
487.5652160644531
166.04409790039062
444.44049072265625
684.6221313476562
475.90716552734375
487.71466064453125
816.006591796875
104.97533416748047
1146.1729736328125
905.6245727539062
415.617431640625
517.0305786132812
449.7244873046875
282.7632141113281
231.18687438964844
165.2872314453125
497.1919250488281
445.4249267578125
500.8045349121094
343.65106201171875
209.99118041992188
375.9182434082031
527.0148315429688
542.0274047851562
372.0417785644531
309.1241760253906
644.2850952148438
647.2366333007812
463.7725524902344
334.3775329589844
294.76300048828125
194.60191345214844
598.3375854492188
221.8104705810547
196.70021057128906
56.103721618652344
530.25244140625
287.5250244140625
309.8409118652344
461.16827392578125
455.5883483886719
232.70201110839844
155.74578857421875
86.00953674316406
298.55548095703125
328.9130554199219
269.6609802246094
246.41720581054688
454.9347229003906
209.70184326171875
284.0465393066406
108.93074798583984
390.8599548339844
287.47418212890625
172.5198974609375
119.63147735595703
94.5533218383789
418.4219665527344
233.24468994140625
145.5027618408203
293.83941650390625
236.06353759765625
149.98228454589844
489.73712158203125
416.8207092285156
256.9705810546875
755.5863037109375
136.02987670898438
417.6533203125
594.9105224609375
514.763427734375
361.885986328125
1001.40283203125
510.02423095703125
323.377685546875
555.1723022460938
99.51626586914062
745.435791015625
842.8233032226562
207.8690948486328
357.0391845703125
675.7284545898438
323.7253723144531
566.1141357421875
916.1624755859375
230.95538330078125
368.0505065917969
578.044921875
126.51853942871094
269.4430236816406
281.2032470703125
296.412841796875
157.99330139160156
95.81655883789062
71.76110076904297
167.4308624267578
257.3508605957031
177.03147888183594
290.2112121582031
623.3522338867188
116.2381591796875
297.8279724121094
69.02183532714844
231.84906005859375
239.10252380371094
337.5858459472656
256.838134765625
259.29345703125
1395.6685791015625
1171.432861328125
264.7337341308594
438.8890686035156
564.9002685546875
418.57928466796875
248.38465881347656
890.9240112304688
372.3475036621094
76.60418701171875
760.6734008789062
487.6058044433594
136.45928955078125
344.18817138671875
69.90257263183594
403.91644287109375
125.95877838134766
178.9812774658203
41.89045715332031
157.43624877929688
280.2726745605469
301.84075927734375
349.78851318359375
1298.9345703125
1866.3804931640625
1348.8875732421875
429.12310791015625
506.7725524902344
570.1866455078125
667.0142822265625
397.85675048828125
361.2106018066406
820.7504272460938
827.9183349609375
107.00536346435547
590.2528686523438
615.2854614257812
741.6491088867188
506.4658508300781
298.5162658691406
693.9542236328125
577.5045166015625
163.5638427734375
596.1635131835938
470.3480529785156
776.9622192382812
285.0596618652344
388.8290100097656
701.1205444335938
655.7005615234375
122.10022735595703
445.75909423828125
542.2102661132812
287.89105224609375
125.90264892578125
150.81231689453125
111.48230743408203
146.4694061279297
209.93849182128906
60.47166061401367
142.6587677001953
248.0897674560547
290.2174987792969
290.5132141113281
64.562744140625
437.0891418457031
414.79376220703125
156.50404357910156
377.2914733886719
392.4769592285156
200.20440673828125
350.41339111328125
583.6100463867188
102.99942016601562
56.938499450683594
352.8746032714844
317.2428894042969
308.2804870605469
198.89157104492188
336.002197265625
464.47222900390625
229.7592010498047
244.452880859375
190.23789978027344
223.48489379882812
269.7287902832031
304.6615295410156
177.75819396972656
739.9595336914062
634.2625122070312
637.6093139648438
147.64056396484375
390.42303466796875
557.676513671875
463.8756103515625
383.3266296386719
143.42762756347656
416.385986328125
293.88885498046875
277.3843688964844
372.2116394042969
514.6339111328125
438.5765380859375
195.51092529296875
269.5223693847656
891.653564453125
429.9587097167969
207.87326049804688
250.81961059570312
453.6275939941406
474.7700500488281
329.45452880859375
260.5615539550781
428.23077392578125
512.6669311523438
56.951904296875
190.6936492919922
172.27919006347656
177.55111694335938
128.30149841308594
80.14684295654297
182.00460815429688
98.920166015625
166.50775146484375
130.46817016601562
105.64286804199219
161.88473510742188
69.87742614746094
245.10667419433594
58.179908752441406
202.9443817138672
151.6040496826172
70.1474380493164
42.173038482666016
295.9273376464844
164.8824462890625
105.09587860107422
253.06666564941406
273.3586120605469
201.48153686523438
293.7115783691406
351.6302490234375
166.32347106933594
640.2545166015625
881.2723999023438
870.5997314453125
440.414794921875
82.81133270263672
290.4135437011719
435.3566589355469
172.57054138183594
249.98440551757812
283.052001953125
280.9992980957031
127.17366790771484
119.32349395751953
165.78878784179688
338.8846435546875
305.3608703613281
208.1508331298828
34.46525192260742
369.6899108886719
228.19053649902344
245.71102905273438
145.49609375
225.35635375976562
91.86296081542969
108.8359603881836
82.77027130126953
138.35845947265625
61.94475555419922
219.84765625
272.27484130859375
218.3595428466797
332.619384765625
345.32647705078125
113.82188415527344
77.6758804321289
74.98892974853516
237.68759155273438
168.29147338867188
130.9722442626953
58.05807876586914
459.2635192871094
591.7982177734375
457.9111328125
364.75299072265625
178.27870178222656
324.5476379394531
482.1344299316406
331.5129699707031
113.8106460571289
241.67166137695312
224.49159240722656
83.08261108398438
237.92359924316406
510.58831787109375
96.74083709716797
106.31494903564453
214.37611389160156
70.11184692382812
98.86726379394531
308.70269775390625
176.24932861328125
94.684326171875
189.07894897460938
115.6208267211914
50.564273834228516
95.34691619873047
43.61945724487305
152.2072296142578
65.37789916992188
394.2903747558594
426.2978210449219
368.4722595214844
304.476806640625
189.51097106933594
422.0205993652344
393.5917053222656
78.93142700195312
30.148462295532227
201.50083923339844
487.3883056640625
323.82537841796875
93.4490966796875
224.51644897460938
346.8648376464844
191.3662109375
143.1462860107422
137.89659118652344
114.9992446899414
175.54530334472656
223.05101013183594
80.65774536132812
169.06890869140625
280.87176513671875
101.12800598144531
198.84605407714844
133.28346252441406
144.63327026367188
121.32637023925781
301.6900939941406
147.8195037841797
68.68878173828125
326.32794189453125
390.07354736328125
419.8711853027344
321.1727294921875
134.35684204101562
214.05870056152344
456.9790954589844
406.23236083984375
264.95977783203125
148.6582794189453
284.5445556640625
404.6830139160156
402.3479309082031
355.38470458984375
216.10238647460938
74.36695861816406
484.82904052734375
1013.40185546875
929.82275390625
788.7811889648438
617.6345825195312
233.010986328125
249.73074340820312
382.2673645019531
406.3763427734375
417.28302001953125
281.93060302734375
136.98106384277344
324.360595703125
297.09857177734375
282.49896240234375
145.0724639892578
130.1129150390625
274.7073974609375
160.71763610839844
123.15276336669922
170.84744262695312
188.85084533691406
80.96818542480469
75.09870147705078
38.643367767333984
90.08855438232422
99.37466430664062
151.85853576660156
60.88986587524414
133.23049926757812
33.91700744628906
97.75996398925781
74.65116882324219
111.37548828125
57.297855377197266
23.098285675048828
121.29488372802734
78.68091583251953
198.96009826660156
84.77421569824219
228.57867431640625
49.730552673339844
27.54262924194336
111.86811828613281
223.84609985351562
118.40001678466797
199.466552734375
104.99391174316406
36.47505569458008
89.6425552368164
227.2644805908203
310.32525634765625
199.8463592529297
178.27935791015625
78.83012390136719
229.5269317626953
320.55108642578125
114.17021179199219
74.42649841308594
61.86695861816406
177.81275939941406
255.76016235351562
153.47088623046875
84.24940490722656
217.33644104003906
227.44192504882812
320.5899658203125
199.04595947265625
132.00819396972656
66.7410888671875
264.77105712890625
46.52547073364258
48.513671875
68.25106048583984
75.747802734375
80.3708724975586
144.04173278808594
98.16095733642578
38.95774459838867
34.068729400634766
63.197879791259766
70.31768798828125
126.39983367919922
190.70916748046875
96.89132690429688
77.21916961669922
125.38854217529297
130.68653869628906
246.57923889160156
29.919288635253906
103.97093200683594
64.14019775390625
45.5483283996582
31.14044952392578
35.04890823364258
131.81214904785156
189.14642333984375
121.44879913330078
162.41799926757812
313.26422119140625
204.03805541992188
84.17251586914062
158.8157196044922
238.00146484375
174.6757354736328
195.5543212890625
33.82669448852539
227.92408752441406
297.9742431640625
320.8408203125
146.75962829589844
56.80166244506836
160.69000244140625
193.26974487304688
98.00868225097656
70.83128356933594
128.72921752929688
174.1641082763672
56.261474609375
64.58058166503906
131.93858337402344
60.742488861083984
86.70358276367188
76.05992889404297
31.313159942626953
114.05432891845703
94.72578430175781
81.55621337890625
56.54716491699219
140.99090576171875
33.01512908935547
30.813323974609375
195.65328979492188
236.30572509765625
93.42144012451172
141.72882080078125
118.20149993896484
106.48516082763672
36.98794937133789
112.06653594970703
281.1138916015625
155.39425659179688
49.70440673828125
84.8919677734375
134.40908813476562
115.0670166015625
100.3290786743164
59.27130889892578
192.80247497558594
31.228025436401367
25.728191375732422
47.50028610229492
56.06357192993164
44.20527648925781
70.21905517578125
126.98407745361328
74.88639831542969
59.411834716796875
37.775428771972656
104.07316589355469
163.64198303222656
40.035926818847656
25.74768829345703
155.96246337890625
87.93026733398438
93.49700927734375
51.67165756225586
55.794769287109375
23.20684051513672
128.77584838867188
104.99237823486328
90.84854125976562
175.23068237304688
192.7939453125
152.7875518798828
72.22286224365234
193.48504638671875
290.207275390625
139.69354248046875
154.1202392578125
90.76461029052734
202.45550537109375
172.86106872558594
189.669921875
209.92466735839844
154.56004333496094
189.2396240234375
64.00780487060547
182.04257202148438
155.16586303710938
224.54571533203125
105.90949249267578
36.550445556640625
212.71441650390625
186.6247100830078
159.60765075683594
43.16520690917969
203.97271728515625
107.72766876220703
169.43186950683594
52.899803161621094
58.42066192626953
266.5054931640625
147.81507873535156
58.77622985839844
79.11259460449219
131.06356811523438
122.79703521728516
177.5520782470703
185.96705627441406
215.66714477539062
148.16317749023438
149.51126098632812
153.2469482421875
183.91505432128906
42.977535247802734
29.663259506225586
170.5355682373047
229.96533203125
218.2344970703125
66.7686767578125
135.04527282714844
144.3323974609375
144.0582733154297
87.48296356201172
124.01983642578125
290.55352783203125
227.4209442138672
99.16636657714844
29.421396255493164
140.58270263671875
159.29278564453125
178.54356384277344
61.58696365356445
216.219970703125
104.06991577148438
76.42935943603516
61.49486541748047
165.7827606201172
234.7721405029297
151.4990997314453
163.8501434326172
51.80870819091797
50.297210693359375
134.1726837158203
33.93163299560547
55.297176361083984
143.31809997558594
126.69412994384766
147.64854431152344
56.69279479980469
24.98783302307129
135.84642028808594
65.73473358154297
158.25099182128906
180.80889892578125
103.4061050415039
63.80126953125
85.3380126953125
179.4449462890625
86.37169647216797
49.262386322021484
42.48310470581055
135.5025177001953
24.292638778686523
21.041961669921875
49.31706619262695
119.39286804199219
133.68704223632812
100.43087768554688
131.09283447265625
88.42362213134766
48.15554428100586
18.026348114013672
170.38726806640625
306.06549072265625
52.43856430053711
116.90293884277344
143.0406951904297
77.9460678100586
84.0173110961914
36.98120880126953
149.4192657470703
138.3954620361328
32.29256820678711
24.296226501464844
104.3033218383789
38.51612854003906
38.108123779296875
87.71329498291016
25.16493034362793
134.90567016601562
161.0299072265625
293.17840576171875
55.06599044799805
67.10929107666016
51.25278854370117
33.204750061035156
51.42115020751953
34.07705307006836
125.15536499023438
37.00102615356445
30.059505462646484
232.44676208496094
268.57647705078125
149.9222869873047
215.5294952392578
43.70810317993164
43.58195495605469
134.11439514160156
253.26385498046875
323.9799499511719
205.3826141357422
68.45980072021484
51.17268753051758
159.55300903320312
177.0128631591797
39.6580810546875
48.69148254394531
126.19552612304688
165.11497497558594
119.99081420898438
44.43923568725586
102.00731658935547
48.307167053222656
54.10928726196289
226.7857666015625
170.09364318847656
92.40330505371094
61.77123260498047
39.129661560058594
143.3504638671875
67.726806640625
75.73031616210938
52.458595275878906
85.98125457763672
111.3453140258789
21.87936782836914
39.290775299072266
30.91987419128418
100.50651550292969
70.7708740234375
61.375282287597656
40.463623046875
57.20205307006836
64.8001480102539
196.23118591308594
122.79435729980469
84.03598022460938
310.9453430175781
239.9272003173828
250.05982971191406
166.15463256835938
69.73036193847656
14.095551490783691
11.583492279052734
62.020748138427734
26.8249454498291
67.904296875
16.112306594848633
171.35633850097656
158.55120849609375
120.11228942871094
36.90978240966797
133.65609741210938
194.2160186767578
68.2577133178711
42.022544860839844
117.15342712402344
142.43212890625
176.07968139648438
67.7448501586914
55.38288497924805
80.09207916259766
100.92461395263672
91.56785583496094
82.80472564697266
222.9283905029297
118.63549041748047
42.26062774658203
18.792173385620117
137.6224365234375
207.1747589111328
194.3115997314453
225.0023956298828
93.85707092285156
47.049652099609375
221.41555786132812
148.7854766845703
101.5992202758789
48.613765716552734
143.17657470703125
43.2523307800293
75.06292724609375
27.377126693725586
93.654052734375
22.900585174560547
70.43135070800781
40.756568908691406
134.24853515625
149.60960388183594
146.82090759277344
24.452068328857422
20.650819778442383
28.506866455078125
196.76336669921875
273.8776550292969
52.9399528503418
51.740928649902344
45.380374908447266
134.7082061767578
86.41325378417969
109.1318130493164
73.33541107177734
163.31385803222656
94.428466796875
43.34278869628906
92.18289184570312
110.9870376586914
105.91536712646484
70.80439758300781
27.08363151550293
138.04396057128906
163.2565155029297
136.6211395263672
42.75010681152344
173.4293975830078
187.8537139892578
170.7362518310547
115.04715728759766
72.8064193725586
54.547569274902344
95.96599578857422
262.5860290527344
102.51949310302734
122.9046401977539
100.3868179321289
150.38121032714844
205.38052368164062
108.65303802490234
82.5299072265625
75.13933563232422
98.34990692138672
123.07622528076172
113.45600128173828
44.92741012573242
99.48262786865234
17.122447967529297
12.156229019165039
33.08113479614258
21.1715145111084
16.793228149414062
59.56966018676758
46.281192779541016
87.21212768554688
25.162805557250977
90.0670166015625
21.03108787536621
77.42923736572266
31.58504867553711
90.54182434082031
83.39886474609375
163.96539306640625
71.98838806152344
91.81454467773438
250.88783264160156
136.8230743408203
138.274658203125
136.53652954101562
104.24038696289062
80.42285919189453
146.65634155273438
117.76140594482422
23.92109489440918
18.91859245300293
51.26658630371094
23.60817527770996
75.51365661621094
33.850772857666016
12.794754981994629
239.5958709716797
79.84536743164062
155.9161834716797
71.2374038696289
77.31947326660156
66.02572631835938
73.63417053222656
53.71389389038086
86.30630493164062
112.18878173828125
52.42424774169922
13.972113609313965
47.17698669433594
60.75783920288086
28.9563045501709
15.478470802307129
113.28440856933594
186.91981506347656
42.594966888427734
35.93911361694336
75.2239990234375
69.60739135742188
124.00726318359375
34.75636291503906
46.1333122253418
93.05891418457031
73.70272064208984
114.11144256591797
68.59494018554688
75.41284942626953
41.57790756225586
24.68647575378418
50.14238357543945
112.93974304199219
66.01912689208984
50.24357223510742
215.1690673828125
124.44371032714844
250.80738830566406
55.61404037475586
94.93345642089844
29.26723861694336
74.30325317382812
28.95792007446289
86.01898956298828
46.81764602661133
77.9014663696289
48.448516845703125
63.492435455322266
75.67221069335938
62.25202178955078
51.160736083984375
42.45352554321289
99.07516479492188
90.54320526123047
123.28841400146484
28.177494049072266
56.20263671875
255.50111389160156
158.2259979248047
57.7016487121582
30.07498550415039
41.898101806640625
33.812408447265625
44.97761535644531
24.339174270629883
11.286115646362305
41.14780044555664
104.05675506591797
27.903121948242188
145.03292846679688
124.11299896240234
131.2105255126953
80.05755615234375
32.37507247924805
136.8251953125
185.22998046875
153.85055541992188
27.196392059326172
48.155296325683594
34.780601501464844
20.606487274169922
14.415858268737793
15.461633682250977
86.21145629882812
26.14246940612793
62.25111389160156
12.454020500183105
29.62611198425293
79.11946105957031
108.07170867919922
48.71108627319336
101.51473236083984
38.2349739074707
62.70884323120117
18.339542388916016
20.9233341217041
56.092132568359375
50.186824798583984
21.05728530883789
64.83224487304688
35.962989807128906
21.764005661010742
21.2947940826416
24.814434051513672
166.5111541748047
40.63515090942383
14.50278091430664
84.3129653930664
148.8542022705078
39.356773376464844
106.52082824707031
50.729007720947266
172.81033325195312
69.82649993896484
59.8603515625
47.268043518066406
62.874637603759766
81.27627563476562
14.698575019836426
36.45956802368164
106.9333724975586
21.920137405395508
26.095874786376953
18.29697036743164
52.24991226196289
53.66490936279297
118.63009643554688
74.76961517333984
28.710134506225586
18.24577522277832
131.60548400878906
125.78752899169922
268.232421875
201.0111083984375
111.4620590209961
101.35552978515625
64.68252563476562
125.79380798339844
89.54864501953125
17.107833862304688
14.736783027648926
40.77119064331055
43.69874954223633
59.73835754394531
32.217891693115234
11.45732593536377
35.51073455810547
148.7364959716797
90.96638488769531
111.470703125
224.58517456054688
128.6020965576172
26.61534309387207
66.46102142333984
52.87904357910156
41.98752212524414
63.79894256591797
70.10203552246094
100.30326843261719
21.75995635986328
37.447269439697266
142.88211059570312
133.8904571533203
123.43074035644531
121.62683868408203
70.4648208618164
43.292327880859375
19.47736167907715
59.95842742919922
63.238746643066406
23.57415199279785
48.2719612121582
73.50894927978516
53.64337921142578
39.32434844970703
17.690574645996094
152.42724609375
120.24641418457031
177.15904235839844
20.940980911254883
115.2651138305664
61.86879348754883
183.55812072753906
65.73411560058594
34.18041229248047
129.8541259765625
52.992374420166016
108.4441146850586
52.580596923828125
220.48760986328125
68.47239685058594
71.31987762451172
22.626728057861328
15.601875305175781
42.97811508178711
100.10839080810547
127.91250610351562
217.40309143066406
58.42237854003906
89.44702911376953
63.38739776611328
15.292352676391602
181.93841552734375
30.271915435791016
153.5150909423828
57.48680877685547
93.900146484375
39.146907806396484
222.0758514404297
170.88597106933594
123.65208435058594
131.10484313964844
36.16291427612305
79.75553131103516
86.37606811523438
140.67266845703125
67.38069915771484
32.45460510253906
33.797760009765625
28.257654190063477
12.524826049804688
130.5385284423828
155.98513793945312
67.63134002685547
26.2894287109375
144.77685546875
55.82606506347656
219.10400390625
155.4397430419922
108.03003692626953
82.6975326538086
37.54819107055664
193.7980499267578
261.56378173828125
67.02638244628906
18.462831497192383
151.18728637695312
79.11373901367188
80.9065933227539
88.21587371826172
63.837894439697266
163.2622528076172
44.32402420043945
121.22601318359375
101.81925201416016
42.6733512878418
44.42850875854492
86.61544799804688
24.740976333618164
19.693574905395508
71.9294662475586
48.55836486816406
17.599117279052734
19.955686569213867
88.93733215332031
77.318603515625
86.48058319091797
20.074180603027344
13.079614639282227
33.876914978027344
90.32697296142578
63.42232131958008
140.9794464111328
86.71666717529297
79.56736755371094
32.206912994384766
18.45185089111328
32.420196533203125
119.27626037597656
58.83673095703125
154.31341552734375
51.109745025634766
78.00518035888672
37.65953826904297
54.65896987915039
22.003644943237305
28.06998062133789
16.045124053955078
117.38568115234375
158.3824462890625
114.95527648925781
34.41891860961914
29.612224578857422
36.02663040161133
83.74234008789062
56.10679626464844
53.44736099243164
37.878173828125
139.69483947753906
127.79793548583984
171.76939392089844
21.42152976989746
47.48431396484375
93.34210968017578
116.18745422363281
15.902152061462402
53.15708541870117
156.7021484375
113.0265121459961
52.81630325317383
46.76028823852539
81.1744155883789
34.522830963134766
132.7296905517578
118.53141021728516
46.7757682800293
88.97039794921875
27.06538963317871
55.26673889160156
15.567822456359863
15.02678108215332
71.61244201660156
39.19969177246094
24.741199493408203
32.75659942626953
47.769901275634766
54.7862548828125
18.962175369262695
84.57906341552734
10.894346237182617
17.865955352783203
12.791390419006348
57.504085540771484
11.834689140319824
30.246511459350586
31.596925735473633
22.839656829833984
37.92606735229492
60.34415817260742
21.608020782470703
94.5049057006836
89.96684265136719
24.479673385620117
39.721099853515625
155.6002197265625
63.306480407714844
52.468868255615234
114.73774719238281
112.75031280517578
83.05883026123047
64.29095458984375
44.98522186279297
20.33677864074707
187.5705108642578
183.68934631347656
123.86325073242188
247.49949645996094
144.1317901611328
82.98741149902344
49.11098861694336
15.44333553314209
102.1820297241211
128.2052459716797
129.31845092773438
98.97811889648438
145.17637634277344
53.84617233276367
138.0236358642578
26.557199478149414
204.67626953125
216.57730102539062
174.11239624023438
185.38182067871094
58.48183822631836
101.3412094116211
42.63438034057617
53.698184967041016
49.881248474121094
65.78070068359375
138.79559326171875
176.90330505371094
39.352012634277344
23.4449405670166
29.711645126342773
60.232391357421875
27.021196365356445
227.05226135253906
45.02452850341797
25.96967124938965
27.19146156311035
51.11142349243164
72.68585968017578
31.558515548706055
62.24555969238281
15.989980697631836
125.61690521240234
59.382694244384766
12.990901947021484
28.645137786865234
55.03559494018555
17.957096099853516
62.1476936340332
97.00509643554688
93.46726989746094
63.38324737548828
28.72893524169922
22.357677459716797
11.028297424316406
59.20185852050781
137.73565673828125
123.7972412109375
159.52064514160156
103.04131317138672
158.00738525390625
91.0412826538086
50.56410217285156
55.86957931518555
137.34854125976562
186.89190673828125
172.17935180664062
229.07058715820312
263.42584228515625
141.82583618164062
99.45973205566406
42.386688232421875
60.76805114746094
55.11143112182617
91.8509292602539
57.95496368408203
129.86959838867188
100.34044647216797
98.91885375976562
32.621089935302734
11.303472518920898
26.770950317382812
141.0546417236328
36.143985748291016
147.0022735595703
110.44115447998047
68.01197814941406
56.53148651123047
22.961942672729492
35.85261917114258
38.117122650146484
62.710445404052734
73.95989990234375
215.82345581054688
56.31096267700195
40.0510139465332
106.2495346069336
18.517292022705078
31.012144088745117
46.23069763183594
28.31867027282715
38.46174240112305
19.424903869628906
136.89639282226562
50.644527435302734
16.109193801879883
22.338544845581055
56.6691780090332
72.83612823486328
105.64446258544922
23.89424705505371
11.43875503540039
41.69475555419922
75.33772277832031
14.367663383483887
64.63172912597656
65.9499282836914
11.100460052490234
45.026100158691406
6.807575225830078
85.43060302734375
31.088287353515625
100.10179138183594
12.814191818237305
46.9664192199707
12.019169807434082
24.840435028076172
12.223200798034668
120.4542465209961
13.146378517150879
95.14164733886719
40.267181396484375
23.491622924804688
23.588953018188477
9.479230880737305
79.58112335205078
75.57062530517578
120.39868927001953
142.58718872070312
46.0306510925293
14.188754081726074
118.59204864501953
107.24873352050781
87.06063079833984
124.91767883300781
236.12673950195312
175.47007751464844
78.38138580322266
74.74427795410156
96.9901351928711
51.513057708740234
30.683109283447266
99.91886138916016
139.9351348876953
114.29351043701172
151.8830108642578
52.40322494506836
37.671627044677734
63.9563102722168
166.7298126220703
59.38610076904297
30.565738677978516
29.731761932373047
34.568023681640625
134.14903259277344
46.7574462890625
10.962373733520508
106.78521728515625
66.16504669189453
64.25988006591797
33.70521545410156
74.52275085449219
10.747024536132812
62.77037811279297
17.765213012695312
86.66094207763672
70.13175964355469
21.713987350463867
65.65937042236328
23.612628936767578
66.95856475830078
63.378021240234375
23.248525619506836
41.366302490234375
11.117789268493652
33.167110443115234
59.793582916259766
15.859058380126953
37.57756042480469
130.18304443359375
31.95595932006836
26.479141235351562
123.1535873413086
48.92626953125
91.87718963623047
18.009950637817383
31.887601852416992
62.07923889160156
239.0586395263672
31.99031639099121
66.9581527709961
30.29190444946289
36.621925354003906
19.326908111572266
5.936359405517578
97.05329895019531
126.63141632080078
82.6500473022461
144.93190002441406
20.34239387512207
33.07876205444336
79.42047119140625
34.39632797241211
118.92486572265625
52.816715240478516
156.1697998046875
63.92697525024414
82.96768188476562
60.923091888427734
66.07037353515625
76.21165466308594
54.49410629272461
46.054359436035156
15.345162391662598
12.086233139038086
52.581077575683594
56.79771423339844
124.95916748046875
18.551668167114258
43.3911247253418
92.2399673461914
166.28981018066406
84.08485412597656
32.00623321533203
43.092559814453125
62.50239181518555
77.46607971191406
11.854976654052734
47.435394287109375
31.566646575927734
49.77719497680664
32.96688461303711
17.610647201538086
122.1529312133789
68.18779754638672
20.587560653686523
103.72164916992188
21.846633911132812
65.03819274902344
56.52590560913086
60.70417022705078
94.13208770751953
66.8919448852539
20.57229995727539
52.90937423706055
89.30301666259766
54.38640594482422
57.30246353149414
9.899736404418945
60.244911193847656
89.28585815429688
73.2189712524414
73.00703430175781
37.76023864746094
55.08549118041992
78.42715454101562
37.42534255981445
76.8968734741211
44.79085922241211
44.750885009765625
14.689799308776855
10.983039855957031
46.532470703125
12.274679183959961
29.307600021362305
26.852169036865234
64.85662841796875
76.30742645263672
55.52664566040039
126.44977569580078
55.96196365356445
84.68017578125
29.714309692382812
28.37378692626953
11.173797607421875
63.78006362915039
31.901899337768555
16.05199432373047
36.11435317993164
6.647158622741699
20.662342071533203
48.02629089355469
11.02476978302002
69.74635314941406
98.0461196899414
82.25997924804688
126.07679748535156
163.04066467285156
42.95709228515625
119.18316650390625
45.895023345947266
19.127500534057617
20.528902053833008
52.94210433959961
73.74234771728516
102.246826171875
70.17437744140625
12.323135375976562
56.10850524902344
62.589210510253906
15.060342788696289
34.00629425048828
58.573822021484375
40.77168655395508
17.809711456298828
40.61777114868164
60.21089553833008
72.07860565185547
89.329345703125
90.4620361328125
12.241826057434082
87.4334487915039
104.72589111328125
132.6919708251953
64.3533706665039
18.052339553833008
33.56321716308594
64.9541244506836
70.88655853271484
80.54991912841797
100.1611557006836
19.706741333007812
93.3604736328125
99.71630096435547
12.246804237365723
189.20611572265625
169.70274353027344
63.7081298828125
232.71084594726562
11.546343803405762
29.016216278076172
13.424872398376465
34.639862060546875
44.01259231567383
47.449790954589844
41.81733322143555
38.24067687988281
56.41389846801758
107.20018005371094
61.26300048828125
44.48232650756836
55.7232780456543
77.25941467285156
104.36934661865234
144.6919403076172
86.55854034423828
68.88683319091797
15.054259300231934
13.525625228881836
80.02833557128906
70.25849914550781
40.557395935058594
54.560543060302734
26.01535987854004
97.91998291015625
38.589683532714844
40.0788688659668
69.66814422607422
36.00676345825195
32.782291412353516
13.763114929199219
187.23619079589844
45.92784881591797
33.3924560546875
13.47634220123291
135.0633087158203
24.560941696166992
48.869937896728516
