19.174209594726562
18.164344787597656
17.368558883666992
18.448558807373047
18.633325576782227
18.813840866088867
18.320093154907227
18.482242584228516
18.44300079345703
18.290618896484375
16.92914390563965
18.610963821411133
18.548635482788086
18.531801223754883
18.675128936767578
18.12691307067871
18.859329223632812
18.309297561645508
16.909448623657227
18.341129302978516
18.417261123657227
18.51053237915039
16.517831802368164
18.40189552307129
18.60332679748535
18.125286102294922
16.408294677734375
16.263790130615234
18.219261169433594
18.265886306762695
18.36493682861328
18.33084487915039
18.735788345336914
18.241493225097656
17.699451446533203
18.075777053833008
17.63210678100586
17.67949867248535
17.05832290649414
17.74957847595215
17.693077087402344
16.99500274658203
15.27806568145752
17.55909538269043
15.348906517028809
17.02750015258789
17.089296340942383
17.029157638549805
16.609426498413086
17.07882308959961
16.541568756103516
16.359785079956055
16.647720336914062
15.845918655395508
15.853870391845703
15.444474220275879
16.035221099853516
15.52701187133789
15.356925964355469
15.024152755737305
14.720999717712402
15.079057693481445
14.777066230773926
14.634998321533203
14.177541732788086
14.11766529083252
14.463580131530762
13.87641716003418
13.64167594909668
13.386009216308594
13.444150924682617
11.630768775939941
12.852978706359863
12.57908821105957
12.670782089233398
12.528788566589355
11.367329597473145
11.155338287353516
11.951099395751953
10.80095100402832
11.141578674316406
11.131974220275879
10.832839965820312
10.903481483459473
10.00615406036377
10.218098640441895
10.285805702209473
10.083273887634277
9.92276382446289
9.755534172058105
9.499481201171875
9.359489440917969
9.368167877197266
9.110313415527344
8.983662605285645
8.413331031799316
8.667552947998047
8.119465827941895
8.126290321350098
8.074902534484863
8.048645973205566
7.775875091552734
7.702735424041748
7.55064582824707
7.3754963874816895
6.944516181945801
7.090739727020264
6.931617736816406
6.755836486816406
6.729285717010498
6.419116497039795
6.319286823272705
5.904209136962891
6.064084053039551
6.00784969329834
5.85114049911499
5.734975337982178
5.628448963165283
5.563015937805176
5.322035789489746
5.368861198425293
5.191206455230713
5.192827224731445
4.988672256469727
4.9568071365356445
4.883420944213867
4.796651363372803
4.698099136352539
4.6330885887146
4.523277759552002
4.4817214012146
4.455089569091797
4.387459754943848
4.3562912940979
4.286845684051514
4.309591293334961
4.2157464027404785
4.093105316162109
4.1646928787231445
3.5433506965637207
4.009164333343506
3.993818521499634
4.0044755935668945
3.9026050567626953
3.8721203804016113
3.870574712753296
3.7863376140594482
3.7348203659057617
3.8478872776031494
3.829521417617798
3.682389259338379
3.7291641235351562
3.351158380508423
3.5904948711395264
3.4471592903137207
3.5906412601470947
3.573699951171875
3.5352683067321777
3.5742218494415283
3.3426687717437744
3.4601993560791016
3.5038294792175293
3.2143352031707764
3.357858180999756
3.353969097137451
3.455190420150757
3.191117763519287
3.348109483718872
3.1115365028381348
3.200193405151367
3.328063726425171
3.2196152210235596
3.1575767993927
3.1825873851776123
3.0127756595611572
2.8394455909729004
3.209162950515747
3.260331630706787
2.8310441970825195
3.0644924640655518
3.0542538166046143
2.9671411514282227
3.019460678100586
2.9878337383270264
2.8589859008789062
2.832249879837036
2.9059040546417236
2.8591907024383545
2.88390851020813
2.982271432876587
2.8424999713897705
2.846745252609253
2.6693193912506104
2.772665500640869
2.6486034393310547
2.7622721195220947
2.4554872512817383
2.607372999191284
2.2979323863983154
2.5471792221069336
2.5873770713806152
2.5445268154144287
2.6244661808013916
2.4880244731903076
2.2858667373657227
2.548527479171753
2.57920503616333
2.4678256511688232
2.393784523010254
2.4327449798583984
2.4186108112335205
2.525313377380371
2.330195665359497
2.359421491622925
2.291741132736206
2.382411003112793
2.4122607707977295
2.343139886856079
2.269693374633789
2.23418927192688
2.265531539916992
2.2687134742736816
2.24594783782959
2.20953631401062
2.2204437255859375
2.251520872116089
2.1282501220703125
2.164388418197632
2.148005485534668
2.0139620304107666
2.075554847717285
2.1875174045562744
2.1769983768463135
2.1307694911956787
2.104522228240967
2.0778627395629883
2.0866804122924805
2.091876745223999
2.0480873584747314
2.003709554672241
2.081672191619873
2.024838447570801
1.95589017868042
2.0511884689331055
2.0597970485687256
1.9698365926742554
1.9460117816925049
2.0394997596740723
1.9801994562149048
1.948822021484375
1.9411920309066772
1.9645694494247437
2.015353202819824
1.924710988998413
1.9403700828552246
1.898597240447998
1.9363459348678589
1.886489987373352
1.897381067276001
1.9537103176116943
1.8141148090362549
1.8986278772354126
1.822933554649353
1.8871210813522339
1.9550307989120483
1.7694063186645508
1.925443410873413
1.9160232543945312
1.9030972719192505
1.851568341255188
1.834060549736023
1.7832386493682861
1.8444974422454834
1.796202540397644
1.6302716732025146
1.6580837965011597
1.8020468950271606
1.7956571578979492
1.652538537979126
1.7577643394470215
1.7213407754898071
1.8243732452392578
1.6484260559082031
1.7392948865890503
1.786588430404663
1.770446538925171
1.829193115234375
1.7496459484100342
1.8048745393753052
1.7385705709457397
1.6914687156677246
1.7028114795684814
1.7065722942352295
1.7369827032089233
1.7427488565444946
1.6113101243972778
1.5656489133834839
1.7466243505477905
1.705291986465454
1.7548246383666992
1.7249095439910889
1.7521330118179321
1.706133246421814
1.710187315940857
1.6219680309295654
1.7275056838989258
1.6653927564620972
1.6247309446334839
1.7182643413543701
1.568463683128357
1.7243622541427612
1.716328740119934
1.7338868379592896
1.6463168859481812
1.5462567806243896
1.6706284284591675
1.6021785736083984
1.608605146408081
1.5778343677520752
1.6622005701065063
1.5979591608047485
1.7499738931655884
1.6701866388320923
1.6266354322433472
1.6758426427841187
1.6172176599502563
1.6120103597640991
1.5793343782424927
1.6541701555252075
1.618262767791748
1.5082471370697021
1.5459970235824585
1.6774489879608154
1.4661387205123901
1.7094045877456665
1.5505915880203247
1.609389305114746
1.6225289106369019
1.5608794689178467
1.4705963134765625
1.5867897272109985
1.6071466207504272
1.6001040935516357
1.642191767692566
1.5359729528427124
1.4821736812591553
1.5588085651397705
1.5103435516357422
1.5342106819152832
1.569582223892212
1.5219602584838867
1.581241488456726
1.554139494895935
1.5788134336471558
1.5540827512741089
1.5091100931167603
1.532975196838379
1.5762276649475098
1.5441609621047974
1.5004767179489136
1.3645374774932861
1.5019078254699707
1.493708848953247
1.5415191650390625
1.4841196537017822
1.3947781324386597
1.4085004329681396
1.5236117839813232
1.4211143255233765
1.5220999717712402
1.4899425506591797
1.4944007396697998
1.515204906463623
1.4542638063430786
1.4950798749923706
1.4172569513320923
1.4035241603851318
1.5161093473434448
1.4806841611862183
1.4663865566253662
1.495836853981018
1.4716194868087769
1.396618366241455
1.4717596769332886
1.4154630899429321
1.3974355459213257
1.4157469272613525
1.4348373413085938
1.4680050611495972
1.3988338708877563
1.4496010541915894
1.4061201810836792
1.3900388479232788
1.4852696657180786
1.29768967628479
1.4202848672866821
1.4338639974594116
1.2612841129302979
1.3691771030426025
1.2519075870513916
1.3371531963348389
1.406667709350586
1.4096012115478516
1.3970551490783691
1.457079291343689
1.4624090194702148
1.3454768657684326
1.3874926567077637
1.4395774602890015
1.3948973417282104
1.435595154762268
1.3789525032043457
1.319167971611023
1.4136629104614258
1.3408567905426025
1.3929409980773926
1.3628861904144287
1.3931857347488403
1.3559008836746216
1.317223072052002
1.3710908889770508
1.2968039512634277
1.3382235765457153
1.4524877071380615
1.428722858428955
1.3941644430160522
1.3657822608947754
1.3830010890960693
1.276080846786499
1.2775218486785889
1.3059524297714233
1.3561859130859375
1.378975510597229
1.3154369592666626
1.3785426616668701
1.3272490501403809
1.3415776491165161
1.327029824256897
1.2779524326324463
1.3215315341949463
1.2870056629180908
1.3376398086547852
1.201511025428772
1.312715768814087
1.301825761795044
1.3722953796386719
1.2340303659439087
1.2778379917144775
1.2865241765975952
1.2742516994476318
1.273348093032837
1.3018591403961182
1.2699207067489624
1.2942993640899658
1.2606663703918457
1.2910821437835693
1.2250086069107056
1.236742615699768
1.1864351034164429
1.2794917821884155
1.2950172424316406
1.3144091367721558
1.340455174446106
1.2724725008010864
1.1801855564117432
1.3321151733398438
1.289433240890503
1.254844307899475
1.3269405364990234
1.2614942789077759
1.12196683883667
1.2704665660858154
1.2791346311569214
1.3072675466537476
1.2862414121627808
1.249042272567749
1.2525221109390259
1.216734528541565
1.2447535991668701
1.2536696195602417
1.264731526374817
1.1930924654006958
1.2823445796966553
1.2719932794570923
1.1175142526626587
1.2996326684951782
1.2361090183258057
1.2214782238006592
1.2868027687072754
1.293505072593689
1.1688975095748901
1.2237402200698853
1.239431619644165
1.2257863283157349
1.2274322509765625
1.115546703338623
1.235316276550293
1.1935735940933228
1.2502774000167847
1.203566074371338
1.2196595668792725
1.2016046047210693
1.1970421075820923
1.1832138299942017
1.2329692840576172
1.1646573543548584
1.2797787189483643
1.2079510688781738
1.2329775094985962
1.2505362033843994
1.153369426727295
1.2014002799987793
1.211409091949463
1.1514668464660645
1.1950352191925049
1.3433908224105835
1.1509867906570435
1.1627284288406372
1.2170968055725098
1.2163053750991821
1.1866341829299927
1.1936142444610596
1.2252506017684937
1.156482219696045
1.2233446836471558
1.2069720029830933
1.1570664644241333
1.07407808303833
1.2181226015090942
1.1442842483520508
1.1010993719100952
1.203149676322937
1.1003050804138184
1.2378897666931152
1.1333495378494263
1.1272886991500854
1.2207415103912354
1.1862268447875977
1.1357486248016357
1.1365540027618408
1.0972598791122437
1.1279027462005615
1.1934270858764648
1.1002228260040283
1.1241834163665771
1.166987657546997
1.1346149444580078
1.1442776918411255
1.2109174728393555
1.1953990459442139
1.1850121021270752
1.1649649143218994
1.1717965602874756
1.149289846420288
1.184861183166504
1.1354624032974243
1.161055326461792
1.1691776514053345
1.1561495065689087
1.1211779117584229
1.1686139106750488
1.1775342226028442
1.1319304704666138
1.1566623449325562
1.1620464324951172
1.166598916053772
1.0599652528762817
1.0529409646987915
1.1924703121185303
1.186267614364624
1.1150431632995605
1.1484909057617188
1.1389439105987549
1.0476890802383423
1.189107894897461
1.0774343013763428
1.0681777000427246
1.16322922706604
1.1580334901809692
1.0970985889434814
1.1043809652328491
1.0921549797058105
1.147256851196289
1.119760274887085
1.1360666751861572
1.0734682083129883
1.152312994003296
1.123268485069275
1.144614815711975
1.137058138847351
1.1893292665481567
1.0923418998718262
1.0500991344451904
1.0851198434829712
1.1268048286437988
1.1456764936447144
1.13900625705719
1.1052881479263306
1.190354824066162
1.1351298093795776
1.150620698928833
1.191185712814331
1.1360124349594116
1.1016069650650024
1.1351011991500854
1.0839059352874756
1.132517695426941
1.0624512434005737
1.0907129049301147
1.0624109506607056
1.0794825553894043
1.13615083694458
1.0762571096420288
1.057544231414795
1.0799534320831299
1.1324090957641602
1.098302960395813
1.1121159791946411
1.0538630485534668
1.1036741733551025
1.0907421112060547
1.0239373445510864
1.063534140586853
1.0680021047592163
1.0613892078399658
1.023256540298462
1.075918197631836
1.084364652633667
1.046316385269165
1.0945438146591187
1.0559635162353516
0.9904018044471741
1.0536147356033325
1.1105839014053345
1.0937018394470215
1.0052672624588013
1.032272458076477
1.1542092561721802
1.018379807472229
1.1138787269592285
1.1070797443389893
0.9753663539886475
1.1219035387039185
1.1259838342666626
1.1318140029907227
0.9568926095962524
1.0770186185836792
1.186856985092163
1.0941921472549438
1.0595533847808838
1.023722529411316
1.1250864267349243
1.0905741453170776
1.052582859992981
1.079633355140686
1.0370560884475708
1.1252576112747192
1.0277107954025269
1.089796543121338
1.076109766960144
1.066536545753479
1.099102258682251
1.0671107769012451
1.0541375875473022
1.0528002977371216
1.0629887580871582
0.9845048785209656
1.1063668727874756
1.0244988203048706
1.0359280109405518
1.0657000541687012
1.0467873811721802
1.0472108125686646
1.078734278678894
1.0092371702194214
1.0476373434066772
0.9252760410308838
1.07841956615448
1.0859752893447876
1.043838381767273
1.0398269891738892
1.0981965065002441
0.9728454947471619
1.0442067384719849
1.0448203086853027
1.043274164199829
1.0451511144638062
1.068305253982544
1.1053359508514404
1.0636382102966309
0.9949838519096375
1.0441936254501343
1.0518685579299927
0.9988713264465332
0.9843192100524902
1.0597606897354126
1.0426867008209229
1.0777068138122559
0.9885602593421936
1.0023587942123413
1.0464234352111816
1.083896517753601
1.0088731050491333
1.0782990455627441
1.0442570447921753
1.039989709854126
1.0195815563201904
1.0251158475875854
1.0163230895996094
0.991155743598938
0.9395451545715332
1.0081290006637573
0.9971553683280945
0.9183051586151123
1.0480891466140747
1.0138967037200928
1.0264090299606323
1.0394269227981567
1.0898661613464355
1.086907148361206
1.072797179222107
0.9679383635520935
1.050861120223999
1.0416620969772339
1.060516357421875
1.000327467918396
1.077399492263794
1.0135802030563354
1.080711007118225
1.0705368518829346
0.9269773364067078
1.036088228225708
1.050416111946106
1.0589267015457153
1.0044726133346558
1.0234432220458984
1.0048962831497192
0.9972480535507202
1.0620813369750977
1.0070008039474487
0.9918006658554077
1.0180470943450928
0.9887155890464783
1.0170960426330566
1.0319786071777344
1.011820673942566
1.0207492113113403
1.0577906370162964
1.1281520128250122
1.022664189338684
1.081310749053955
0.9717176556587219
1.0227034091949463
1.0589359998703003
1.0512250661849976
0.969041109085083
0.9874775409698486
1.004141926765442
0.9766049385070801
0.9303154349327087
0.9639714956283569
1.0155625343322754
1.0127177238464355
0.9911434650421143
1.006532073020935
1.0873491764068604
0.8661425709724426
1.048485279083252
1.0312801599502563
0.9833402633666992
0.9985026121139526
0.9498960375785828
0.9853072762489319
0.9791028499603271
1.036099910736084
1.0404167175292969
0.9965416789054871
0.931968092918396
1.0351197719573975
1.0057308673858643
1.032402753829956
1.0521246194839478
0.9703401923179626
0.9958508014678955
1.0004116296768188
0.9838324785232544
1.0088169574737549
1.0377973318099976
0.8529185056686401
0.985872209072113
0.9897398948669434
1.0006890296936035
0.9138515591621399
1.0055761337280273
0.9995644688606262
0.9933842420578003
1.0249961614608765
0.9424944519996643
1.0100023746490479
0.9942039847373962
1.0247162580490112
1.0281156301498413
0.9974801540374756
0.9937262535095215
0.9537394642829895
0.9753543138504028
0.9823442101478577
0.982486367225647
1.0021852254867554
0.9685307145118713
0.9713170528411865
0.9972026944160461
0.9957099556922913
0.9688532948493958
1.0261529684066772
0.9490169286727905
1.053877353668213
0.9979711771011353
1.0843178033828735
1.0447731018066406
0.9366647005081177
1.0379453897476196
1.0182688236236572
0.942124605178833
0.9602210521697998
0.9513195753097534
0.9866264462471008
1.0234382152557373
1.0166488885879517
0.9548400640487671
0.9451524615287781
0.9929472804069519
0.9645380973815918
0.9932841658592224
1.052729606628418
0.9182788729667664
1.0525089502334595
0.9850490689277649
0.9992476105690002
0.9776750206947327
0.9835056662559509
0.9187371134757996
0.9905030727386475
0.9829729795455933
1.0009031295776367
0.9543474316596985
0.9662418961524963
0.9736427068710327
0.9926031827926636
0.9269025921821594
0.9826023578643799
1.0819673538208008
0.9279294013977051
0.9323505759239197
0.9757359027862549
0.9919486045837402
1.001909852027893
0.9885337352752686
1.0175151824951172
0.9981020092964172
0.9490965008735657
0.9060509204864502
1.0641971826553345
0.9544005393981934
0.9911288022994995
0.9770626425743103
0.9523305296897888
0.9617080092430115
0.9529874324798584
0.9991759061813354
0.9565651416778564
0.9401076436042786
0.9777970910072327
0.8992627263069153
0.9394664764404297
0.9970853924751282
0.9461266398429871
0.9561751484870911
0.948474645614624
0.9167112708091736
0.9767829775810242
0.987109899520874
0.913244366645813
0.9568204283714294
0.9749057292938232
0.9574345946311951
0.921338677406311
0.9880974292755127
0.9628064632415771
0.8805302381515503
0.9844392538070679
0.8452308773994446
0.9417499899864197
1.0353405475616455
0.8963705897331238
0.9589222073554993
0.9204319715499878
0.9405805468559265
0.9470788836479187
0.9837046265602112
0.9233080744743347
1.0002142190933228
0.905186116695404
0.9807685613632202
0.9794353246688843
0.9957076907157898
0.8758866786956787
0.9890286326408386
0.9746794700622559
1.0016796588897705
0.9869060516357422
0.9691583514213562
0.9528633952140808
1.0063483715057373
0.9341549873352051
1.009874939918518
0.9758077263832092
0.9566110372543335
0.9187296032905579
1.0020114183425903
1.0082799196243286
0.9262364506721497
0.9267491698265076
0.9910232424736023
0.9689770340919495
0.9973650574684143
0.9731791615486145
1.0162312984466553
0.8975666761398315
0.9400011897087097
0.8595547080039978
0.9494131803512573
0.9767389297485352
0.9288609027862549
0.9312139749526978
0.9497078061103821
0.9848788380622864
0.9813082814216614
0.909835934638977
0.9850756525993347
0.9730746746063232
0.9723921418190002
0.9538252949714661
0.9456867575645447
0.9964803457260132
0.9219711422920227
0.9508422613143921
0.9390800595283508
1.0280588865280151
0.9367210268974304
0.9746096134185791
0.9597350358963013
0.9512401223182678
0.9315428733825684
0.9680260419845581
0.9888599514961243
0.9131139516830444
0.9960129261016846
0.9490695595741272
0.9522067308425903
0.9475710988044739
0.9348136186599731
0.938956618309021
0.9356942176818848
0.9627352356910706
0.9360437393188477
0.9724483489990234
0.9388394355773926
0.9386107921600342
0.9565016627311707
0.9752901792526245
0.9662412405014038
0.9696887135505676
0.9516463875770569
0.9724327325820923
0.9629639983177185
1.0132946968078613
1.0000829696655273
1.0201455354690552
0.9454807043075562
0.9495104551315308
0.9575871229171753
0.9393612146377563
0.987250566482544
0.8963097929954529
0.925744354724884
0.9611527919769287
0.933965802192688
0.9509352445602417
0.9408362507820129
0.9283695816993713
0.9222008585929871
0.9290513396263123
1.0110173225402832
0.9951653480529785
0.8951806426048279
0.9717186689376831
0.9023736715316772
0.8492037057876587
0.9757617115974426
1.0136547088623047
0.9204049706459045
0.9312433004379272
1.025002121925354
0.9375527501106262
0.9500827193260193
0.9125261306762695
0.9452017545700073
0.9589491486549377
0.9956371784210205
1.0042599439620972
0.8687848448753357
0.9157091975212097
0.9557672739028931
0.9430981874465942
0.9492613077163696
0.991124153137207
0.9169778823852539
0.8986742496490479
0.9479830861091614
0.8727803826332092
0.8870111703872681
0.9485468864440918
0.9083092212677002
0.9186039566993713
0.9521285891532898
0.8876647353172302
0.975829005241394
0.9578039646148682
0.965239942073822
0.8754149675369263
0.9284541010856628
0.9921685457229614
0.9685988426208496
0.9979411959648132
0.8397930860519409
0.8912298083305359
0.9602547883987427
0.9311398863792419
0.8999762535095215
0.9481531381607056
0.851169764995575
0.9897862672805786
0.8681380152702332
0.9807365536689758
0.9126660227775574
0.8746058940887451
0.9175500273704529
0.9234198331832886
0.877286970615387
0.9309853911399841
0.9489671587944031
0.9933144450187683
0.9976282715797424
0.9257065057754517
0.9836951494216919
