35.657569885253906
39.3911247253418
37.50967025756836
32.94237518310547
39.838722229003906
39.01852035522461
40.967071533203125
33.952484130859375
39.53736114501953
32.25629806518555
36.09959411621094
40.30345153808594
38.6149787902832
39.9606819152832
39.999603271484375
40.45322799682617
31.486495971679688
39.606727600097656
34.632606506347656
41.29732131958008
41.65159606933594
34.942901611328125
43.35311508178711
42.9193000793457
41.498722076416016
44.417701721191406
44.706756591796875
47.05961608886719
48.49911880493164
37.509796142578125
48.199371337890625
49.543392181396484
42.97111892700195
50.06625747680664
46.058624267578125
52.80103302001953
48.88079071044922
49.97172927856445
59.850677490234375
49.4935302734375
54.60519027709961
55.10475158691406
53.58211135864258
64.27452087402344
72.92488098144531
72.88932800292969
78.68050384521484
60.98897933959961
83.58697509765625
80.88873291015625
86.1392593383789
78.0696792602539
98.42913818359375
103.12212371826172
104.97742462158203
93.14838409423828
114.85767364501953
121.3121566772461
121.99532318115234
129.09548950195312
126.79930877685547
139.9049072265625
126.97743225097656
136.94598388671875
152.37966918945312
155.39781188964844
159.8880157470703
170.51112365722656
170.09397888183594
161.99085998535156
160.68690490722656
195.27236938476562
199.36126708984375
171.94036865234375
205.93296813964844
204.26466369628906
208.7662353515625
202.01226806640625
199.46417236328125
176.9104461669922
227.55845642089844
212.29774475097656
205.50416564941406
239.46470642089844
183.68124389648438
218.61175537109375
235.51329040527344
212.7364501953125
169.95118713378906
192.98316955566406
221.37294006347656
220.9707489013672
203.72694396972656
177.95526123046875
178.26577758789062
90.44170379638672
83.5073471069336
111.91132354736328
56.08064651489258
58.772891998291016
39.636714935302734
25.01420021057129
29.32525062561035
22.579721450805664
19.344614028930664
51.41726303100586
49.809471130371094
42.39850616455078
75.76517486572266
37.28767013549805
78.49786376953125
49.82556915283203
71.74524688720703
33.991111755371094
61.49068069458008
97.57508850097656
39.261863708496094
36.63920974731445
72.92777252197266
67.97943878173828
56.44548416137695
107.17982482910156
75.8173828125
48.593666076660156
35.50872039794922
41.77142333984375
56.772483825683594
33.472129821777344
54.1392707824707
41.46815490722656
19.701282501220703
48.942134857177734
43.59214401245117
71.81548309326172
55.18560028076172
35.7901496887207
60.00223159790039
31.268978118896484
31.778512954711914
43.552162170410156
82.2435073852539
7.446752071380615
17.856300354003906
17.575838088989258
22.963272094726562
21.65204429626465
22.106632232666016
35.715484619140625
42.993125915527344
45.04686737060547
57.56340026855469
22.0582332611084
9.120495796203613
38.70357131958008
21.602441787719727
49.61518096923828
37.95387649536133
36.164794921875
26.857093811035156
34.871009826660156
27.987146377563477
36.33495330810547
31.456863403320312
27.8612117767334
45.40274429321289
38.53481674194336
83.93880462646484
24.822877883911133
22.87180519104004
7.015691757202148
72.46385192871094
18.932373046875
9.307807922363281
15.259383201599121
22.050479888916016
55.131187438964844
31.341989517211914
43.91443634033203
84.77445220947266
48.34712219238281
50.28744125366211
30.892044067382812
21.66550636291504
7.09694242477417
27.11797332763672
78.49437713623047
37.403465270996094
17.03204917907715
29.753707885742188
47.479759216308594
35.50109100341797
26.63719367980957
16.166851043701172
66.76036834716797
66.66384887695312
44.61581802368164
14.94575309753418
37.960540771484375
52.97612762451172
63.93219757080078
40.968170166015625
17.620948791503906
14.522656440734863
54.867000579833984
45.90566635131836
30.920015335083008
38.37108612060547
44.38388442993164
48.971370697021484
61.36252975463867
29.761390686035156
10.90738582611084
57.168697357177734
20.945634841918945
32.77142333984375
39.73395919799805
11.530900955200195
43.56454849243164
59.08143615722656
58.750877380371094
38.848793029785156
30.89901351928711
29.471019744873047
51.3231315612793
51.23710632324219
47.938568115234375
14.996722221374512
41.31334686279297
42.90461349487305
25.299304962158203
32.448734283447266
18.651254653930664
66.09498596191406
34.33800506591797
11.241969108581543
14.122899055480957
7.680897235870361
76.68203735351562
33.72705841064453
25.18053436279297
38.55284881591797
13.674418449401855
33.95808792114258
13.861678123474121
26.82720184326172
12.958752632141113
19.226106643676758
43.15571975708008
15.900492668151855
22.14432716369629
23.356767654418945
38.71294021606445
25.076908111572266
30.389373779296875
29.54922103881836
39.868438720703125
36.61354064941406
44.651180267333984
9.953734397888184
36.28502655029297
30.947999954223633
10.013949394226074
34.84450912475586
41.444366455078125
25.39727020263672
72.33908081054688
27.344186782836914
38.90494918823242
11.730507850646973
60.090179443359375
46.54365539550781
10.650374412536621
23.67899513244629
28.794509887695312
14.984436988830566
34.21010208129883
27.280574798583984
28.686059951782227
8.921695709228516
30.611711502075195
36.68596649169922
17.07803726196289
24.7343692779541
39.270572662353516
31.18867301940918
26.645919799804688
26.001480102539062
44.80583953857422
33.67960739135742
6.96707820892334
15.626399993896484
10.2391996383667
17.90414047241211
11.372296333312988
6.11483097076416
35.49421310424805
12.041949272155762
11.6831636428833
7.377382278442383
9.619481086730957
23.779850006103516
43.567649841308594
20.43337059020996
9.143067359924316
20.37849235534668
9.65371322631836
14.236676216125488
5.079405307769775
18.606430053710938
39.090789794921875
19.548904418945312
35.130008697509766
13.71801471710205
35.32398986816406
11.019512176513672
37.20040512084961
66.66819763183594
51.038673400878906
18.37912368774414
30.696496963500977
37.846073150634766
32.23719787597656
12.724518775939941
41.0605354309082
31.796846389770508
44.59214782714844
15.569750785827637
15.98408031463623
22.584226608276367
32.44331359863281
15.504897117614746
12.292768478393555
15.228796005249023
16.677026748657227
6.078821182250977
11.675471305847168
13.246968269348145
10.559643745422363
43.489891052246094
44.93735885620117
22.928104400634766
16.881616592407227
13.236587524414062
31.402402877807617
34.795623779296875
9.345405578613281
48.71171951293945
48.744659423828125
34.264774322509766
24.01854705810547
36.836360931396484
17.395530700683594
13.38770580291748
16.642276763916016
15.784734725952148
18.532907485961914
55.869510650634766
68.38118743896484
26.146150588989258
56.01739501953125
74.44445037841797
83.94824981689453
52.91415023803711
17.942777633666992
37.519474029541016
12.562612533569336
9.310712814331055
6.684892654418945
4.471129417419434
69.18119049072266
10.301475524902344
31.480846405029297
40.975616455078125
19.815000534057617
14.224751472473145
28.693262100219727
24.1145076751709
10.248950004577637
23.50925636291504
67.93785095214844
95.96343994140625
60.76436233520508
17.00524139404297
20.197223663330078
74.07828521728516
51.24757766723633
33.660457611083984
19.336017608642578
34.21227264404297
17.919864654541016
19.164913177490234
31.04050064086914
45.767066955566406
30.21719741821289
9.866521835327148
54.152313232421875
77.09392547607422
27.10175895690918
21.05973243713379
8.250123977661133
58.3710823059082
85.82980346679688
56.057533264160156
76.12053680419922
35.9826545715332
51.76274108886719
80.05072021484375
90.92688751220703
64.12443542480469
47.01506805419922
27.824310302734375
28.86335563659668
17.325531005859375
39.77992248535156
17.886085510253906
36.022579193115234
20.055286407470703
6.139717102050781
11.609284400939941
7.0113205909729
7.212782859802246
15.886643409729004
5.6404547691345215
18.67145347595215
13.413469314575195
28.5423641204834
60.9307746887207
24.40452766418457
6.449574947357178
60.100257873535156
68.06532287597656
85.82901763916016
38.581298828125
33.530616760253906
54.367164611816406
44.1214485168457
8.130391120910645
28.196882247924805
10.854656219482422
9.253746032714844
7.3762712478637695
33.49618911743164
22.8908748626709
15.640727996826172
47.68265914916992
35.4740104675293
17.169971466064453
33.64727020263672
14.842889785766602
6.3043718338012695
40.1115837097168
48.31956481933594
42.716487884521484
14.570509910583496
9.731261253356934
40.87515640258789
53.644222259521484
42.32247543334961
13.755243301391602
23.548717498779297
45.68557357788086
41.1718635559082
38.726383209228516
27.078495025634766
27.361587524414062
31.005340576171875
6.5063323974609375
3.6630361080169678
11.238723754882812
10.049643516540527
25.668746948242188
29.896089553833008
31.718746185302734
15.737589836120605
20.354772567749023
39.670352935791016
4.514980792999268
11.00119686126709
36.624202728271484
14.732500076293945
13.235267639160156
15.187623977661133
18.319494247436523
4.7589216232299805
36.5445442199707
25.198223114013672
13.847965240478516
43.1109619140625
57.28968811035156
78.67167663574219
20.56549644470215
13.253809928894043
28.060033798217773
27.23432731628418
14.136200904846191
11.605635643005371
65.39041900634766
34.677589416503906
14.325763702392578
27.55054473876953
69.49417114257812
50.32829666137695
8.84506893157959
10.072726249694824
22.911027908325195
21.221132278442383
18.729755401611328
27.364709854125977
13.720016479492188
6.248162746429443
5.387688159942627
25.402799606323242
10.260104179382324
15.842884063720703
27.266117095947266
6.712615966796875
14.340067863464355
11.933683395385742
14.584549903869629
23.584922790527344
5.7631306648254395
30.88566017150879
18.72930335998535
11.088068962097168
20.810150146484375
51.54887771606445
7.307051658630371
15.673787117004395
21.34583854675293
15.866113662719727
37.42708969116211
19.383344650268555
23.554832458496094
35.32387924194336
24.507587432861328
13.99925708770752
23.522119522094727
50.374446868896484
57.16164016723633
29.098363876342773
5.597236156463623
28.905466079711914
33.30076599121094
22.595008850097656
27.167789459228516
34.91303634643555
5.446249961853027
21.793962478637695
10.638056755065918
23.628015518188477
18.78619956970215
9.090668678283691
12.239365577697754
48.68980407714844
73.3226318359375
62.351478576660156
49.85795211791992
17.89602279663086
32.41416549682617
68.0087890625
64.11880493164062
33.26035690307617
34.453826904296875
11.651287078857422
26.770626068115234
20.15195655822754
21.311424255371094
23.243175506591797
18.255386352539062
9.877666473388672
20.248605728149414
8.40908145904541
6.60966157913208
9.207475662231445
16.31654930114746
31.397024154663086
7.510469913482666
5.105552673339844
34.62905502319336
32.55467224121094
29.80260467529297
14.251593589782715
25.9645938873291
9.361783027648926
17.568737030029297
17.927013397216797
7.712989330291748
31.35457420349121
16.266738891601562
9.401449203491211
74.66278076171875
58.894798278808594
35.20795440673828
6.788849353790283
16.885671615600586
22.247997283935547
19.35072135925293
17.830902099609375
27.686260223388672
18.327293395996094
19.19487953186035
12.379464149475098
14.382575035095215
11.58047103881836
59.474082946777344
70.8338851928711
34.477821350097656
34.30162048339844
14.540283203125
42.13347244262695
46.49697494506836
73.24620819091797
45.748531341552734
16.73060417175293
14.679844856262207
58.505977630615234
58.143802642822266
26.992191314697266
8.83350658416748
15.602033615112305
41.210479736328125
20.879674911499023
11.481736183166504
5.84834098815918
15.368024826049805
3.854255199432373
4.038856029510498
9.887426376342773
12.804369926452637
11.518183708190918
6.455425262451172
5.2369704246521
12.65691089630127
6.174895286560059
9.929288864135742
20.58880043029785
475.4104919433594
21.32682991027832
17.44304084777832
4.9426069259643555
3.06113338470459
28.552265167236328
10.789717674255371
8.505790710449219
25.458696365356445
9.081644058227539
30.17120361328125
6.283190727233887
5.400945663452148
176.44166564941406
22.301815032958984
18.903114318847656
6.311265468597412
24.393213272094727
9.368424415588379
4.013423442840576
7.570311069488525
2.1539061069488525
7.530921936035156
6.192583084106445
9.778733253479004
20.675981521606445
7.15894889831543
9.824774742126465
6.096076965332031
18.076553344726562
16.737825393676758
8.294600486755371
17.105911254882812
6.573225498199463
20.65021514892578
15.547176361083984
7.031729698181152
10.922647476196289
7.48034143447876
10.027844429016113
18.85354995727539
17.189516067504883
9.793465614318848
38.76728439331055
24.257160186767578
29.846572875976562
9.182913780212402
16.696155548095703
10.854354858398438
15.545910835266113
28.21930503845215
17.922714233398438
14.678543090820312
3.676344394683838
6.575165748596191
4.213275909423828
12.034685134887695
9.145772933959961
14.3005952835083
7.005682945251465
27.09983253479004
49.640541076660156
25.08557891845703
7.952593803405762
4.211959362030029
31.084674835205078
9.969828605651855
6.276237487792969
9.669022560119629
25.104337692260742
13.463430404663086
6.309370040893555
2.8785758018493652
32.144493103027344
20.03683090209961
17.968198776245117
10.989230155944824
14.656908988952637
8.270950317382812
16.020505905151367
29.957042694091797
21.015275955200195
11.129324913024902
11.529023170471191
22.69936180114746
32.571311950683594
4.158050537109375
16.610759735107422
3.7988946437835693
3.7599990367889404
5.865945816040039
17.501895904541016
6.575212478637695
11.427387237548828
17.46121597290039
17.466259002685547
5.881103515625
27.324024200439453
38.19435501098633
29.429304122924805
7.038170337677002
38.57177734375
55.4710807800293
48.817691802978516
33.0685920715332
4.481983661651611
60.9333610534668
60.32917785644531
103.05780792236328
79.21788787841797
71.49874877929688
21.741491317749023
18.352537155151367
72.22958374023438
75.9769058227539
64.29806518554688
39.03494644165039
8.564449310302734
9.125397682189941
26.161518096923828
42.618892669677734
30.595285415649414
5.996532917022705
10.71332836151123
21.038223266601562
17.645870208740234
15.725821495056152
3.9149932861328125
9.960516929626465
5.1472859382629395
38.93415451049805
25.884244918823242
13.240924835205078
3.7060461044311523
31.013460159301758
28.782756805419922
35.42891311645508
30.200664520263672
18.004831314086914
25.325767517089844
22.082719802856445
3.8893978595733643
22.028112411499023
16.937475204467773
8.299633979797363
14.477492332458496
25.079856872558594
5.065398693084717
8.917678833007812
3.8366546630859375
6.372391700744629
22.031198501586914
17.79018783569336
31.890897750854492
12.120445251464844
15.613224029541016
15.341015815734863
8.857711791992188
9.502192497253418
38.29384231567383
34.919342041015625
34.87873077392578
7.637560844421387
8.34537410736084
23.60968589782715
5.861090183258057
15.497663497924805
23.67146873474121
27.084461212158203
29.697614669799805
23.96742820739746
23.418960571289062
5.489049434661865
28.239282608032227
18.692594528198242
24.952287673950195
22.015642166137695
13.377808570861816
9.459428787231445
25.13006019592285
14.94961929321289
15.617881774902344
10.113308906555176
11.831083297729492
1.8342714309692383
3.31074595451355
3.9220852851867676
3.774167060852051
8.649998664855957
5.505602836608887
20.093599319458008
4.558452129364014
7.291036128997803
15.763579368591309
4.564992427825928
16.495101928710938
6.674318313598633
6.960534572601318
11.053646087646484
30.934663772583008
34.283103942871094
9.83564567565918
17.103382110595703
4.893035888671875
6.004925727844238
16.56519889831543
2.6040170192718506
21.38151741027832
22.979970932006836
5.29514217376709
10.115032196044922
8.636000633239746
20.54338264465332
2.35172176361084
2.5867228507995605
3.8578877449035645
8.805795669555664
17.126075744628906
6.353256702423096
3.8987553119659424
17.47164535522461
4.350691795349121
15.657114028930664
36.53807830810547
28.81555938720703
26.48821258544922
8.206933975219727
6.686023235321045
13.381362915039062
8.862318992614746
2.591564655303955
26.90056037902832
26.868276596069336
31.608320236206055
5.953755855560303
13.482612609863281
29.056617736816406
21.005809783935547
16.37298583984375
7.639850616455078
28.032764434814453
26.714075088500977
58.85357666015625
28.113460540771484
15.064248085021973
7.448814868927002
30.05385971069336
28.035520553588867
25.621261596679688
12.816100120544434
21.89650535583496
31.859987258911133
33.85225296020508
16.659822463989258
10.932700157165527
25.112424850463867
34.33639907836914
22.89790153503418
31.806427001953125
13.425199508666992
6.382363796234131
24.203718185424805
23.76557159423828
16.489761352539062
3.761878728866577
12.696971893310547
11.98253345489502
12.743371963500977
6.830570220947266
30.183429718017578
31.925670623779297
32.19772720336914
15.364988327026367
4.3885955810546875
9.243964195251465
9.648612022399902
9.629467964172363
7.72207498550415
31.844335556030273
31.139041900634766
14.782241821289062
32.61170959472656
12.258437156677246
28.05413818359375
14.469350814819336
18.922487258911133
24.02527618408203
14.16837215423584
4.536858558654785
25.374143600463867
30.353981018066406
14.824944496154785
3.857893943786621
20.091068267822266
17.782663345336914
5.6288347244262695
23.931995391845703
7.715241432189941
16.945247650146484
17.3742733001709
13.85759449005127
11.668704986572266
17.867124557495117
21.193265914916992
2.3554742336273193
2.0129101276397705
3.5775227546691895
11.87697696685791
9.661444664001465
8.74602222442627
7.089197158813477
7.512944221496582
3.9805123805999756
14.25815486907959
14.343804359436035
3.947793483734131
5.8164896965026855
17.948593139648438
34.14525604248047
20.066734313964844
7.323829174041748
5.227994441986084
7.166965007781982
13.471924781799316
29.168582916259766
6.1160807609558105
7.95883846282959
5.106570243835449
8.014243125915527
9.704669952392578
3.4906070232391357
6.998350620269775
7.863439083099365
3.2779295444488525
19.37795639038086
31.72144889831543
22.56060028076172
13.297369956970215
20.916772842407227
7.987664699554443
5.809278964996338
29.882307052612305
34.841453552246094
22.091819763183594
11.853431701660156
9.236391067504883
3.664877414703369
3.1080496311187744
5.08881139755249
7.250872611999512
25.773517608642578
21.575515747070312
9.270797729492188
11.364933013916016
13.878142356872559
7.721597194671631
7.384408950805664
6.720615863800049
5.925802707672119
11.103678703308105
8.7645845413208
8.45713996887207
1.8312013149261475
3.393521785736084
2.163156032562256
4.032113075256348
13.577703475952148
24.18925666809082
6.2734150886535645
7.379746913909912
14.361292839050293
8.280611991882324
13.770169258117676
14.431194305419922
20.50640869140625
4.791706085205078
14.90061092376709
21.19542694091797
26.802335739135742
2.1405205726623535
6.708971977233887
16.75932502746582
34.085418701171875
35.77127456665039
13.459449768066406
8.409979820251465
10.16084098815918
15.638751983642578
33.844337463378906
28.61528205871582
18.24934959411621
23.41059112548828
5.211915969848633
7.207991600036621
7.593766689300537
6.855783462524414
14.482099533081055
9.261985778808594
10.389623641967773
24.389196395874023
12.256083488464355
2.1516757011413574
12.255631446838379
11.28942584991455
19.243417739868164
7.694200038909912
13.954577445983887
13.039372444152832
9.926465034484863
7.413315773010254
17.062925338745117
29.321247100830078
2.9508543014526367
2.307051181793213
12.259295463562012
5.703181266784668
10.275308609008789
9.011035919189453
9.612504959106445
9.512540817260742
4.374799728393555
19.13454246520996
26.294395446777344
17.594499588012695
9.855865478515625
4.0467000007629395
27.16382598876953
15.095524787902832
30.11246681213379
7.994358539581299
2.9910709857940674
23.116422653198242
15.846527099609375
16.284683227539062
19.979480743408203
16.764175415039062
9.05179214477539
10.541772842407227
16.565258026123047
1.655266284942627
19.416845321655273
3.1971518993377686
2.870483160018921
2.7125344276428223
5.7947187423706055
11.217463493347168
3.957409143447876
22.502294540405273
9.098998069763184
20.002256393432617
12.11185073852539
7.384507179260254
12.001389503479004
18.785526275634766
19.361244201660156
10.061662673950195
19.85964584350586
9.465898513793945
20.574254989624023
19.2542781829834
21.28887176513672
13.033550262451172
1.1853444576263428
15.136608123779297
15.45664119720459
33.676429748535156
38.51537322998047
30.493772506713867
8.581223487854004
4.421682834625244
21.724319458007812
11.868294715881348
18.034809112548828
16.327009201049805
16.81650733947754
13.098387718200684
7.003792762756348
17.593873977661133
12.21837329864502
13.123870849609375
14.320501327514648
13.03002643585205
10.619738578796387
16.58717918395996
14.816627502441406
13.833028793334961
4.822598934173584
10.029248237609863
4.698824405670166
3.742666721343994
3.1798102855682373
14.259969711303711
6.6974711418151855
19.364744186401367
12.334275245666504
9.526443481445312
6.51577091217041
3.7840635776519775
28.979589462280273
27.97946548461914
27.499940872192383
33.89137649536133
32.1903190612793
9.411003112792969
6.557679176330566
9.166207313537598
6.252830982208252
25.784452438354492
8.861739158630371
20.55015754699707
10.99071979522705
4.6658034324646
3.683382034301758
13.657654762268066
9.300007820129395
8.412073135375977
6.407928466796875
8.321405410766602
11.39090347290039
5.147531986236572
7.723759651184082
6.541707992553711
30.54827308654785
3.0238258838653564
19.16104507446289
18.135711669921875
18.06161117553711
11.04674243927002
9.064135551452637
3.3070826530456543
10.197813034057617
33.911739349365234
41.79569625854492
42.82046127319336
39.31539535522461
12.584328651428223
72.55908203125
7.393350124359131
17.999067306518555
13.166128158569336
