42.654083251953125
39.684181213378906
39.861759185791016
41.055660247802734
40.1436767578125
39.88136672973633
36.49293899536133
43.993350982666016
37.653228759765625
34.06844711303711
41.03537368774414
42.017616271972656
45.278541564941406
44.30706787109375
43.7921028137207
45.02648162841797
45.04473114013672
46.29270935058594
46.083274841308594
51.266117095947266
51.664405822753906
53.719940185546875
46.0506591796875
53.9675178527832
57.53244400024414
61.33207702636719
61.95392608642578
63.68927001953125
44.5018424987793
61.402259826660156
62.43635177612305
73.16475677490234
72.88043212890625
70.00682067871094
79.42465209960938
73.09923553466797
78.07779693603516
86.85769653320312
90.39887237548828
84.84619903564453
89.22708129882812
97.36377716064453
102.9531021118164
95.72953033447266
108.3834228515625
107.37998962402344
105.356201171875
118.89490509033203
115.6098861694336
116.2890625
123.87299346923828
132.21173095703125
134.56983947753906
137.27264404296875
142.23541259765625
143.56419372558594
150.50296020507812
156.62542724609375
154.06649780273438
160.6190185546875
168.2724151611328
174.32720947265625
174.69638061523438
180.43934631347656
172.11129760742188
160.5879669189453
189.67135620117188
166.1640167236328
162.69479370117188
185.36959838867188
197.4159393310547
180.716064453125
202.86903381347656
199.39312744140625
210.91912841796875
172.87506103515625
214.71363830566406
222.15167236328125
186.7664031982422
213.02114868164062
222.5492706298828
215.656494140625
184.34878540039062
189.229248046875
191.90821838378906
231.1234893798828
228.90109252929688
219.45468139648438
151.96600341796875
182.5635528564453
174.03326416015625
202.28695678710938
212.92755126953125
222.6413116455078
202.1988983154297
212.78868103027344
155.920654296875
169.7989044189453
171.0017852783203
201.28240966796875
198.74114990234375
123.06624603271484
153.1682891845703
175.94334411621094
158.59561157226562
151.02487182617188
97.43601989746094
132.82882690429688
98.0482406616211
111.36946105957031
123.33604431152344
71.94742584228516
111.8287124633789
104.38601684570312
65.17723846435547
65.83673858642578
60.30412673950195
73.45250701904297
50.66139221191406
25.138154983520508
50.29096603393555
47.40615463256836
11.068249702453613
38.123538970947266
23.297372817993164
65.07159423828125
18.198579788208008
8.632172584533691
55.248409271240234
17.1878719329834
41.668373107910156
9.41460132598877
113.20185089111328
39.78486633300781
48.49348449707031
137.6780242919922
156.5486602783203
128.94989013671875
35.073299407958984
43.42929458618164
155.2138214111328
196.8917236328125
174.2437744140625
116.12804412841797
46.898155212402344
30.787004470825195
162.45835876464844
115.33501434326172
97.67919921875
74.90242004394531
49.78693771362305
45.36030197143555
40.13788604736328
59.49968338012695
29.82136344909668
34.99615478515625
75.08128356933594
70.2853775024414
192.2860565185547
102.96086120605469
22.09779167175293
27.369482040405273
17.42476463317871
13.36648178100586
28.13018798828125
44.479183197021484
41.289825439453125
26.099287033081055
21.778701782226562
39.585880279541016
151.27452087402344
85.01512908935547
27.82895851135254
18.486257553100586
37.18360137939453
25.872600555419922
41.292869567871094
14.688620567321777
31.81618881225586
10.882309913635254
94.00594329833984
46.703880310058594
38.453731536865234
23.726797103881836
96.71046447753906
94.9898681640625
134.14329528808594
31.8902530670166
58.40163040161133
81.36747741699219
55.40689468383789
38.67300033569336
38.34169387817383
56.640357971191406
30.717069625854492
12.160599708557129
13.503376960754395
8.526741027832031
15.212220191955566
28.86975860595703
15.336503028869629
12.92484188079834
57.75996780395508
79.66410064697266
93.8513412475586
34.560611724853516
27.14507484436035
18.929203033447266
37.86307144165039
64.85503387451172
18.18276596069336
36.907875061035156
54.92900085449219
11.954096794128418
47.38525390625
11.143111228942871
40.41006851196289
60.116455078125
48.03116989135742
23.261512756347656
30.738435745239258
21.766586303710938
118.86442565917969
148.30804443359375
117.95668029785156
17.724119186401367
62.49025344848633
43.62467956542969
59.7877197265625
17.537944793701172
41.5401496887207
123.60509490966797
87.6336441040039
50.01715850830078
43.60658264160156
69.82051849365234
51.937686920166016
39.96373748779297
54.18556594848633
81.53435516357422
88.35619354248047
48.41681671142578
16.28419303894043
50.47883987426758
78.51126861572266
34.43199920654297
54.778263092041016
91.87699127197266
63.014366149902344
18.353059768676758
20.166297912597656
33.14693069458008
33.36902618408203
10.743626594543457
25.359426498413086
12.594057083129883
11.972882270812988
17.800424575805664
16.247453689575195
7.686803340911865
17.708711624145508
10.097694396972656
19.754167556762695
12.879679679870605
51.15668487548828
44.70186233520508
12.231206893920898
32.046749114990234
35.29183578491211
17.121747970581055
43.472991943359375
9.885276794433594
13.092595100402832
56.789756774902344
87.45848083496094
51.50387191772461
74.8048095703125
62.80177307128906
48.634063720703125
63.53217697143555
117.00638580322266
60.09272384643555
60.87271499633789
79.0439682006836
72.21847534179688
78.6911849975586
74.2007827758789
16.022659301757812
154.39215087890625
67.86615753173828
51.01655578613281
36.74901580810547
42.79296112060547
19.673141479492188
27.15561866760254
50.16581344604492
8.431931495666504
67.76371765136719
80.44697570800781
63.701053619384766
25.09461784362793
37.12834930419922
54.45176696777344
14.176430702209473
31.766714096069336
16.95199203491211
46.757843017578125
58.03819274902344
14.263811111450195
47.23276138305664
81.7282485961914
74.49540710449219
15.613847732543945
35.734092712402344
48.11128616333008
15.880435943603516
31.470857620239258
30.525415420532227
23.615673065185547
17.831796646118164
23.553377151489258
50.715972900390625
75.56033325195312
15.48531723022461
64.42626953125
76.60980987548828
7.616007328033447
23.23767852783203
10.079671859741211
12.602508544921875
10.586077690124512
6.389198303222656
23.047788619995117
33.323997497558594
36.00312805175781
28.131410598754883
36.682640075683594
31.78812026977539
37.3974723815918
5.922488212585449
25.321002960205078
9.424205780029297
20.8555850982666
39.181278228759766
25.427631378173828
28.807422637939453
42.39088439941406
26.228097915649414
110.58274841308594
174.24879455566406
175.20274353027344
45.73039627075195
60.14921951293945
68.84564208984375
52.024478912353516
22.466224670410156
7.051347732543945
8.974932670593262
44.55605697631836
8.199824333190918
25.518699645996094
15.870896339416504
8.74734878540039
11.230112075805664
33.71903991699219
66.39044952392578
20.850597381591797
40.75603103637695
79.63567352294922
54.776519775390625
6.585057258605957
58.54520797729492
61.82207489013672
78.09139251708984
25.070398330688477
18.020244598388672
12.124532699584961
25.98031997680664
22.913406372070312
29.777145385742188
36.0195426940918
40.93239974975586
44.1606330871582
11.000381469726562
85.81395721435547
121.5837173461914
81.04908752441406
16.59560775756836
23.038978576660156
35.9799919128418
26.812219619750977
31.75210952758789
31.99193572998047
20.896345138549805
14.91253662109375
57.82307052612305
36.20758819580078
42.21590805053711
53.03520965576172
9.794654846191406
20.302337646484375
24.061796188354492
14.511909484863281
33.49041748046875
15.711289405822754
22.28811264038086
16.07190704345703
11.789169311523438
22.02494239807129
23.217153549194336
40.647247314453125
52.37879180908203
35.90346908569336
10.75819206237793
46.171871185302734
16.366506576538086
6.9156012535095215
5.603390216827393
7.076197624206543
10.91601848602295
7.783944129943848
16.362791061401367
10.214437484741211
41.93959045410156
26.557235717773438
25.00788116455078
54.184181213378906
27.7210636138916
38.18754196166992
55.483131408691406
49.579864501953125
19.097396850585938
30.29146957397461
7.1710429191589355
69.09231567382812
3.010671377182007
3.6437129974365234
17.1672306060791
23.322494506835938
59.768157958984375
67.29268646240234
10.231425285339355
64.86087799072266
78.79693603515625
89.6216812133789
51.15670394897461
52.83264923095703
31.728729248046875
40.92304992675781
54.74201583862305
12.215760231018066
30.468734741210938
7.950428009033203
5.62425422668457
14.967484474182129
29.580215454101562
10.262198448181152
66.11402130126953
85.98954010009766
7.187702655792236
11.274450302124023
14.834453582763672
24.06669807434082
14.609752655029297
19.10196876525879
29.326574325561523
28.123098373413086
55.43446731567383
63.830013275146484
32.34339141845703
21.784942626953125
15.933112144470215
11.26464557647705
6.114552974700928
21.169078826904297
31.824520111083984
12.554381370544434
7.497817516326904
14.85737419128418
5.196305274963379
71.49740600585938
63.25448226928711
9.448122024536133
32.010169982910156
53.15083312988281
30.733821868896484
33.60659408569336
9.792530059814453
7.644753456115723
11.428114891052246
8.58406925201416
7.101025104522705
11.740361213684082
31.06943130493164
6.705379009246826
51.269554138183594
64.74702453613281
21.47904396057129
43.602622985839844
76.94450378417969
64.74966430664062
24.117246627807617
90.36262512207031
154.08575439453125
175.38133239746094
118.15240478515625
29.77800750732422
59.00775909423828
43.12860870361328
36.75799560546875
6.358229637145996
18.52802276611328
30.880821228027344
11.264436721801758
35.23504638671875
17.01841926574707
42.12248611450195
40.91818618774414
10.017278671264648
50.665687561035156
15.025934219360352
57.08894348144531
77.43799591064453
22.929162979125977
66.72008514404297
104.21456146240234
74.65547180175781
8.535271644592285
28.080902099609375
11.729222297668457
22.404949188232422
33.9052848815918
53.203731536865234
5.191738128662109
7.649276256561279
16.06208610534668
11.863130569458008
6.57613468170166
17.622228622436523
37.59619140625
5.462019920349121
28.82994842529297
29.7142276763916
25.189842224121094
20.373313903808594
25.9613094329834
7.003645896911621
6.289613723754883
17.903894424438477
17.93683624267578
17.826305389404297
36.741844177246094
64.14356994628906
37.716392517089844
34.42192459106445
45.590179443359375
14.090876579284668
14.04162883758545
25.547122955322266
38.490692138671875
7.466467380523682
42.20693588256836
77.8504409790039
63.084434509277344
31.460002899169922
49.36433029174805
92.96016693115234
76.0629653930664
33.412940979003906
12.679150581359863
58.1195182800293
26.067838668823242
18.323089599609375
34.77756881713867
51.97840118408203
25.51310920715332
6.622834205627441
3.315211296081543
26.512451171875
53.989646911621094
39.254425048828125
11.967247009277344
7.9987993240356445
24.2729434967041
9.515507698059082
6.326690196990967
6.792352199554443
17.03916358947754
62.50509262084961
34.83543014526367
44.02754592895508
39.1193962097168
7.99396276473999
46.088104248046875
35.64289474487305
25.315927505493164
25.58829689025879
9.91353702545166
83.2438735961914
90.34982299804688
69.60456085205078
13.394604682922363
44.15791702270508
68.84378814697266
58.65999221801758
36.239295959472656
21.86577033996582
63.68157958984375
60.48582077026367
10.481249809265137
45.36179733276367
53.08169174194336
56.698951721191406
31.082168579101562
80.42589569091797
103.89205932617188
107.74931335449219
59.619850158691406
12.845751762390137
36.75167465209961
55.240272521972656
26.585634231567383
15.437419891357422
44.978790283203125
38.931270599365234
14.650888442993164
29.35880470275879
24.9184513092041
32.0763053894043
20.599361419677734
28.869474411010742
56.72266387939453
52.319705963134766
28.052398681640625
14.436151504516602
46.14278030395508
33.184715270996094
39.225711822509766
10.056890487670898
6.545994758605957
3.0819103717803955
20.525636672973633
18.515127182006836
9.900461196899414
8.624007225036621
11.505593299865723
25.42657470703125
10.167802810668945
36.67015838623047
48.958255767822266
18.15951919555664
14.660581588745117
9.339057922363281
28.563039779663086
21.34518814086914
13.694278717041016
37.32709503173828
47.81340026855469
29.296438217163086
11.907777786254883
6.816943645477295
4.35348653793335
14.292686462402344
57.704811096191406
55.34014129638672
23.42214012145996
13.682851791381836
17.344562530517578
15.930718421936035
4.957609176635742
9.438490867614746
15.679756164550781
43.507591247558594
58.687992095947266
22.45840835571289
13.148049354553223
22.620803833007812
28.586795806884766
7.69580078125
27.579425811767578
36.4621696472168
6.474199295043945
30.249052047729492
27.320711135864258
15.694791793823242
26.571720123291016
34.043663024902344
27.653257369995117
9.775127410888672
44.56580352783203
61.831661224365234
72.66277313232422
20.161670684814453
47.179840087890625
55.97592544555664
47.96094512939453
25.029123306274414
42.173927307128906
53.91423797607422
54.576019287109375
37.0975341796875
18.19135856628418
48.8834114074707
30.131742477416992
5.020644664764404
11.747554779052734
19.61760902404785
13.249227523803711
29.490158081054688
45.01521682739258
29.29291343688965
15.712529182434082
62.82284927368164
113.49432373046875
92.15693664550781
52.576629638671875
17.256206512451172
9.06665325164795
19.93860626220703
7.56981897354126
51.16428756713867
60.44844436645508
38.62248229980469
9.139452934265137
20.81100845336914
18.815576553344727
25.608518600463867
10.685331344604492
13.407032012939453
7.518858909606934
5.915050029754639
7.415316581726074
86.76519775390625
83.3714370727539
74.23773956298828
17.633974075317383
84.73919677734375
83.88275909423828
109.67744445800781
51.131744384765625
24.33599853515625
54.668392181396484
164.3438720703125
132.60659790039062
102.05032348632812
30.921751022338867
20.167064666748047
29.168275833129883
39.46377944946289
6.134807109832764
25.69855308532715
62.10021209716797
39.14860153198242
24.387723922729492
27.374099731445312
46.801795959472656
39.40125274658203
13.71389389038086
12.107382774353027
13.20348072052002
7.970050811767578
16.064292907714844
22.737258911132812
55.41489791870117
38.13778305053711
18.62457275390625
35.68888854980469
70.07440185546875
55.380035400390625
41.96989059448242
6.103692054748535
8.23134708404541
24.204788208007812
9.794995307922363
19.604612350463867
29.215015411376953
4.5376386642456055
9.601910591125488
10.093010902404785
6.741889953613281
7.686997413635254
11.650240898132324
19.35429573059082
6.8809494972229
21.69253921508789
12.437357902526855
11.621265411376953
10.22060775756836
6.013904571533203
18.694055557250977
11.565042495727539
3.271205425262451
45.91535568237305
26.544099807739258
20.000537872314453
35.409034729003906
20.324111938476562
13.33373737335205
12.888948440551758
6.887263298034668
14.135830879211426
6.886532306671143
6.716497421264648
22.18701934814453
8.376426696777344
15.742585182189941
6.317424774169922
11.590368270874023
6.996243000030518
11.725851058959961
14.947908401489258
34.282310485839844
16.830894470214844
8.687041282653809
9.400856018066406
12.009857177734375
32.19380187988281
29.9293212890625
41.12408447265625
3.9687201976776123
13.429316520690918
25.271757125854492
4.1758952140808105
34.333438873291016
19.7636661529541
5.570213317871094
5.991209983825684
26.225038528442383
21.55516242980957
8.22584342956543
8.275437355041504
15.133770942687988
16.780359268188477
15.689170837402344
3.7622807025909424
23.501291275024414
12.67546558380127
5.569182395935059
7.574498176574707
8.400131225585938
39.92477798461914
14.75937557220459
5.3929524421691895
11.125683784484863
14.560137748718262
10.597887992858887
15.285654067993164
26.13835334777832
21.536544799804688
39.75519943237305
22.24704933166504
15.214016914367676
21.114221572875977
14.14337158203125
12.608845710754395
17.149951934814453
5.416449069976807
16.88182830810547
58.07856369018555
61.518768310546875
49.70960235595703
5.904233932495117
9.442084312438965
16.563190460205078
12.639228820800781
5.571905612945557
23.989397048950195
7.106141090393066
12.6008882522583
41.88361358642578
37.65479278564453
37.85625076293945
15.407048225402832
45.00493621826172
57.49629211425781
52.35017395019531
31.673683166503906
14.691717147827148
44.85542678833008
55.311744689941406
54.05911636352539
49.07530212402344
34.644493103027344
2.8330836296081543
44.33073806762695
32.34880828857422
45.350379943847656
31.84291648864746
4.149444103240967
21.20975112915039
26.68109130859375
26.93769073486328
7.3943376541137695
21.453351974487305
4.917191028594971
3.890580177307129
25.089021682739258
33.75251007080078
29.07237434387207
4.109437465667725
42.1917839050293
65.11942291259766
48.33136749267578
12.180357933044434
30.93822479248047
26.397171020507812
26.915945053100586
5.628595352172852
6.961777687072754
7.763621807098389
13.351008415222168
40.56837844848633
41.25932693481445
18.48540496826172
6.146484851837158
18.48792839050293
1.7627898454666138
14.24585247039795
9.443520545959473
21.210845947265625
5.984435081481934
23.324995040893555
4.006727695465088
28.047758102416992
44.58604049682617
13.25063419342041
8.101706504821777
19.14728355407715
23.547483444213867
13.368876457214355
25.70675277709961
53.69807434082031
27.154207229614258
19.267093658447266
11.703045845031738
36.883182525634766
5.537708759307861
8.659509658813477
6.217050552368164
2.485048294067383
8.502381324768066
18.400941848754883
5.078395843505859
19.655437469482422
4.189505577087402
16.62826919555664
13.28488826751709
2.8342068195343018
2.044877529144287
13.153800964355469
17.781490325927734
17.477153778076172
7.921789646148682
4.986458778381348
18.442129135131836
14.095088005065918
13.120375633239746
5.008786201477051
11.654821395874023
10.68311882019043
17.886260986328125
43.38053894042969
16.42300033569336
16.3381404876709
22.574153900146484
8.761031150817871
14.293378829956055
13.166223526000977
20.532203674316406
13.401224136352539
19.36614990234375
3.8403468132019043
21.938968658447266
10.00418758392334
8.64783000946045
28.868022918701172
38.874576568603516
12.751450538635254
7.412606239318848
11.36197566986084
3.469358444213867
22.639198303222656
19.0130615234375
3.6721436977386475
5.58743143081665
52.15456008911133
53.525753021240234
44.85696029663086
50.4435920715332
15.02952766418457
16.248430252075195
21.783517837524414
36.3328971862793
15.879295349121094
7.150411605834961
30.82258415222168
39.1890869140625
36.830196380615234
18.18056869506836
13.015400886535645
19.23079490661621
3.328657627105713
47.03401184082031
7.276523590087891
6.582803726196289
38.82703399658203
54.488563537597656
42.7469367980957
7.98939323425293
14.000009536743164
14.08215618133545
31.738422393798828
23.723735809326172
14.640371322631836
27.625268936157227
22.5797119140625
12.437593460083008
23.789718627929688
6.704895973205566
5.671956539154053
6.497335910797119
32.03266906738281
19.77991485595703
8.450695037841797
40.42491149902344
46.871673583984375
42.30011749267578
42.096065521240234
30.977190017700195
13.823554992675781
32.367000579833984
52.34645462036133
35.45083236694336
14.761859893798828
6.351576328277588
41.25724411010742
51.0103759765625
35.19041061401367
14.757651329040527
19.14236831665039
31.870038986206055
27.77010154724121
35.144020080566406
15.98193359375
12.203394889831543
22.870386123657227
20.624027252197266
31.971054077148438
9.937101364135742
3.6312851905822754
2.564532995223999
3.655961036682129
2.8831446170806885
10.779033660888672
20.09445571899414
6.512753486633301
5.0470380783081055
8.892939567565918
29.484392166137695
8.576338768005371
14.584920883178711
11.096117973327637
18.387521743774414
24.584367752075195
3.3056390285491943
12.237074851989746
13.379914283752441
5.355937957763672
24.76820182800293
23.195404052734375
6.514734268188477
15.789487838745117
11.243185043334961
12.346824645996094
6.056405544281006
32.14946746826172
43.37633514404297
41.20976257324219
16.768247604370117
22.660226821899414
5.728221416473389
9.32867431640625
26.325618743896484
34.15603256225586
10.433810234069824
15.677657127380371
9.30492115020752
4.8574113845825195
49.991207122802734
39.10020065307617
11.750717163085938
4.285736083984375
29.28065299987793
31.362886428833008
34.56745529174805
41.627471923828125
20.322307586669922
5.833036422729492
39.772193908691406
39.718475341796875
26.086841583251953
15.808887481689453
3.680072546005249
16.06507682800293
20.14354133605957
28.811128616333008
5.909668922424316
8.044929504394531
32.743019104003906
33.57172393798828
17.57765007019043
6.3003106117248535
18.835229873657227
13.412801742553711
24.264415740966797
7.12754487991333
24.409692764282227
25.997577667236328
29.881338119506836
27.27115821838379
6.972343444824219
33.78724670410156
67.07575988769531
54.55168914794922
49.98674392700195
25.505325317382812
18.643705368041992
9.987621307373047
30.425283432006836
46.78864669799805
34.288597106933594
29.04725456237793
5.440595626831055
9.168008804321289
16.83997917175293
44.708412170410156
35.123779296875
44.56983184814453
30.430742263793945
19.39509391784668
4.2206196784973145
36.872703552246094
39.176605224609375
38.733829498291016
41.35557174682617
51.579376220703125
14.564458847045898
9.64677906036377
13.387093544006348
28.584609985351562
14.586450576782227
12.62924861907959
3.19549822807312
43.216007232666016
19.481204986572266
32.99895095825195
21.65283966064453
9.306495666503906
7.276423454284668
17.450958251953125
7.195866584777832
22.955062866210938
22.53799057006836
25.31963539123535
29.937114715576172
6.633390426635742
1.9238150119781494
7.892448425292969
14.301653861999512
17.414331436157227
4.809835433959961
14.495085716247559
17.160991668701172
5.0580034255981445
33.96305847167969
31.368377685546875
