150.37338256835938
134.8656005859375
134.35089111328125
140.57115173339844
134.77674865722656
132.6807861328125
121.80974578857422
154.57276916503906
124.3009262084961
106.60497283935547
132.52272033691406
132.33114624023438
150.39785766601562
141.61636352539062
135.0204315185547
135.6556396484375
129.28514099121094
132.65834045410156
132.80101013183594
146.24183654785156
140.65286254882812
142.05911254882812
112.01512908935547
135.08853149414062
136.65005493164062
146.81005859375
139.19578552246094
138.60830688476562
79.02338409423828
119.4108657836914
125.984130859375
143.75534057617188
135.07504272460938
124.16259002685547
141.18690490722656
126.17704010009766
128.79222106933594
142.10733032226562
144.50262451171875
128.71507263183594
125.73519897460938
140.10293579101562
146.53781127929688
124.17412567138672
143.5081024169922
133.95339965820312
118.72364044189453
142.0754852294922
127.68534851074219
123.62242126464844
127.43548583984375
134.3873748779297
131.40542602539062
128.34683227539062
128.7289581298828
124.52888488769531
126.5803451538086
127.96585083007812
118.27643585205078
120.44527435302734
126.10570526123047
126.6410140991211
122.08274841308594
123.3917465209961
106.67066955566406
102.33016204833984
115.99424743652344
99.17342376708984
87.18496704101562
98.837158203125
104.4594955444336
88.60957336425781
100.34654235839844
92.3521957397461
98.64169311523438
78.23579406738281
94.47808837890625
95.76793670654297
77.5085220336914
82.85699462890625
85.64381408691406
78.08822631835938
67.74960327148438
68.8116226196289
73.05877685546875
77.74553680419922
74.97184753417969
71.99429321289062
52.121131896972656
52.33271026611328
49.65056228637695
55.657291412353516
57.3690185546875
60.400211334228516
50.861122131347656
54.311519622802734
44.51494216918945
40.48936462402344
44.09192657470703
46.4028205871582
44.26681137084961
30.956632614135742
33.8890266418457
37.10193634033203
32.353302001953125
29.449363708496094
32.075748443603516
24.296142578125
20.658031463623047
18.73761749267578
18.705970764160156
23.415491104125977
14.476454734802246
13.939574241638184
12.56633472442627
10.943532943725586
9.204845428466797
9.668564796447754
8.562047004699707
9.973196983337402
7.82676887512207
7.289589881896973
9.083983421325684
7.555029392242432
6.027080535888672
10.410011291503906
5.437145709991455
5.309185981750488
6.117125511169434
7.105966567993164
10.113601684570312
9.416705131530762
9.85463809967041
16.91231918334961
6.411346435546875
19.970348358154297
17.934659957885742
18.637493133544922
6.9034929275512695
16.07206153869629
15.734981536865234
23.63361358642578
21.54078483581543
15.457765579223633
10.404345512390137
6.33702278137207
22.985593795776367
9.904424667358398
9.082557678222656
7.922116756439209
9.200854301452637
6.35522985458374
9.77313232421875
7.321957111358643
6.930541515350342
5.360969066619873
12.236246109008789
7.0222063064575195
31.36377716064453
16.686878204345703
5.681999683380127
5.456620216369629
8.822613716125488
8.203225135803223
10.844701766967773
10.927868843078613
6.038209915161133
6.479623317718506
5.109400749206543
6.337418556213379
21.057106018066406
11.141249656677246
5.072447299957275
4.921442031860352
4.8657145500183105
5.089426517486572
5.942928314208984
4.923183441162109
7.212650775909424
5.97979211807251
6.284064292907715
7.7560601234436035
5.317895889282227
5.749380588531494
8.101887702941895
7.280880928039551
9.395926475524902
6.0162739753723145
5.79579496383667
6.037965774536133
5.449806213378906
5.072164058685303
5.078704833984375
5.523292541503906
5.25922966003418
5.026520729064941
4.97992467880249
5.150665283203125
5.072949409484863
5.0252366065979
5.022810459136963
5.270608425140381
6.180874347686768
4.091222763061523
5.589045524597168
4.237332820892334
4.599175453186035
5.047943115234375
4.645009994506836
4.923142433166504
4.367836952209473
4.913740634918213
4.864783763885498
4.381974220275879
5.275527000427246
4.196390151977539
5.309650897979736
5.358505725860596
4.6144328117370605
3.762216329574585
4.726414203643799
3.7735960483551025
5.990220546722412
6.401556491851807
5.97395658493042
4.865602016448975
4.9832892417907715
4.037161350250244
4.970019817352295
3.8596789836883545
4.483999252319336
6.065438747406006
4.834496021270752
5.011109828948975
5.215675354003906
5.711574077606201
5.095950603485107
4.954620838165283
4.942836284637451
5.500061511993408
6.001639366149902
5.364129543304443
4.69429349899292
5.564298629760742
5.933742523193359
4.783915996551514
5.029223442077637
5.456515312194824
4.612740516662598
4.286252021789551
4.216742992401123
4.302801609039307
4.811643600463867
4.329976558685303
4.708541393280029
4.360951900482178
3.639275074005127
4.1538004875183105
4.491648197174072
4.170919418334961
4.583186626434326
4.684688091278076
4.484220027923584
4.4300618171691895
4.373546600341797
4.233020782470703
4.5455780029296875
4.412350177764893
3.8222663402557373
4.344628810882568
4.553854942321777
4.680062294006348
4.1610002517700195
4.396556854248047
4.89825963973999
3.790334463119507
4.8931074142456055
4.181439399719238
4.235392093658447
4.327909469604492
4.846874237060547
3.9065701961517334
3.9404916763305664
4.420785427093506
4.433712959289551
4.463110446929932
3.516768455505371
4.244828224182129
6.272391319274902
4.000660419464111
4.4468464851379395
4.177312850952148
3.977973222732544
4.2412638664245605
3.896815061569214
3.8400068283081055
3.4167799949645996
4.4452667236328125
4.2868757247924805
4.513084411621094
4.281793117523193
4.181824684143066
4.688350677490234
3.5404183864593506
3.682047128677368
3.373244285583496
4.079630374908447
4.562498092651367
3.8721699714660645
3.767204761505127
3.9858407974243164
4.983644962310791
3.9957826137542725
3.7877109050750732
4.337336540222168
3.928187608718872
4.012102127075195
3.9000847339630127
3.981350898742676
3.989619493484497
3.6002604961395264
4.01760196685791
4.138970375061035
3.7461564540863037
4.206872940063477
4.255105972290039
3.7272167205810547
3.6723341941833496
3.41462779045105
3.2834866046905518
3.825340986251831
3.8731091022491455
3.345268487930298
3.6180078983306885
4.036747455596924
3.731623411178589
3.9267187118530273
3.7674102783203125
3.3955254554748535
3.7001943588256836
3.7450361251831055
3.24153733253479
3.7265522480010986
3.6742093563079834
3.4477272033691406
3.582584857940674
3.692142963409424
3.291034698486328
4.110509395599365
4.914202690124512
5.060111045837402
3.5578243732452393
3.109417676925659
3.8420028686523438
3.392812490463257
3.534055709838867
3.2954957485198975
3.1302011013031006
3.270566701889038
3.2360033988952637
3.6105988025665283
2.979140281677246
3.495443820953369
3.5279645919799805
3.2618024349212646
3.6846272945404053
3.0837345123291016
2.9349639415740967
3.7772393226623535
3.848344326019287
3.117241382598877
3.7795097827911377
4.571141242980957
5.460007190704346
3.8708994388580322
3.4530751705169678
3.235114812850952
3.079354763031006
3.3828012943267822
3.4074079990386963
3.408022880554199
3.499469518661499
3.452587366104126
3.4560577869415283
3.8575856685638428
4.224483966827393
3.2165486812591553
3.3605756759643555
3.499603271484375
3.1750004291534424
3.2067177295684814
3.2234013080596924
3.3506364822387695
2.986501693725586
3.078662395477295
3.4275529384613037
3.502901792526245
3.546895980834961
3.4708433151245117
3.152731418609619
2.998828887939453
2.7157387733459473
3.472379684448242
3.2260091304779053
3.274395704269409
3.3277809619903564
3.304757595062256
2.970655918121338
2.943516254425049
3.0898396968841553
3.018918514251709
3.721369981765747
3.1408164501190186
3.3528523445129395
3.562451124191284
3.305368661880493
3.0799522399902344
3.310209274291992
3.1121773719787598
3.177400588989258
3.1044020652770996
3.186984062194824
3.074082136154175
3.1627790927886963
3.243149518966675
3.0062835216522217
3.2568018436431885
3.028362989425659
3.5217041969299316
3.731647491455078
3.5318050384521484
2.853360652923584
2.9233860969543457
3.0725135803222656
4.804947853088379
2.48471999168396
3.0274524688720703
3.089716911315918
3.21647047996521
4.361083507537842
3.276946544647217
3.399909019470215
3.2296814918518066
3.319249153137207
3.680610179901123
3.3067097663879395
3.434152841567993
3.378692626953125
3.0330264568328857
3.3786518573760986
3.1315906047821045
3.255661725997925
2.9740703105926514
2.5484988689422607
3.086935043334961
2.995938539505005
3.066683530807495
3.458453893661499
3.6708693504333496
2.398242473602295
2.610653877258301
3.21732497215271
3.3278796672821045
3.1258792877197266
2.775798797607422
3.261162281036377
2.8803184032440186
3.3221728801727295
3.6629703044891357
3.3092522621154785
3.5362000465393066
3.0907771587371826
3.313305139541626
3.0517139434814453
3.33429217338562
3.14306902885437
2.96846079826355
2.859663486480713
3.198261022567749
3.0727005004882812
3.4693024158477783
3.3169960975646973
2.8176865577697754
3.4663662910461426
3.452423334121704
2.8972671031951904
3.1520891189575195
3.074281930923462
2.922661781311035
2.5008535385131836
3.147783041000366
3.0552382469177246
2.8028697967529297
3.058203935623169
2.3573861122131348
2.724480152130127
3.262768030166626
3.043612480163574
3.3164210319519043
3.683698892593384
3.234023332595825
2.828446865081787
3.5901641845703125
4.181863307952881
4.624976634979248
4.0807013511657715
3.127512216567993
2.9512596130371094
3.65291166305542
3.561310052871704
3.010986089706421
3.027803659439087
3.5760855674743652
2.703781843185425
3.2200419902801514
3.1912732124328613
3.087003469467163
3.103278875350952
2.9242935180664062
3.2164366245269775
3.066039562225342
3.0023152828216553
3.4160032272338867
3.2094812393188477
3.2057554721832275
3.634280204772949
3.62019681930542
2.8078668117523193
3.157388687133789
2.8425636291503906
2.5848917961120605
3.2192630767822266
4.103587627410889
2.962466239929199
2.8434298038482666
2.8880176544189453
3.072068929672241
2.856614589691162
3.1399102210998535
3.3088061809539795
2.3776252269744873
2.750663995742798
3.215322971343994
2.942549467086792
2.8019871711730957
2.7400174140930176
3.0207791328430176
2.6916825771331787
2.9840314388275146
2.9587409496307373
2.9641103744506836
2.950340747833252
3.4261159896850586
3.0800118446350098
3.285329818725586
3.10302472114563
3.24542236328125
2.5617616176605225
2.7754430770874023
3.0766947269439697
2.741347551345825
2.908942222595215
3.6890227794647217
3.315831184387207
2.9697437286376953
2.8661606311798096
3.6177475452423096
3.4529974460601807
2.8781158924102783
2.9421966075897217
3.515897035598755
3.3323638439178467
2.7921488285064697
3.2469379901885986
3.313786506652832
2.753041982650757
2.9672505855560303
2.9250314235687256
2.851879835128784
3.2035422325134277
3.11370587348938
2.422767162322998
3.0448195934295654
2.895554542541504
2.4838993549346924
2.5865578651428223
2.9475438594818115
2.8318045139312744
3.106017827987671
2.6501381397247314
3.1161067485809326
2.8283002376556396
2.8623852729797363
2.996509313583374
2.9577767848968506
2.7048120498657227
3.0223615169525146
2.760544538497925
3.2646827697753906
3.2801809310913086
2.726252794265747
2.6198337078094482
2.8942480087280273
3.3600523471832275
3.202697992324829
2.948526620864868
2.7280027866363525
3.4308664798736572
3.2917253971099854
2.3628292083740234
3.0010173320770264
3.294198751449585
2.8572990894317627
2.881223201751709
3.3900880813598633
3.5534167289733887
3.574833631515503
3.143338441848755
2.5016257762908936
2.6312100887298584
3.1294307708740234
2.946436643600464
2.7201149463653564
3.224569320678711
3.3052444458007812
2.935912847518921
3.19143009185791
3.0896248817443848
3.0345890522003174
2.560659170150757
3.180079460144043
3.4483606815338135
3.2961649894714355
3.165998697280884
3.24936580657959
3.559527635574341
3.2112743854522705
3.0061116218566895
2.761852979660034
2.8160901069641113
2.602287769317627
2.9236042499542236
2.9225378036499023
2.939297676086426
2.819500684738159
2.926652193069458
2.8364381790161133
3.0350453853607178
2.977653741836548
3.4879813194274902
3.346813201904297
2.9881539344787598
2.864426374435425
2.9223732948303223
2.9063892364501953
2.608546495437622
2.9876153469085693
2.9714694023132324
2.906917095184326
2.6412882804870605
2.7135441303253174
2.8940863609313965
3.2622156143188477
3.0308120250701904
2.6816465854644775
2.322984457015991
2.9259045124053955
2.8076186180114746
2.7687056064605713
2.920731544494629
3.075854778289795
2.9831817150115967
2.8200011253356934
3.144282579421997
2.837846279144287
2.7582335472106934
2.567436456680298
2.761136770248413
2.927682876586914
2.6214966773986816
2.96071195602417
2.6829521656036377
2.922454595565796
2.9377684593200684
2.986607313156128
2.9115123748779297
2.9332211017608643
3.159644842147827
2.162816286087036
3.106423854827881
2.785609006881714
3.2505860328674316
2.85471248626709
2.897566795349121
3.0857322216033936
3.0480873584747314
2.4585580825805664
2.9573428630828857
3.1246843338012695
3.086176872253418
2.9323313236236572
3.023411989212036
3.183511257171631
2.838472604751587
2.9630184173583984
2.3663442134857178
2.8678793907165527
2.7747280597686768
2.9055044651031494
2.927915096282959
2.7133710384368896
2.8221309185028076
3.0760715007781982
3.30678653717041
3.1166832447052
2.7843406200408936
2.821662664413452
2.566277027130127
2.655825138092041
2.817929744720459
2.81099271774292
2.726696729660034
2.644559860229492
2.800534725189209
2.679356575012207
2.9721100330352783
2.8916003704071045
2.790778160095215
2.9445557594299316
2.7538533210754395
2.70477557182312
2.5219669342041016
3.2130656242370605
3.183495283126831
2.9585959911346436
2.9146833419799805
3.1580581665039062
3.3634347915649414
3.61397647857666
3.105729341506958
3.1801960468292236
3.8196334838867188
3.8825533390045166
3.550206184387207
3.2201552391052246
2.797569751739502
2.7164855003356934
2.966057777404785
2.5680501461029053
2.840468406677246
2.5663671493530273
3.1679232120513916
2.6827964782714844
2.8407158851623535
2.6972315311431885
3.2389533519744873
2.928713083267212
3.133018970489502
2.931260585784912
2.8977887630462646
2.770493984222412
2.9902586936950684
2.930396318435669
3.160052537918091
2.67626690864563
2.8669910430908203
2.9577748775482178
2.8905625343322754
2.898777723312378
2.8197059631347656
2.716555595397949
2.041508197784424
2.3698458671569824
2.5589325428009033
2.5998423099517822
3.0044848918914795
2.3807272911071777
2.746105670928955
2.7433385848999023
2.6241252422332764
2.2922332286834717
2.573162078857422
2.746593713760376
2.7434911727905273
2.751079559326172
2.3124563694000244
2.657641649246216
2.642118215560913
2.8683252334594727
2.595036268234253
2.665358781814575
2.7024993896484375
2.9466629028320312
2.206392526626587
2.8176796436309814
2.763741970062256
2.7791213989257812
2.7635443210601807
2.506504774093628
2.767498731613159
2.112488031387329
2.2514004707336426
2.315706968307495
2.7881505489349365
2.8064377307891846
2.6259543895721436
2.5763890743255615
2.7754130363464355
2.6191089153289795
2.51942777633667
2.217933416366577
2.7393853664398193
2.6020255088806152
2.7033379077911377
2.092712879180908
2.3003809452056885
2.8989920616149902
2.8714287281036377
2.8768115043640137
2.605552911758423
2.4933342933654785
2.519263505935669
2.5698206424713135
2.708672046661377
2.5434885025024414
2.4758479595184326
2.6984004974365234
2.3550195693969727
2.7408392429351807
2.4528417587280273
2.6281375885009766
2.439854383468628
2.5868449211120605
2.722513437271118
2.6412534713745117
2.71004319190979
2.4295907020568848
2.2786760330200195
2.779698610305786
2.519304037094116
2.9085443019866943
2.480687379837036
2.745476722717285
2.7455453872680664
2.276060104370117
2.725616693496704
2.456953525543213
2.9178435802459717
2.6935698986053467
2.531503438949585
2.534628391265869
2.480343818664551
2.7921504974365234
2.6309661865234375
2.6253364086151123
2.6165103912353516
2.710268020629883
2.5911026000976562
2.7061374187469482
2.8044919967651367
2.8792788982391357
2.6498990058898926
2.549934148788452
2.655083656311035
2.586421489715576
1.9289506673812866
2.2803900241851807
2.427647590637207
2.3654391765594482
2.8257594108581543
2.842252731323242
2.777719736099243
2.6796817779541016
2.7663683891296387
2.478843927383423
2.851046562194824
2.673804998397827
2.9402964115142822
2.8464832305908203
2.7006208896636963
2.6141722202301025
2.6607842445373535
2.7437894344329834
2.6942808628082275
2.484592914581299
2.28360915184021
2.981194019317627
2.5405337810516357
2.6360061168670654
2.6067464351654053
2.5521175861358643
2.665541648864746
2.4911153316497803
2.5814101696014404
2.6139743328094482
2.6942973136901855
2.5023539066314697
2.3959975242614746
2.876957893371582
2.395143985748291
2.734809160232544
2.8719253540039062
2.3828885555267334
2.6208832263946533
2.4498064517974854
2.181994915008545
2.7446019649505615
2.647890329360962
2.6015846729278564
2.1757121086120605
1.9493217468261719
2.3909661769866943
2.796597480773926
2.11611008644104
2.6517179012298584
2.362278461456299
2.5277676582336426
2.543604850769043
2.42120099067688
2.3840513229370117
2.763277530670166
2.727886915206909
2.157050371170044
2.222184896469116
2.5445315837860107
2.3253519535064697
2.6882123947143555
2.6779463291168213
2.472378969192505
2.677602529525757
2.528252363204956
2.683990478515625
2.3664112091064453
2.369145393371582
2.1107802391052246
2.5606727600097656
2.6108033657073975
2.5284111499786377
2.8366990089416504
2.237133741378784
2.4642388820648193
2.5943567752838135
2.421722173690796
2.5750491619110107
2.306401491165161
1.9886891841888428
2.1755104064941406
2.6256191730499268
2.4927897453308105
2.0614285469055176
2.4228315353393555
2.519882917404175
2.398892879486084
2.636286973953247
2.8069539070129395
2.6059510707855225
2.6477081775665283
2.631892681121826
2.3337690830230713
2.413602113723755
2.5050690174102783
2.6924519538879395
2.5804355144500732
2.3170690536499023
2.334782600402832
2.316556215286255
2.60384464263916
2.53607177734375
2.47407603263855
2.5435354709625244
2.4807310104370117
2.6004295349121094
2.7215750217437744
2.3383684158325195
2.2942893505096436
2.6204934120178223
2.518019437789917
2.238912582397461
2.089329957962036
2.661397695541382
2.3120737075805664
2.5786616802215576
2.5585334300994873
2.413396120071411
2.529381513595581
2.542271852493286
2.54121994972229
2.152644634246826
2.6706314086914062
2.662557363510132
2.3513264656066895
2.4802651405334473
2.6858692169189453
2.252744674682617
2.2527477741241455
2.4681649208068848
2.687114715576172
2.6057753562927246
2.5388951301574707
2.6640524864196777
2.454280376434326
2.223721504211426
2.3008880615234375
2.475097894668579
2.4505808353424072
2.345290184020996
2.6061503887176514
2.6939032077789307
2.506788969039917
2.674452781677246
2.324167490005493
2.7687129974365234
2.6012051105499268
2.52264404296875
2.6288859844207764
2.272691488265991
2.5045647621154785
2.368769407272339
2.3964178562164307
2.6703948974609375
2.4624087810516357
2.424827814102173
2.373695135116577
2.3262386322021484
2.623509407043457
2.3733532428741455
2.5576114654541016
2.5665855407714844
2.564542055130005
2.3001677989959717
2.5795254707336426
2.684072256088257
2.217877149581909
2.433173894882202
2.4448912143707275
2.598104238510132
2.7806267738342285
2.683741807937622
2.4866466522216797
2.6363563537597656
2.578597068786621
2.2840168476104736
2.7349963188171387
2.325732946395874
2.371735095977783
2.3678340911865234
2.2338523864746094
2.5245814323425293
2.4733152389526367
2.5152010917663574
2.562530279159546
2.4195151329040527
2.5893313884735107
2.6179347038269043
2.6503725051879883
2.7430336475372314
2.3746235370635986
2.555908441543579
2.410743474960327
2.5420749187469482
2.596400022506714
2.4000937938690186
2.4951682090759277
2.6069705486297607
2.192396640777588
2.3713326454162598
2.388758420944214
2.5188939571380615
2.4647226333618164
2.53519606590271
2.4120800495147705
2.3676154613494873
2.4561455249786377
2.290827751159668
1.9657948017120361
2.186879873275757
2.46987247467041
2.356607437133789
2.5120017528533936
2.5356574058532715
2.1229214668273926
2.3295977115631104
2.6942641735076904
2.586120367050171
2.39711856842041
2.5370025634765625
2.474583864212036
2.2959558963775635
2.4669294357299805
2.3261752128601074
2.5749433040618896
1.8158100843429565
2.552948474884033
2.82120418548584
2.6285197734832764
2.0437846183776855
2.3275718688964844
2.2187962532043457
2.6170828342437744
2.635409116744995
2.2155423164367676
2.6995930671691895
2.1394693851470947
2.3527140617370605
2.223658800125122
2.5607693195343018
2.6416537761688232
2.0110669136047363
2.569007396697998
2.577582836151123
2.5090785026550293
2.3082780838012695
2.0103485584259033
2.564086437225342
2.387115478515625
2.4337809085845947
2.191084861755371
2.040121555328369
2.286381244659424
2.6445653438568115
2.2608842849731445
2.5110766887664795
2.696566581726074
2.6441197395324707
2.5077714920043945
2.532040596008301
2.589127779006958
2.561972141265869
2.3043293952941895
2.35479474067688
2.126452922821045
2.57869029045105
2.5093541145324707
2.3038218021392822
2.3783669471740723
2.6354994773864746
2.02974534034729
2.6563072204589844
2.294448137283325
2.534450054168701
2.54602313041687
2.556439161300659
2.612495183944702
2.1644091606140137
2.542888879776001
2.4484078884124756
2.1579995155334473
2.504835605621338
2.584127187728882
2.3491837978363037
2.5942542552948
2.2724969387054443
2.4933385848999023
2.5826196670532227
2.1482126712799072
2.3316142559051514
2.1185262203216553
2.335576057434082
2.5022647380828857
2.3215324878692627
2.5137624740600586
2.6244451999664307
2.465071201324463
2.3423891067504883
2.4906487464904785
2.5131778717041016
2.3972203731536865
2.5457592010498047
2.552138090133667
2.430288076400757
2.243943929672241
2.5640811920166016
2.278540849685669
2.0187594890594482
2.3944191932678223
2.6406030654907227
