18.726341247558594
18.99527931213379
15.030722618103027
18.763643264770508
18.612680435180664
16.875864028930664
18.320505142211914
18.352384567260742
18.976486206054688
18.871061325073242
18.807594299316406
18.361549377441406
19.322879791259766
18.426719665527344
18.87314796447754
18.42031478881836
18.613073348999023
18.157045364379883
18.019193649291992
16.465534210205078
18.43343162536621
18.1444034576416
18.129810333251953
18.62147331237793
16.12049674987793
18.012805938720703
18.94515037536621
18.131620407104492
18.620834350585938
16.469148635864258
18.304533004760742
19.110736846923828
18.630760192871094
17.738309860229492
16.522136688232422
18.40285301208496
18.17238426208496
17.792049407958984
17.510568618774414
17.606836318969727
17.637453079223633
18.05145835876465
17.449857711791992
18.30941390991211
17.267555236816406
17.33368682861328
17.29983139038086
16.871631622314453
17.808517456054688
17.17865562438965
15.383085250854492
16.593257904052734
16.749296188354492
17.187490463256836
16.44639778137207
16.350040435791016
17.117624282836914
16.123825073242188
15.535736083984375
15.691238403320312
15.587960243225098
12.238171577453613
15.153213500976562
15.10986328125
15.05727767944336
14.83499813079834
13.040586471557617
14.249895095825195
13.92556381225586
13.881667137145996
13.847537994384766
12.58509349822998
13.573954582214355
13.63790225982666
13.181034088134766
11.901592254638672
12.873918533325195
12.357693672180176
12.650321006774902
11.900212287902832
11.688916206359863
11.730426788330078
9.467925071716309
10.963897705078125
11.091760635375977
10.697489738464355
10.78547191619873
10.516778945922852
9.986144065856934
9.922741889953613
10.011834144592285
9.822559356689453
9.6349515914917
9.54941463470459
9.213469505310059
9.053102493286133
9.061258316040039
8.849769592285156
8.666454315185547
8.409697532653809
7.965938568115234
7.954538345336914
7.880991458892822
7.765908241271973
7.711929798126221
7.364876747131348
7.289134502410889
7.227046966552734
7.080934047698975
6.9621405601501465
6.858420372009277
6.569543361663818
6.410096645355225
6.24168062210083
6.137065887451172
5.90842866897583
5.8999714851379395
5.806362628936768
5.650534629821777
5.57672643661499
5.479206562042236
5.877318382263184
5.458763122558594
5.1451873779296875
5.15954065322876
4.983859539031982
5.105530738830566
5.9070844650268555
4.926345348358154
4.9224467277526855
4.839509963989258
4.685389518737793
4.701702117919922
5.167672157287598
4.600825786590576
4.6826887130737305
4.517653465270996
4.465719699859619
4.640106678009033
4.297196865081787
4.34205436706543
4.214607238769531
4.268519878387451
4.235450267791748
4.1362624168396
4.224174976348877
4.000473499298096
4.057638645172119
4.051143646240234
3.9386086463928223
3.9168879985809326
4.144410610198975
3.837949752807617
3.7937583923339844
3.9296154975891113
3.9388906955718994
3.776240110397339
3.7267744541168213
3.7418949604034424
3.6851701736450195
3.5933568477630615
3.6177191734313965
3.5830817222595215
3.4680566787719727
3.529874801635742
3.532740354537964
3.499521255493164
3.4455769062042236
3.399655342102051
3.4684934616088867
3.406808614730835
3.3214337825775146
3.284933567047119
3.0534558296203613
3.28948712348938
3.195485830307007
3.189152956008911
3.2455787658691406
3.142420530319214
2.93005108833313
2.9919071197509766
3.0478339195251465
3.083608627319336
3.057715654373169
3.0090134143829346
3.0849764347076416
2.9062321186065674
2.919991970062256
2.9221596717834473
2.7857370376586914
2.9065258502960205
2.9363582134246826
2.9103245735168457
2.8838233947753906
2.7146201133728027
2.753412961959839
2.8588974475860596
2.762117862701416
2.7191996574401855
2.6973366737365723
2.7256381511688232
2.6447739601135254
2.648855686187744
2.5382609367370605
2.696298599243164
2.6479437351226807
2.5433666706085205
2.501457452774048
2.513956308364868
2.5821828842163086
2.484722375869751
2.4658219814300537
2.2662036418914795
2.424079656600952
2.447572708129883
2.507671356201172
2.4486279487609863
2.403477191925049
2.333003044128418
2.2699878215789795
2.5047414302825928
2.4092724323272705
2.237311840057373
2.3806984424591064
2.3730907440185547
2.319697380065918
2.433786153793335
2.2774887084960938
2.391120195388794
2.2786595821380615
2.315505027770996
2.291733980178833
2.177293539047241
2.201688766479492
2.2797627449035645
2.267000198364258
2.2545101642608643
2.160849094390869
2.2046432495117188
2.25390887260437
2.1684560775756836
1.9961636066436768
2.0477914810180664
2.142526149749756
2.127279043197632
2.1423449516296387
2.189969301223755
2.0994861125946045
2.1168770790100098
2.0161991119384766
2.067652940750122
2.0091302394866943
2.085956335067749
2.0674126148223877
1.991706132888794
2.095021963119507
2.048020601272583
2.004611015319824
2.0088517665863037
1.8744386434555054
2.0221405029296875
2.094475269317627
1.9635260105133057
2.04573655128479
2.0576131343841553
2.0100131034851074
1.9463157653808594
1.9963349103927612
1.947414517402649
1.934240460395813
1.939904808998108
2.0543212890625
1.9696749448776245
1.9068270921707153
1.99288809299469
2.052093744277954
1.980122447013855
1.901456594467163
2.062697172164917
1.9007556438446045
1.8883687257766724
1.888020634651184
1.9360562562942505
1.8695868253707886
1.9163461923599243
1.9084203243255615
1.848301887512207
1.8172545433044434
1.875075101852417
2.010702133178711
1.811861515045166
1.8953760862350464
1.8927688598632812
1.866434931755066
1.8151310682296753
1.872161865234375
1.7769750356674194
1.8550444841384888
1.7509599924087524
1.6744903326034546
1.7637875080108643
1.894708514213562
1.8072795867919922
1.7789733409881592
1.792612910270691
1.8957574367523193
1.7302905321121216
1.7989606857299805
1.7694311141967773
1.7460389137268066
1.785738229751587
1.8383976221084595
1.8023566007614136
1.6876912117004395
1.7284802198410034
1.7830456495285034
1.6112362146377563
1.702253818511963
1.721043586730957
1.6063696146011353
1.7321956157684326
1.666928768157959
1.5619255304336548
1.578626275062561
1.7689323425292969
1.6803882122039795
1.7003157138824463
1.7276647090911865
1.7043793201446533
1.692116618156433
1.558282732963562
1.7814537286758423
1.8027498722076416
1.5454447269439697
1.712145447731018
1.6849961280822754
1.6969687938690186
1.6221671104431152
1.6841609477996826
1.671602725982666
1.6838206052780151
1.5442241430282593
1.5995805263519287
1.5468716621398926
1.665226936340332
1.6917542219161987
1.5722380876541138
1.6641201972961426
1.6748913526535034
1.645658016204834
1.6279195547103882
1.6421911716461182
1.4524195194244385
1.5891809463500977
1.5734413862228394
1.6035394668579102
1.6036450862884521
1.5733089447021484
1.5534917116165161
1.6683299541473389
1.5872292518615723
1.571178674697876
1.5889997482299805
1.6813212633132935
1.5529884099960327
1.5076448917388916
1.5673984289169312
1.537649393081665
1.5402729511260986
1.5182955265045166
1.5463204383850098
1.6272717714309692
1.568497896194458
1.432554006576538
1.4333999156951904
1.5563507080078125
1.3951423168182373
1.5412888526916504
1.5524674654006958
1.549444317817688
1.53011155128479
1.6287280321121216
1.5367403030395508
1.4838875532150269
1.5532512664794922
1.552351951599121
1.5312143564224243
1.597571611404419
1.6141035556793213
1.5102747678756714
1.5292680263519287
1.3396902084350586
1.5668405294418335
1.5108444690704346
1.5260868072509766
1.4927465915679932
1.359639286994934
1.501111626625061
1.5663731098175049
1.4282164573669434
1.5198945999145508
1.4466722011566162
1.4952528476715088
1.4599169492721558
1.482884168624878
1.4709603786468506
1.5073890686035156
1.4490638971328735
1.4599308967590332
1.4684382677078247
1.5478025674819946
1.5075972080230713
1.5486572980880737
1.4219772815704346
1.4781333208084106
1.4700496196746826
1.476071834564209
1.4850859642028809
1.4485348463058472
1.5012812614440918
1.3737493753433228
1.4814385175704956
1.487440824508667
1.4153472185134888
1.449453592300415
1.4136930704116821
1.4599746465682983
1.4600708484649658
1.496001958847046
1.4184763431549072
1.4532930850982666
1.423624038696289
1.4284071922302246
1.4871578216552734
1.4094401597976685
1.3873661756515503
1.4196654558181763
1.3967324495315552
1.2886546850204468
1.3678638935089111
1.2922431230545044
1.438105821609497
1.2798553705215454
1.4187415838241577
1.3892391920089722
1.4083404541015625
1.3945170640945435
1.3759287595748901
1.410897135734558
1.34983491897583
1.396304726600647
1.4135009050369263
1.4813785552978516
1.2144312858581543
1.4150373935699463
1.3875223398208618
1.3565912246704102
1.2489020824432373
1.4374536275863647
1.3898353576660156
1.4149996042251587
1.3983688354492188
1.424048900604248
1.4128550291061401
1.37679922580719
1.366857647895813
1.3965590000152588
1.3780385255813599
1.3522924184799194
1.3254132270812988
1.4000376462936401
1.3524419069290161
1.4602267742156982
1.3670628070831299
1.3409522771835327
1.2898730039596558
1.3969507217407227
1.3692357540130615
1.3828082084655762
1.3890628814697266
1.3028862476348877
1.3871556520462036
1.2803165912628174
1.34992516040802
1.4648176431655884
1.2248471975326538
1.3285874128341675
1.3295942544937134
1.2777760028839111
1.3472319841384888
1.282075047492981
1.3219554424285889
1.3315680027008057
1.2943702936172485
1.3049421310424805
1.372552514076233
1.3112740516662598
1.3191397190093994
1.3291969299316406
1.347974181175232
1.29824697971344
1.3524043560028076
1.0976641178131104
1.3115946054458618
1.3348312377929688
1.3534024953842163
1.324820876121521
1.268686294555664
1.3135331869125366
1.3347525596618652
1.3203638792037964
1.3191983699798584
1.3037008047103882
1.255714774131775
1.3257933855056763
1.2426387071609497
1.3914510011672974
1.237677812576294
1.3247337341308594
1.2826948165893555
1.349619746208191
1.3329039812088013
1.2808257341384888
1.281589150428772
1.3048526048660278
1.3265490531921387
1.2744700908660889
1.2745518684387207
1.328268051147461
1.3576774597167969
1.340621829032898
1.1688024997711182
1.2511751651763916
1.175073504447937
1.305903673171997
1.2783597707748413
1.3164113759994507
1.2629493474960327
1.2161829471588135
1.276731252670288
1.2804663181304932
1.2683786153793335
1.3208351135253906
1.2865307331085205
1.1757193803787231
1.2868322134017944
1.2912817001342773
1.2370319366455078
1.1993259191513062
1.273026466369629
1.2125623226165771
1.2968193292617798
1.2961947917938232
1.32166588306427
1.2054102420806885
1.2697710990905762
1.2957406044006348
1.2486016750335693
1.320815086364746
1.2840913534164429
1.155709147453308
1.211442232131958
1.291774034500122
1.033751130104065
1.2903382778167725
1.2363917827606201
1.2018195390701294
1.248117208480835
1.2953238487243652
1.1989034414291382
1.1633414030075073
1.3339030742645264
1.2646883726119995
1.2592902183532715
1.245316982269287
1.2317599058151245
1.2563810348510742
1.2024344205856323
1.2358108758926392
1.2177658081054688
1.2300689220428467
1.2249757051467896
1.2248553037643433
1.2467904090881348
1.2246512174606323
1.243699073791504
1.206599235534668
1.1999366283416748
1.159619688987732
1.2199256420135498
1.2382553815841675
1.199784278869629
1.2416495084762573
1.2415244579315186
1.1948981285095215
1.2086056470870972
1.2160414457321167
1.2035809755325317
1.2282330989837646
1.1553386449813843
1.2924867868423462
1.199874997138977
1.2352203130722046
1.2119662761688232
1.1299878358840942
1.2116366624832153
1.2425764799118042
1.192795753479004
1.1994577646255493
1.2969996929168701
1.1423187255859375
1.175328254699707
1.229748010635376
1.1843336820602417
1.276139736175537
1.2298604249954224
1.2375637292861938
1.2096434831619263
1.229703426361084
1.2499487400054932
1.2555735111236572
1.1580086946487427
1.1756457090377808
1.1156325340270996
1.1903929710388184
1.1935876607894897
1.213666319847107
1.2354236841201782
1.201913833618164
1.122113585472107
1.168172001838684
1.2271902561187744
1.2119377851486206
1.221166729927063
1.1282399892807007
1.207821249961853
1.2380094528198242
1.2242910861968994
1.0729577541351318
1.15982186794281
1.169053077697754
1.2389862537384033
1.2326068878173828
1.2442456483840942
1.205676794052124
1.2728445529937744
1.2464390993118286
1.1980849504470825
1.1781363487243652
1.2438956499099731
1.1619752645492554
1.095537781715393
1.162695050239563
1.220989465713501
1.1264843940734863
1.20283043384552
1.189531683921814
1.192124843597412
1.197495937347412
1.2850877046585083
1.1671942472457886
1.235729455947876
1.1333894729614258
1.1366604566574097
1.209223747253418
1.0606650114059448
1.175539493560791
1.258902907371521
1.2476998567581177
1.2314893007278442
1.1305341720581055
1.1978774070739746
1.2453974485397339
1.2594990730285645
1.1305245161056519
1.1832334995269775
1.3216276168823242
1.177927851676941
1.1868747472763062
1.1212246417999268
1.176293134689331
1.1736863851547241
1.1758705377578735
1.1870378255844116
1.161595106124878
1.2014037370681763
1.1251440048217773
1.191238284111023
1.185575246810913
1.1741113662719727
1.2128328084945679
1.1881680488586426
1.1932462453842163
1.1627001762390137
1.0488691329956055
1.1569064855575562
1.1539400815963745
1.1846601963043213
1.194879412651062
1.149570107460022
1.0978384017944336
1.1944410800933838
1.1568912267684937
1.1388722658157349
1.1234756708145142
1.1877548694610596
1.1418367624282837
1.1541234254837036
1.1370058059692383
1.1545395851135254
1.1675779819488525
1.1417361497879028
1.1327701807022095
1.1916038990020752
1.1671950817108154
1.062567114830017
1.1384648084640503
1.1725541353225708
1.1122983694076538
1.1992912292480469
1.223285436630249
1.1919578313827515
1.1696500778198242
1.0981343984603882
1.2001979351043701
1.0385184288024902
1.177573561668396
1.18751859664917
1.2059729099273682
1.1629587411880493
1.1739674806594849
1.1938066482543945
1.1188874244689941
1.1107710599899292
1.1252915859222412
1.1851698160171509
1.1121891736984253
1.1689846515655518
1.2306404113769531
1.1310796737670898
1.1883790493011475
1.1866273880004883
1.172428011894226
1.155549168586731
1.1748316287994385
1.2197703123092651
1.1705178022384644
1.1769424676895142
1.0654197931289673
1.1453962326049805
1.1392887830734253
1.152368426322937
1.1679354906082153
1.0795178413391113
1.1479886770248413
1.1279382705688477
1.105282187461853
1.0794728994369507
1.1689239740371704
1.096096158027649
1.149094581604004
1.087508201599121
1.0461289882659912
1.1299933195114136
1.1361582279205322
1.1652458906173706
1.1650276184082031
1.0485173463821411
1.1590373516082764
1.15665602684021
1.1317423582077026
1.13748037815094
1.181939959526062
1.1641120910644531
1.1060360670089722
1.1378268003463745
1.1226743459701538
1.0684666633605957
1.0737286806106567
1.1302783489227295
1.0097150802612305
1.0206063985824585
1.0893393754959106
1.1738455295562744
1.1535401344299316
1.151807427406311
1.0707058906555176
1.136301040649414
0.9827169179916382
1.1240867376327515
1.1126190423965454
1.0938316583633423
1.1421723365783691
1.1268751621246338
1.099556565284729
1.1045366525650024
1.1070892810821533
1.1550796031951904
1.1052882671356201
1.1421667337417603
1.0945687294006348
1.151706337928772
1.213491678237915
1.0308616161346436
1.0841206312179565
1.087708830833435
1.1212480068206787
1.106263279914856
1.1232744455337524
1.118410587310791
1.111497402191162
1.0991899967193604
1.1704051494598389
1.072727084159851
1.0755282640457153
1.1298894882202148
1.0858964920043945
1.0798110961914062
1.090238094329834
1.0721527338027954
1.1316452026367188
1.1889923810958862
1.186102271080017
1.1422375440597534
1.0886616706848145
1.0813531875610352
1.1659832000732422
1.141461730003357
1.0827178955078125
1.1156162023544312
1.0549168586730957
1.10689377784729
1.0178828239440918
1.0835881233215332
1.152284026145935
1.0828932523727417
1.092702865600586
1.187286138534546
1.0656697750091553
1.0205987691879272
1.136619210243225
1.0936800241470337
1.0689258575439453
1.1650325059890747
1.0864368677139282
1.0514475107192993
1.1280150413513184
1.1873576641082764
0.9421975016593933
1.1553113460540771
1.1142020225524902
1.1091785430908203
1.1153717041015625
1.0787538290023804
1.146138072013855
1.0985803604125977
1.096289873123169
1.1740437746047974
1.137001872062683
1.090463638305664
1.0932034254074097
1.032666802406311
1.1387873888015747
1.095084547996521
1.0782999992370605
1.1084080934524536
1.1349635124206543
1.166592001914978
1.0910602807998657
1.0783476829528809
1.13703191280365
1.0696488618850708
1.0301778316497803
1.1394349336624146
1.0402427911758423
1.1871445178985596
1.083087682723999
1.0861209630966187
1.0917974710464478
1.0913946628570557
1.111611008644104
1.107089877128601
1.1010228395462036
1.081801176071167
1.1115254163742065
1.1520171165466309
1.1659895181655884
1.0674898624420166
1.0822995901107788
1.1005058288574219
1.121205449104309
1.1034042835235596
1.1297755241394043
1.0885318517684937
1.111816644668579
1.0678540468215942
1.0216920375823975
1.0784666538238525
1.1561355590820312
1.0917056798934937
1.1425997018814087
0.9724494218826294
1.0334444046020508
1.1027354001998901
1.0111993551254272
1.0657109022140503
1.1132200956344604
1.05735182762146
1.1116844415664673
1.09220290184021
0.9374294877052307
1.0412238836288452
1.1042169332504272
1.0681449174880981
1.0955818891525269
0.9356786012649536
0.9656873941421509
0.9974032044410706
1.058706283569336
1.1251349449157715
1.0310695171356201
1.1387348175048828
1.0475695133209229
1.1977062225341797
1.0958449840545654
1.0957566499710083
1.0494704246520996
1.0891456604003906
1.0923759937286377
1.0623648166656494
1.0041478872299194
1.1039589643478394
1.0865519046783447
1.1387765407562256
1.0464171171188354
1.1093995571136475
1.1295089721679688
1.077025294303894
1.1782606840133667
1.1502487659454346
1.0823856592178345
1.100171446800232
1.0027495622634888
1.0758705139160156
1.0517634153366089
1.1141616106033325
1.0782020092010498
1.0455026626586914
1.1488107442855835
1.050196886062622
1.0296765565872192
1.0739388465881348
1.0545848608016968
1.0663844347000122
1.0753295421600342
1.0881149768829346
1.1081736087799072
1.0827208757400513
1.1528303623199463
1.1343419551849365
1.1496367454528809
0.9871232509613037
1.1196833848953247
1.1131714582443237
1.0087850093841553
1.06320321559906
1.085945725440979
1.077606201171875
1.1043789386749268
1.1578240394592285
1.1245462894439697
1.0713759660720825
1.0698636770248413
1.1105490922927856
1.0747343301773071
1.0302975177764893
1.1256723403930664
1.1046972274780273
1.0796091556549072
1.0813244581222534
1.1373963356018066
1.1585496664047241
1.0371921062469482
1.029048204421997
1.0675075054168701
1.080589771270752
1.080451488494873
1.0819483995437622
1.0961276292800903
1.0526690483093262
1.0579159259796143
1.1048210859298706
1.051866054534912
1.0543792247772217
1.0648208856582642
1.105272889137268
1.0310126543045044
1.0136150121688843
1.06438148021698
1.0537878274917603
1.068194031715393
1.1057084798812866
1.0793949365615845
1.0661617517471313
0.9650654196739197
1.051276683807373
1.1070408821105957
1.0955613851547241
1.0778450965881348
1.047193169593811
1.0383285284042358
1.078856110572815
1.0807064771652222
1.111094355583191
1.0243531465530396
1.1129354238510132
1.1106715202331543
1.2733169794082642
1.1275399923324585
1.0305534601211548
1.0852546691894531
1.0187526941299438
1.095367670059204
1.1398146152496338
1.1038638353347778
1.1086223125457764
1.054741382598877
1.0941754579544067
1.0714316368103027
1.0872009992599487
1.1357022523880005
0.9870584011077881
1.0420136451721191
1.0501190423965454
1.0380439758300781
1.0484975576400757
1.0796599388122559
1.0944710969924927
1.0839238166809082
1.0867102146148682
1.1096994876861572
1.0247223377227783
1.058873176574707
1.0932897329330444
1.1116191148757935
1.029502034187317
1.083336591720581
1.0846118927001953
1.0771105289459229
1.0403668880462646
1.0930876731872559
1.062493920326233
1.0474553108215332
1.1222864389419556
1.0968252420425415
1.0706028938293457
