46.203277587890625
46.93513107299805
47.69158172607422
46.9036865234375
45.86762619018555
46.56501770019531
47.01630401611328
46.484580993652344
47.21908950805664
47.89228057861328
47.103126525878906
48.39115905761719
47.674102783203125
47.49088668823242
47.98106384277344
48.778717041015625
48.830162048339844
48.98329162597656
49.902732849121094
46.946327209472656
49.07160568237305
48.5199089050293
49.98969268798828
49.499595642089844
49.17500686645508
51.773765563964844
52.65998840332031
52.45066833496094
52.02766799926758
51.50278091430664
53.296897888183594
54.46601486206055
56.19124221801758
55.87572479248047
55.8211669921875
58.16146469116211
60.49388122558594
60.73957824707031
61.77720260620117
63.30698776245117
64.32231140136719
66.02364349365234
66.83718872070312
69.21016693115234
71.64533996582031
72.9326171875
77.18254089355469
75.8115234375
81.79137420654297
83.99901580810547
86.74795532226562
90.69786071777344
93.736328125
96.47335815429688
97.18055725097656
101.78147888183594
108.71954345703125
111.12883758544922
116.56037139892578
120.994873046875
126.01388549804688
126.74754333496094
134.14366149902344
140.6024169921875
139.45582580566406
147.1063995361328
155.29202270507812
160.6123809814453
167.77505493164062
165.26931762695312
180.0626678466797
183.73236083984375
189.41909790039062
187.25808715820312
200.2249755859375
203.3225555419922
206.8666534423828
216.65921020507812
219.22866821289062
223.6439208984375
231.28146362304688
229.26121520996094
239.4698486328125
247.6142578125
236.1149139404297
251.2326202392578
255.1409912109375
258.9322509765625
262.0577087402344
252.74356079101562
268.639404296875
259.9406433105469
259.02227783203125
264.2503967285156
257.67742919921875
246.2912139892578
246.9466552734375
242.7908935546875
235.8989715576172
230.9759521484375
215.81886291503906
194.81126403808594
173.7374725341797
158.47113037109375
144.33544921875
118.16847229003906
72.33136749267578
32.688255310058594
20.97620391845703
41.979305267333984
39.79103469848633
45.392730712890625
37.51271438598633
28.973628997802734
28.4743709564209
14.613783836364746
28.66111946105957
33.12763214111328
62.05818176269531
61.709869384765625
78.22991943359375
80.48210144042969
82.6229248046875
70.69645690917969
75.86427307128906
79.6516342163086
87.98519897460938
68.88591003417969
65.0456771850586
57.516441345214844
50.1675910949707
37.51492691040039
27.581581115722656
21.582855224609375
23.396629333496094
22.170621871948242
24.23284149169922
27.98065948486328
38.317806243896484
41.834571838378906
44.531532287597656
47.7179069519043
53.20753860473633
39.175384521484375
41.01800537109375
32.850128173828125
35.54769515991211
19.043764114379883
17.799747467041016
15.278926849365234
14.392454147338867
15.922948837280273
16.570735931396484
19.699604034423828
14.621944427490234
15.368499755859375
17.596603393554688
17.5183162689209
16.105632781982422
22.46525001525879
20.07957649230957
27.553133010864258
17.63241195678711
17.95062255859375
17.16689109802246
18.05122184753418
17.875337600708008
25.093730926513672
21.49159812927246
13.187894821166992
16.292327880859375
12.066350936889648
13.210111618041992
14.96130657196045
30.362640380859375
16.96474838256836
10.852560043334961
12.734885215759277
16.926162719726562
13.72370433807373
13.5370454788208
27.891748428344727
24.788225173950195
13.148521423339844
21.718595504760742
24.939416885375977
18.930744171142578
8.951826095581055
30.46613883972168
34.30370330810547
35.3448486328125
22.244186401367188
14.90857219696045
12.655055046081543
6.711545467376709
17.88926124572754
8.57247543334961
6.502220153808594
8.887141227722168
10.062844276428223
20.502500534057617
10.922000885009766
5.850996971130371
16.982120513916016
8.901493072509766
13.388684272766113
23.33780860900879
16.58049774169922
5.8779120445251465
5.025045394897461
8.451022148132324
10.151269912719727
10.495935440063477
6.4745659828186035
7.931146621704102
5.79522180557251
5.445816516876221
5.281588554382324
4.6543989181518555
4.630832672119141
4.942812442779541
5.979269027709961
12.307287216186523
8.014782905578613
17.636333465576172
18.388948440551758
6.634882926940918
13.033014297485352
7.1870856285095215
37.87263870239258
24.467941284179688
11.238842010498047
3.779820680618286
5.573115825653076
5.698334217071533
5.959070682525635
6.010161876678467
6.351589202880859
21.287517547607422
26.52800941467285
32.4730224609375
20.926576614379883
17.619232177734375
9.726304054260254
11.055233001708984
11.773958206176758
7.083909034729004
10.657069206237793
7.694581985473633
5.422004699707031
30.775550842285156
12.161566734313965
10.740777015686035
12.592350959777832
9.046890258789062
4.8559250831604
11.524962425231934
10.114076614379883
15.867886543273926
19.69083023071289
11.98941707611084
4.351761341094971
12.870504379272461
4.544157981872559
5.0475382804870605
7.716586112976074
3.8854799270629883
5.045490741729736
19.673765182495117
27.48518943786621
23.648941040039062
10.530550003051758
14.329034805297852
7.021051406860352
18.386127471923828
5.672055721282959
6.68820858001709
18.22688865661621
11.722805976867676
20.244205474853516
19.930734634399414
8.602343559265137
4.236989498138428
8.11245059967041
3.795029640197754
4.783834934234619
16.479352951049805
10.259599685668945
3.611640691757202
14.312810897827148
8.421086311340332
6.0314836502075195
7.111222743988037
6.572062015533447
12.26114559173584
10.011701583862305
11.781993865966797
11.847915649414062
5.806466579437256
10.74450397491455
8.287593841552734
5.168028831481934
8.420027732849121
15.896973609924316
6.9576215744018555
11.950453758239746
4.349104404449463
10.111618041992188
2.8349547386169434
8.384634017944336
13.782431602478027
7.9604716300964355
14.83332347869873
4.03126335144043
3.208169460296631
3.898463010787964
3.8529319763183594
7.792762756347656
4.446527004241943
7.5420050621032715
10.892512321472168
5.238459587097168
9.543736457824707
4.193934440612793
7.259635925292969
14.4922513961792
13.394835472106934
5.021855354309082
18.184669494628906
22.81692886352539
14.786113739013672
16.48189926147461
16.893205642700195
13.977151870727539
6.82625675201416
15.392928123474121
13.846296310424805
21.760047912597656
16.46265983581543
14.727991104125977
6.96545934677124
4.735366344451904
5.308681011199951
8.273086547851562
12.064107894897461
10.594650268554688
6.716054916381836
9.425318717956543
4.606091499328613
3.1830036640167236
2.6160964965820312
12.330636024475098
14.089156150817871
15.705544471740723
14.142548561096191
9.032891273498535
7.210354328155518
17.867399215698242
15.872775077819824
9.136395454406738
5.172459602355957
5.145390033721924
4.016536712646484
6.982265472412109
9.237778663635254
5.586607933044434
4.123723030090332
4.094590663909912
13.048126220703125
7.9221391677856445
7.437899112701416
28.547988891601562
27.96014976501465
21.231264114379883
6.938321113586426
11.698799133300781
24.487186431884766
16.391376495361328
14.841591835021973
10.02340316772461
6.180630207061768
9.419415473937988
6.624932765960693
3.165043354034424
16.65871238708496
5.090840816497803
5.212097644805908
7.56716251373291
4.4945268630981445
15.206955909729004
16.830425262451172
4.124884128570557
7.467356204986572
5.782597541809082
12.086139678955078
22.009071350097656
11.997000694274902
18.327926635742188
11.751058578491211
24.206872940063477
5.045845985412598
4.755331516265869
5.622090816497803
2.475663423538208
14.731719970703125
17.617942810058594
8.856998443603516
3.418640375137329
32.82886505126953
34.388763427734375
20.9321231842041
21.85293197631836
14.282076835632324
26.808422088623047
43.552276611328125
41.83880615234375
49.688819885253906
26.05777359008789
4.6764326095581055
13.098831176757812
22.05286979675293
19.48162269592285
6.376136779785156
16.59375762939453
9.515385627746582
11.937390327453613
17.971433639526367
15.508316040039062
4.881579875946045
2.7346560955047607
16.313695907592773
21.528162002563477
17.723896026611328
10.25334644317627
17.988422393798828
31.27617073059082
23.565265655517578
15.768951416015625
6.723374366760254
16.48625946044922
20.14950180053711
9.470308303833008
6.3515496253967285
4.572624683380127
19.510700225830078
18.900724411010742
11.286842346191406
9.563076972961426
19.514142990112305
13.455212593078613
4.226068496704102
8.974410057067871
13.717450141906738
2.9592137336730957
3.9162917137145996
17.289813995361328
4.753785610198975
12.150510787963867
5.596701622009277
5.09361457824707
4.781503677368164
1.8000260591506958
2.000401496887207
6.36146354675293
2.9659745693206787
3.1872775554656982
11.471354484558105
20.523822784423828
11.6845064163208
9.138649940490723
10.013920783996582
9.592008590698242
11.521773338317871
7.992674827575684
5.845358848571777
21.389894485473633
11.810038566589355
20.91234016418457
8.759129524230957
7.3045196533203125
13.008605003356934
20.12364959716797
9.165278434753418
9.21826457977295
19.383689880371094
27.546043395996094
28.93726348876953
14.179830551147461
9.55416488647461
18.973773956298828
17.115488052368164
13.041508674621582
11.801234245300293
21.370214462280273
25.196565628051758
27.381818771362305
16.31992530822754
8.992040634155273
12.602060317993164
20.228723526000977
22.05459213256836
18.311674118041992
4.23853063583374
15.767663955688477
25.852869033813477
18.380115509033203
15.232169151306152
5.094884395599365
15.355703353881836
13.426280975341797
15.200318336486816
3.7325384616851807
11.995382308959961
9.989378929138184
9.729378700256348
5.928223609924316
18.339107513427734
18.557231903076172
16.271007537841797
10.905957221984863
4.621497631072998
11.980592727661133
19.437862396240234
10.462722778320312
6.7300591468811035
2.352501153945923
15.381322860717773
18.325048446655273
18.79598617553711
7.160547733306885
3.9444949626922607
19.36874008178711
29.354663848876953
23.639904022216797
13.031168937683105
6.685387134552002
20.78040313720703
18.81753158569336
3.854022979736328
12.755019187927246
7.12894344329834
2.4607527256011963
7.337287425994873
6.739422798156738
10.954623222351074
4.1002678871154785
5.816286087036133
14.81722640991211
12.410879135131836
5.846039295196533
17.693452835083008
12.523226737976074
20.01304054260254
5.57037353515625
7.55513858795166
5.825225830078125
22.669214248657227
13.177334785461426
7.783018112182617
4.0096282958984375
4.554210186004639
3.9461467266082764
7.047494411468506
6.932729721069336
11.613628387451172
5.120615005493164
2.9427316188812256
3.7325079441070557
8.717241287231445
14.680148124694824
6.619591236114502
24.071500778198242
5.793659687042236
8.621832847595215
3.197582721710205
15.365156173706055
20.88694190979004
13.633471488952637
8.114048957824707
8.590801239013672
21.47121810913086
21.341487884521484
29.0197696685791
16.037668228149414
8.536112785339355
9.811131477355957
12.202065467834473
24.71188735961914
12.45667839050293
10.769722938537598
15.099225044250488
18.200910568237305
11.046987533569336
5.495053768157959
5.795109272003174
9.269886016845703
2.8978588581085205
6.690241813659668
4.044808387756348
3.3885838985443115
7.436774253845215
5.438629627227783
8.782547950744629
3.7993807792663574
14.590764999389648
20.41044807434082
12.239645004272461
4.125004768371582
7.161800861358643
6.473555564880371
11.169159889221191
9.082711219787598
20.40272331237793
4.838982582092285
2.4530222415924072
3.8598697185516357
3.607830762863159
8.545294761657715
7.754738807678223
8.282858848571777
9.949590682983398
6.8093485832214355
6.858931541442871
1.6715083122253418
3.181919574737549
9.510247230529785
11.610610008239746
18.885711669921875
5.061233997344971
4.227863311767578
12.431706428527832
14.53061294555664
4.235244274139404
19.57772445678711
6.720556259155273
17.94084930419922
5.274611949920654
3.1422441005706787
18.033061981201172
8.662803649902344
6.448413848876953
1.8089762926101685
13.666315078735352
20.793325424194336
10.154342651367188
5.047438621520996
8.51899528503418
11.18492603302002
22.99407386779785
7.780860900878906
5.955681324005127
11.979822158813477
4.976245403289795
6.618948936462402
4.42299222946167
3.5548365116119385
9.752938270568848
8.567048072814941
2.64676833152771
10.251077651977539
5.063355922698975
13.02897834777832
8.757465362548828
8.607207298278809
2.208394765853882
8.247061729431152
12.598319053649902
6.49786901473999
2.3142385482788086
10.705451011657715
8.674907684326172
15.052780151367188
7.729994773864746
2.62591290473938
12.23076343536377
9.709118843078613
19.123367309570312
18.97344207763672
6.820754528045654
6.564323425292969
9.617030143737793
11.973261833190918
3.949315071105957
9.787233352661133
16.471261978149414
2.810621976852417
6.120940208435059
5.3345441818237305
2.1252803802490234
6.5996413230896
18.489015579223633
13.08707332611084
10.415913581848145
7.83341646194458
16.53235626220703
26.410417556762695
16.707799911499023
13.135696411132812
6.885392189025879
2.7194275856018066
14.117119789123535
23.040395736694336
22.66909408569336
22.2845401763916
15.067511558532715
20.531475067138672
8.024650573730469
12.174886703491211
10.459243774414062
7.8379364013671875
2.680562973022461
6.920628547668457
6.798010349273682
2.831500768661499
3.7276294231414795
4.937896728515625
2.9384360313415527
11.660651206970215
11.521860122680664
7.971652030944824
2.6109707355499268
10.121206283569336
3.1403143405914307
6.8512163162231445
15.903523445129395
6.796080112457275
13.56387996673584
5.246281623840332
4.107171058654785
1.6449211835861206
14.439635276794434
21.52177619934082
12.65816593170166
8.047301292419434
8.014892578125
4.649180889129639
2.2972710132598877
12.791581153869629
8.949837684631348
2.2398009300231934
8.918622016906738
6.88154935836792
3.190875768661499
6.365328311920166
7.715430736541748
7.934545040130615
4.640870571136475
12.779905319213867
2.371096134185791
14.169570922851562
17.357982635498047
2.309539794921875
2.7976808547973633
4.510937213897705
4.082588195800781
4.64366340637207
5.19515323638916
10.771876335144043
5.275063991546631
8.539961814880371
12.597489356994629
20.516193389892578
4.757846832275391
9.754860877990723
17.181411743164062
11.017587661743164
7.184706687927246
10.116600036621094
15.010744094848633
15.847644805908203
5.570041656494141
4.371009826660156
10.38182544708252
5.151012420654297
4.343799114227295
2.538384437561035
5.206749439239502
4.612049102783203
15.0017728805542
7.10889196395874
12.168740272521973
19.597023010253906
4.426894664764404
2.0656542778015137
4.470334053039551
6.69917106628418
8.810322761535645
7.254404544830322
13.525118827819824
5.112059593200684
4.735759258270264
4.091244697570801
3.0033981800079346
5.354393005371094
3.8900928497314453
2.5741984844207764
3.2143733501434326
6.4707722663879395
6.280142784118652
4.487751007080078
2.1863067150115967
2.253100633621216
6.980788230895996
3.3492000102996826
1.7359572649002075
11.821709632873535
10.519487380981445
12.822711944580078
12.360421180725098
3.1773829460144043
3.2342307567596436
14.490431785583496
4.442314624786377
3.6515443325042725
1.493818998336792
6.877146244049072
1.7087737321853638
4.129838943481445
3.7864038944244385
3.893120050430298
5.4895548820495605
10.777722358703613
7.474401473999023
5.467809677124023
14.32231330871582
8.986686706542969
10.387316703796387
6.486597537994385
7.589125633239746
4.270400047302246
3.0218405723571777
3.766375780105591
2.4861185550689697
3.3434929847717285
2.5162229537963867
3.2187397480010986
3.5970919132232666
10.090157508850098
2.573254346847534
3.5079784393310547
9.474823951721191
3.1717560291290283
2.373227596282959
5.720669269561768
13.67572021484375
2.031068801879883
4.995583534240723
8.60881519317627
3.4957680702209473
8.808112144470215
4.7274556159973145
1.8639447689056396
5.690308094024658
8.395934104919434
4.898538112640381
7.537926197052002
5.25050163269043
3.0664687156677246
7.618814468383789
6.586452484130859
11.175467491149902
8.971246719360352
20.590648651123047
2.9696054458618164
7.801989555358887
7.547854423522949
3.450906276702881
3.1621243953704834
9.69644832611084
14.330849647521973
7.502079010009766
7.3871636390686035
10.822246551513672
3.8578391075134277
9.12780475616455
10.880412101745605
1.7599488496780396
6.760934829711914
12.902637481689453
4.1600470542907715
1.6163591146469116
4.041164875030518
6.0431671142578125
7.404812812805176
10.14791488647461
9.829940795898438
5.050422668457031
5.127249240875244
14.395813941955566
1.9196159839630127
12.859020233154297
5.548665523529053
7.9719767570495605
9.541068077087402
4.126107692718506
3.798646926879883
2.8352932929992676
1.9329180717468262
2.5981595516204834
5.992863655090332
10.453296661376953
7.040040016174316
1.8706797361373901
3.4047763347625732
7.445675373077393
12.839407920837402
5.654730796813965
1.7161152362823486
3.5000436305999756
6.043940544128418
1.7799535989761353
3.2674078941345215
6.8023681640625
5.025877952575684
10.447404861450195
5.8628363609313965
8.973443984985352
4.5312180519104
4.548115253448486
7.068603038787842
2.556906223297119
7.23512601852417
2.8643076419830322
2.5783255100250244
5.496103763580322
7.729683876037598
6.195864677429199
2.7212343215942383
3.3436803817749023
2.276793956756592
