41.05617904663086
39.25240707397461
39.34086990356445
40.468238830566406
40.31111526489258
41.04668426513672
40.50008773803711
41.04261016845703
41.77945327758789
42.167747497558594
41.687137603759766
42.67192459106445
43.3743782043457
43.947105407714844
45.04331588745117
45.90680694580078
45.99293899536133
48.579010009765625
50.78343200683594
51.201927185058594
52.748600006103516
53.8255615234375
54.94505310058594
57.9510498046875
60.45571517944336
63.35223388671875
63.11662673950195
66.73429870605469
69.28541564941406
72.2499771118164
73.41938018798828
77.82298278808594
75.35508728027344
79.00653076171875
82.81865692138672
86.40715026855469
88.50946044921875
90.038818359375
92.17839050292969
97.39154815673828
98.72557830810547
100.12957000732422
106.02643585205078
106.4593734741211
108.62135314941406
111.76124572753906
114.33538818359375
118.9946517944336
122.16219329833984
122.19950103759766
131.6758575439453
132.80755615234375
136.56761169433594
140.91378784179688
144.1829833984375
148.15927124023438
152.1547088623047
155.37860107421875
160.15673828125
168.19410705566406
171.06954956054688
172.19796752929688
178.45127868652344
179.13182067871094
186.1004180908203
190.97116088867188
193.40625
199.6311798095703
194.13565063476562
206.70751953125
208.1715545654297
214.49658203125
216.02609252929688
219.4548797607422
223.6087646484375
227.1148681640625
228.0646209716797
228.4726104736328
241.8172607421875
238.64556884765625
243.87042236328125
247.96746826171875
251.01950073242188
248.3369598388672
258.04730224609375
253.2755889892578
251.88278198242188
254.9275665283203
252.4070587158203
254.87892150878906
255.04904174804688
261.8629150390625
267.7234191894531
257.6900939941406
261.6846923828125
254.08056640625
248.39015197753906
246.77610778808594
253.9073028564453
256.1538391113281
232.78012084960938
241.54037475585938
230.46725463867188
228.00148010253906
226.51068115234375
222.4496307373047
204.92864990234375
212.2985076904297
194.57752990722656
190.65794372558594
182.86141967773438
178.0449981689453
183.71185302734375
161.15887451171875
162.54019165039062
164.33148193359375
150.3828887939453
141.57135009765625
138.54148864746094
134.206787109375
136.82456970214844
116.08131408691406
107.25721740722656
95.44876861572266
89.2529525756836
87.38040161132812
72.93169403076172
61.745262145996094
69.51953125
55.65187072753906
44.566654205322266
46.4040412902832
51.68962860107422
30.89082908630371
22.434736251831055
41.787986755371094
54.656166076660156
39.54853057861328
25.27610206604004
34.95026779174805
24.695125579833984
40.115814208984375
53.53791809082031
47.31187438964844
23.6446590423584
24.760154724121094
21.259033203125
24.203458786010742
31.32911491394043
38.754310607910156
21.27630043029785
18.4429988861084
16.481605529785156
26.362428665161133
19.203147888183594
21.461973190307617
20.94522476196289
18.571760177612305
15.954627990722656
32.75886535644531
47.94435119628906
20.95921516418457
31.75987434387207
20.10955238342285
25.543127059936523
27.612293243408203
21.88945198059082
14.736408233642578
17.737770080566406
13.853785514831543
37.22550964355469
34.033538818359375
15.979778289794922
16.111949920654297
19.504135131835938
13.047769546508789
22.564918518066406
24.706783294677734
37.1650505065918
29.379703521728516
11.518654823303223
32.4783935546875
25.992387771606445
11.716717720031738
28.325031280517578
21.13024139404297
17.906692504882812
24.76842498779297
35.34768295288086
23.63182830810547
24.841957092285156
15.171321868896484
17.67681884765625
10.147747993469238
21.698631286621094
18.35488510131836
8.87086296081543
34.944156646728516
27.917104721069336
23.120317459106445
13.97286605834961
12.108378410339355
17.232402801513672
24.18867301940918
12.233338356018066
36.48868179321289
17.73917579650879
11.661676406860352
13.34935188293457
43.59209442138672
22.57801628112793
15.38508129119873
12.536800384521484
26.63184928894043
28.002634048461914
33.82978057861328
20.549091339111328
23.275829315185547
7.9602766036987305
29.950481414794922
34.264862060546875
12.439435005187988
16.585742950439453
11.161775588989258
19.876264572143555
9.536006927490234
6.584258079528809
13.966093063354492
26.79791831970215
17.594274520874023
17.80194664001465
17.24300765991211
12.356163024902344
34.519630432128906
8.281132698059082
20.76789093017578
11.90019702911377
11.3132963180542
19.607519149780273
9.22067928314209
17.402767181396484
5.010110855102539
4.482205390930176
8.499595642089844
8.656439781188965
6.395401477813721
11.916138648986816
4.8486809730529785
27.782222747802734
12.99022102355957
28.854644775390625
6.022402763366699
6.154794692993164
24.992759704589844
25.87949562072754
24.528202056884766
8.98224925994873
30.6459903717041
3.534996509552002
26.395692825317383
26.970251083374023
17.606412887573242
13.837276458740234
7.226847171783447
27.488317489624023
7.5747151374816895
5.514772891998291
11.057805061340332
12.27131462097168
5.799534320831299
14.312529563903809
26.082571029663086
31.16636085510254
7.530438423156738
9.767106056213379
17.966922760009766
23.82586669921875
7.509299278259277
9.772265434265137
10.948503494262695
4.956051349639893
32.847633361816406
22.405454635620117
11.000709533691406
22.61695671081543
4.994141578674316
38.63974380493164
24.626781463623047
6.375406265258789
4.529684543609619
18.77106475830078
14.30644702911377
10.616823196411133
19.604446411132812
16.455541610717773
17.794172286987305
38.01695251464844
52.97098922729492
38.53247833251953
13.902770042419434
47.28150177001953
46.71818923950195
29.76104164123535
12.052765846252441
49.57909393310547
70.41374969482422
43.0120735168457
23.141529083251953
39.45226287841797
89.16219329833984
65.09245300292969
47.60226058959961
9.960895538330078
50.431026458740234
47.92342758178711
17.191160202026367
23.93906593322754
18.224082946777344
32.211246490478516
11.88548469543457
33.304561614990234
54.961212158203125
29.114564895629883
6.028866291046143
26.439193725585938
29.723482131958008
6.380344390869141
12.703091621398926
35.84919738769531
12.42263412475586
26.079221725463867
23.011474609375
10.455018997192383
38.43425750732422
40.1503791809082
24.806751251220703
26.986753463745117
48.06669998168945
35.129066467285156
10.122087478637695
56.29874801635742
78.50663757324219
58.77910614013672
33.106056213378906
8.208035469055176
32.19398498535156
36.08897399902344
12.437353134155273
9.771801948547363
11.583436012268066
49.929443359375
40.727210998535156
25.820510864257812
14.332673072814941
44.54436492919922
38.43904495239258
34.00524139404297
32.983795166015625
28.158864974975586
28.104501724243164
26.97906494140625
38.40153121948242
49.70176696777344
13.318805694580078
38.609161376953125
46.389339447021484
59.0214729309082
22.627958297729492
21.471603393554688
22.765193939208984
21.7093563079834
19.660125732421875
23.742473602294922
6.937707901000977
10.605903625488281
25.87837791442871
4.114850044250488
17.066797256469727
17.490676879882812
9.969844818115234
4.0565080642700195
15.584090232849121
26.687681198120117
13.544058799743652
18.818378448486328
26.868301391601562
52.0278434753418
12.122776985168457
14.419391632080078
19.391054153442383
18.33820915222168
10.260713577270508
7.386942386627197
16.878131866455078
23.651504516601562
21.765966415405273
19.615169525146484
13.18227481842041
16.238670349121094
20.24769401550293
9.491507530212402
20.700048446655273
36.87275695800781
20.151620864868164
34.31583023071289
44.051239013671875
21.601613998413086
16.32925033569336
21.19719886779785
16.79608726501465
16.69855499267578
20.924715042114258
4.200352668762207
18.31305694580078
16.514070510864258
32.828433990478516
14.369000434875488
36.94075012207031
23.807024002075195
17.46227264404297
10.242606163024902
16.803035736083984
27.107969284057617
15.473859786987305
23.5242919921875
7.869065761566162
35.21603775024414
19.266937255859375
12.5740327835083
22.97540855407715
22.477041244506836
43.63956069946289
18.264007568359375
32.993202209472656
25.102909088134766
10.916722297668457
13.396443367004395
10.496578216552734
14.340140342712402
17.068233489990234
20.84834861755371
23.24786376953125
15.32835578918457
21.231048583984375
10.284907341003418
11.273689270019531
15.194343566894531
7.9516215324401855
14.094257354736328
10.060150146484375
17.8626708984375
13.160815238952637
6.803819179534912
3.9611711502075195
5.671197891235352
4.1502251625061035
18.93985366821289
36.19722366333008
17.750165939331055
22.62139129638672
3.9624359607696533
18.113407135009766
25.88039779663086
8.584901809692383
23.561803817749023
15.865012168884277
25.526432037353516
27.85253143310547
4.323744773864746
20.729053497314453
37.28485870361328
31.487564086914062
45.6287956237793
30.495615005493164
8.357629776000977
8.244288444519043
34.582069396972656
50.41749572753906
24.21710968017578
16.418004989624023
22.8531551361084
15.809879302978516
16.142148971557617
4.77592134475708
7.41721773147583
9.499964714050293
4.62502384185791
12.210877418518066
7.226491928100586
31.878793716430664
23.542524337768555
16.553604125976562
17.880834579467773
22.255783081054688
24.164255142211914
8.24911117553711
37.997894287109375
61.301414489746094
52.791046142578125
36.16306686401367
8.854718208312988
31.62128448486328
50.73186111450195
41.35910415649414
40.426116943359375
48.616268157958984
9.484159469604492
47.92897415161133
83.20720672607422
90.35850524902344
80.97584533691406
36.72687911987305
17.855131149291992
9.5421781539917
47.692138671875
44.9951171875
42.55457305908203
36.255210876464844
26.53705596923828
34.53524398803711
15.83990478515625
11.257905960083008
16.459312438964844
24.34487533569336
20.66733741760254
3.3960251808166504
15.059103965759277
14.416726112365723
13.750387191772461
22.610210418701172
10.730957984924316
7.182864665985107
6.065787315368652
8.39185905456543
14.647835731506348
6.219851493835449
9.332021713256836
7.997978210449219
20.917001724243164
18.968992233276367
13.424017906188965
13.346586227416992
14.319862365722656
5.022939205169678
23.50295639038086
23.762706756591797
15.496234893798828
7.0268073081970215
14.969062805175781
6.930257797241211
1.8435181379318237
14.826611518859863
30.297271728515625
17.310884475708008
12.347786903381348
25.485841751098633
20.664886474609375
19.329137802124023
14.5504150390625
35.70182800292969
35.77177810668945
15.167378425598145
10.02658462524414
25.065027236938477
30.801462173461914
13.007271766662598
14.995595932006836
40.938907623291016
12.919395446777344
5.916437149047852
2.244749069213867
20.137781143188477
21.913158416748047
16.898523330688477
15.176226615905762
16.979867935180664
19.315868377685547
9.387899398803711
10.310273170471191
8.791060447692871
14.504737854003906
9.144766807556152
3.3781886100769043
10.774974822998047
4.497514247894287
11.561380386352539
4.948436260223389
15.529285430908203
17.803720474243164
5.746837615966797
14.22701644897461
8.753265380859375
8.619950294494629
5.518122673034668
16.237281799316406
4.085248947143555
8.864295959472656
12.106573104858398
10.074854850769043
17.760902404785156
4.863511085510254
16.675228118896484
15.65345573425293
9.823870658874512
8.086750030517578
5.441477298736572
5.606801509857178
9.769645690917969
18.052757263183594
4.557689666748047
12.074378967285156
12.167817115783691
5.032253742218018
14.71033763885498
7.455379962921143
5.454995632171631
13.049273490905762
17.044288635253906
6.003677845001221
6.954614162445068
8.117350578308105
10.870932579040527
8.038426399230957
23.231422424316406
15.56660270690918
7.039618015289307
13.849507331848145
8.379537582397461
15.108592987060547
14.580816268920898
4.963994026184082
7.065218925476074
21.877256393432617
15.836531639099121
4.808190822601318
4.409040927886963
10.227127075195312
21.154014587402344
20.009014129638672
5.001722812652588
29.78419303894043
32.30928039550781
27.599655151367188
18.691455841064453
8.627052307128906
21.964115142822266
16.553245544433594
10.289874076843262
6.223338603973389
18.259679794311523
9.900589942932129
1.945007085800171
19.627979278564453
20.207984924316406
9.86731243133545
4.116245746612549
11.115605354309082
15.93491268157959
4.129026889801025
9.613704681396484
3.395526885986328
10.446770668029785
7.842789649963379
15.171509742736816
26.085481643676758
15.219196319580078
6.841903209686279
7.064023017883301
21.33451271057129
22.554698944091797
10.395219802856445
8.61808967590332
6.040205001831055
7.53815221786499
5.360766410827637
8.241559982299805
7.131597995758057
6.836263179779053
6.235091686248779
3.533630132675171
2.4768710136413574
4.595834255218506
5.420074462890625
3.1455888748168945
16.846263885498047
10.978591918945312
5.045109748840332
10.989084243774414
4.677494049072266
2.647888660430908
8.690913200378418
3.822028875350952
2.71824049949646
15.501440048217773
3.3963701725006104
4.919562339782715
4.173630237579346
10.52856731414795
19.97064781188965
5.732688903808594
8.23224925994873
10.539798736572266
2.8943240642547607
6.182896137237549
5.577658653259277
3.4828574657440186
7.132412910461426
8.61673355102539
13.078078269958496
8.601517677307129
3.0005903244018555
2.480451822280884
3.8917219638824463
14.978291511535645
5.633584976196289
4.880578994750977
16.822105407714844
12.136807441711426
2.609663248062134
10.206908226013184
5.580436706542969
9.336915016174316
5.315398693084717
12.415584564208984
21.179636001586914
19.267717361450195
7.309572696685791
5.996916770935059
9.408161163330078
10.335509300231934
4.8040080070495605
8.3228120803833
11.464783668518066
5.911273956298828
5.337117671966553
6.866325378417969
11.698230743408203
5.940581321716309
1.662064790725708
4.512491226196289
8.71774959564209
5.843543529510498
13.372458457946777
2.3771326541900635
3.108150005340576
6.284977436065674
7.7682013511657715
8.984382629394531
12.830477714538574
11.73220157623291
9.279446601867676
7.835470199584961
5.649659633636475
11.671772003173828
3.773090362548828
8.668865203857422
6.521834373474121
7.286380767822266
2.9726760387420654
2.808337450027466
10.607462882995605
6.673210620880127
6.019184112548828
13.32463264465332
3.8291609287261963
7.723445415496826
2.644361972808838
8.264351844787598
3.6937177181243896
6.890537738800049
3.219221353530884
3.817552328109741
10.771912574768066
15.761016845703125
13.719412803649902
7.350517272949219
8.94117259979248
4.7696404457092285
8.017069816589355
14.100239753723145
23.04327964782715
23.890613555908203
4.268764495849609
4.030630111694336
8.484832763671875
6.2895636558532715
6.378925323486328
3.6535041332244873
2.3146634101867676
5.755897045135498
1.6927729845046997
10.393418312072754
6.134863376617432
4.455078601837158
5.376786708831787
13.977364540100098
12.811256408691406
9.346946716308594
9.6885986328125
8.241482734680176
14.048688888549805
12.296504020690918
10.42020320892334
8.512187004089355
12.08060359954834
19.63461685180664
15.298933029174805
19.269317626953125
3.7668442726135254
2.5867676734924316
18.18965721130371
11.224624633789062
15.22942066192627
8.762475967407227
4.309643745422363
7.360597610473633
19.17317771911621
13.45793628692627
7.047927379608154
7.394322872161865
11.021428108215332
9.558283805847168
15.898874282836914
4.082101345062256
2.6271450519561768
3.2940165996551514
2.611764907836914
3.626406669616699
6.209960460662842
6.985719680786133
7.041254997253418
2.5251224040985107
2.7732598781585693
7.178109645843506
9.980879783630371
6.6780571937561035
13.665621757507324
8.9352388381958
8.2257719039917
2.8879287242889404
13.263014793395996
24.91463279724121
25.121435165405273
21.850234985351562
17.34880828857422
5.182633876800537
6.233173370361328
4.882744312286377
4.466427803039551
3.3910675048828125
9.03817081451416
13.194964408874512
11.445271492004395
6.088658332824707
3.7421960830688477
14.331498146057129
16.62172508239746
20.994876861572266
10.730843544006348
17.6357364654541
6.02634859085083
11.314661979675293
9.663786888122559
3.251286745071411
4.2885541915893555
13.296320915222168
19.28726577758789
14.295244216918945
5.555670261383057
2.5710086822509766
3.5086917877197266
10.503684043884277
12.155839920043945
11.196552276611328
3.8845715522766113
3.574770927429199
2.9058573246002197
9.6000394821167
4.162971496582031
7.345058441162109
6.060621738433838
6.1490797996521
8.17121696472168
3.8488223552703857
4.563883304595947
11.090376853942871
2.5441315174102783
5.617917537689209
2.8997769355773926
14.471271514892578
14.905634880065918
8.018954277038574
3.634335517883301
5.2375712394714355
3.6781795024871826
2.6021673679351807
14.714426040649414
17.214208602905273
8.164671897888184
8.789709091186523
18.337661743164062
5.020888805389404
2.6772541999816895
8.138117790222168
5.873413562774658
5.795215129852295
7.355345726013184
9.789640426635742
2.8883399963378906
3.80847430229187
11.38747787475586
2.7821156978607178
11.291598320007324
8.998281478881836
11.457819938659668
8.8573579788208
16.658065795898438
4.863687992095947
6.470094203948975
3.689744234085083
12.591278076171875
10.495157241821289
15.140079498291016
8.898702621459961
5.526665687561035
3.4466605186462402
8.258694648742676
18.456668853759766
5.797562599182129
4.742804050445557
