8.265337944030762
7.788293361663818
7.483225345611572
7.926968574523926
8.02376937866211
8.190051078796387
8.016071319580078
8.012907028198242
8.026050567626953
8.02830696105957
7.481451988220215
8.171998977661133
8.163082122802734
8.20687484741211
8.333051681518555
8.181366920471191
8.665952682495117
8.513731956481934
8.144633293151855
8.729130744934082
8.903130531311035
9.10478687286377
8.479443550109863
9.622777938842773
9.610191345214844
9.673528671264648
9.087035179138184
9.421028137207031
10.680231094360352
10.909700393676758
11.144490242004395
11.790166854858398
12.159295082092285
12.289529800415039
12.094603538513184
13.430018424987793
12.94485855102539
12.871026992797852
12.483746528625488
13.61795425415039
14.378707885742188
13.993706703186035
12.79127025604248
15.063060760498047
13.605958938598633
15.439852714538574
16.295501708984375
16.67505645751953
16.33948516845703
17.791656494140625
17.511966705322266
17.217227935791016
17.85801124572754
16.923294067382812
17.293842315673828
16.379901885986328
19.459787368774414
18.48675537109375
18.963214874267578
18.810646057128906
17.772947311401367
19.736108779907227
18.210330963134766
18.875192642211914
18.93177604675293
19.038585662841797
19.969194412231445
19.486867904663086
18.573070526123047
18.6263484954834
19.021268844604492
15.148027420043945
17.629030227661133
17.661785125732422
19.36572265625
17.362390518188477
14.431075096130371
13.676326751708984
18.2586612701416
12.756353378295898
16.396957397460938
17.194236755371094
14.708060264587402
15.72289752960205
10.34609603881836
13.249686241149902
12.185836791992188
13.155813217163086
13.096112251281738
13.67046070098877
11.008878707885742
11.387228012084961
11.360482215881348
9.660003662109375
9.360474586486816
7.255102157592773
10.06784439086914
8.935479164123535
8.373808860778809
8.55577278137207
7.045080184936523
7.679288387298584
8.800776481628418
8.436299324035645
8.090452194213867
6.879306793212891
6.970539093017578
6.886623382568359
7.358192443847656
7.593400001525879
7.126103401184082
6.335964202880859
5.239526748657227
6.543574810028076
6.453167915344238
6.044287204742432
5.957682132720947
5.248656749725342
6.137367248535156
5.440669059753418
5.029759407043457
4.731504440307617
4.612560272216797
5.933331489562988
3.943387031555176
5.176042079925537
3.7384843826293945
4.725234031677246
4.031707763671875
3.2536394596099854
3.9793968200683594
2.629772901535034
3.886228322982788
3.7480099201202393
2.0287411212921143
3.2857396602630615
1.9673186540603638
1.850917935371399
2.3569068908691406
2.941011667251587
1.8063828945159912
1.9928308725357056
1.750481128692627
1.774886965751648
1.4757858514785767
1.8443827629089355
1.7818455696105957
1.954121708869934
1.7844438552856445
2.4800186157226562
2.0708956718444824
2.8146719932556152
2.295881509780884
1.7361855506896973
3.450745105743408
1.9460502862930298
3.4323434829711914
2.373358726501465
3.2970638275146484
3.1240074634552
1.702691674232483
2.958792209625244
4.415204048156738
1.914648413658142
4.882824897766113
6.300147533416748
4.655387878417969
2.1820406913757324
4.151735782623291
5.935832977294922
4.068334579467773
2.1190173625946045
3.5924415588378906
5.920873165130615
5.336693286895752
2.3363475799560547
2.6178812980651855
3.6277241706848145
2.685901165008545
1.5772759914398193
2.9791088104248047
1.9983683824539185
1.544161319732666
1.9223252534866333
1.2451763153076172
2.219144821166992
1.9704469442367554
1.3183841705322266
1.29703688621521
1.7498657703399658
1.9852231740951538
1.2732222080230713
1.465359091758728
1.2192585468292236
1.2824639081954956
0.94532710313797
1.3700207471847534
1.4807401895523071
1.4370956420898438
1.9099690914154053
1.650492787361145
1.734686017036438
1.8844457864761353
1.3081835508346558
1.567618727684021
1.350767970085144
1.513950228691101
0.9103716015815735
2.233776092529297
1.3038201332092285
2.4011740684509277
1.7011643648147583
0.979050874710083
1.0791186094284058
1.352836012840271
0.8708701133728027
1.1434777975082397
1.1653133630752563
1.1048405170440674
0.899574339389801
1.2050355672836304
1.992438793182373
1.2197351455688477
1.9587249755859375
1.4082965850830078
1.8559331893920898
1.484965205192566
1.0815528631210327
1.3792215585708618
1.7391825914382935
2.246204137802124
1.2866592407226562
1.0690590143203735
2.1744182109832764
2.027362108230591
1.4006608724594116
1.5653762817382812
1.0553240776062012
2.1688923835754395
1.3310719728469849
1.7542643547058105
1.4519169330596924
1.9341682195663452
2.420182466506958
1.0986827611923218
1.4028010368347168
0.8976791501045227
1.515697956085205
1.0104830265045166
1.945243000984192
1.8620331287384033
1.5100035667419434
1.6017792224884033
2.0050108432769775
1.3040302991867065
0.92794269323349
1.7773746252059937
1.4432413578033447
1.3031562566757202
1.1930820941925049
1.0926589965820312
1.0874489545822144
1.7219314575195312
1.5127544403076172
1.5540474653244019
1.9587528705596924
1.1322311162948608
2.233337163925171
1.9643468856811523
1.333073616027832
2.3734233379364014
1.4458266496658325
1.8502330780029297
1.1810041666030884
1.675880789756775
2.3661141395568848
0.9442337155342102
1.1142812967300415
1.075069546699524
0.9767342209815979
1.2214044332504272
1.3832075595855713
1.1984881162643433
1.5387860536575317
1.5456925630569458
1.4407740831375122
1.3628429174423218
1.8062902688980103
1.6700642108917236
1.5007879734039307
1.3976610898971558
1.3890880346298218
1.0263659954071045
1.351414680480957
1.893572449684143
1.0946892499923706
1.6545286178588867
2.2289254665374756
2.0928757190704346
2.3285043239593506
1.503981351852417
1.5604206323623657
1.5704275369644165
1.5359559059143066
1.6129658222198486
1.2690860033035278
2.398524284362793
3.7521119117736816
1.401725172996521
1.967093825340271
3.177244186401367
1.5696334838867188
2.4787354469299316
2.7210090160369873
1.369848608970642
2.5045928955078125
2.3170926570892334
1.357133388519287
2.037712335586548
3.378833055496216
1.339526653289795
3.432783603668213
3.3492016792297363
1.944810390472412
1.9881335496902466
3.3405544757843018
2.2051374912261963
2.1539394855499268
2.394879102706909
1.4289153814315796
1.5881747007369995
1.894372820854187
1.173905611038208
1.6263269186019897
2.6303818225860596
1.9584708213806152
1.8620882034301758
3.03657603263855
2.282682418823242
1.3221677541732788
2.3865058422088623
2.7114486694335938
1.6036025285720825
1.4721355438232422
1.9191166162490845
1.5695208311080933
1.909879446029663
0.9589433073997498
1.6810060739517212
1.1663613319396973
1.25190007686615
1.5922809839248657
0.9838833808898926
1.2117067575454712
1.1686352491378784
1.695660948753357
1.0174216032028198
1.195846438407898
0.6623743772506714
0.8996731638908386
0.9401726126670837
1.2578245401382446
1.1840527057647705
1.9456524848937988
0.8453084826469421
1.070343017578125
1.2439804077148438
1.4114288091659546
1.3225394487380981
1.3413885831832886
1.3768811225891113
1.0153003931045532
1.2477459907531738
1.4527910947799683
1.4030046463012695
1.0082188844680786
0.8805277943611145
1.5663714408874512
1.1338748931884766
1.0723459720611572
1.0896775722503662
1.8975549936294556
1.5184237957000732
1.2315309047698975
0.9038486480712891
0.6485174894332886
1.164259433746338
0.8516528010368347
0.8685235381126404
1.8895775079727173
0.9852859377861023
2.2889914512634277
1.241808295249939
1.5748684406280518
1.8354010581970215
1.2521430253982544
1.5614001750946045
0.9050316214561462
1.1713882684707642
1.3439159393310547
0.6466023325920105
1.5561317205429077
1.1230509281158447
0.6343209743499756
1.3233749866485596
1.3186938762664795
1.5138916969299316
0.9534199237823486
1.687309980392456
1.198691487312317
1.4600595235824585
1.363577127456665
1.3274410963058472
1.7514899969100952
0.8573404550552368
2.0803353786468506
1.0839189291000366
2.2595856189727783
2.7509779930114746
1.3082804679870605
0.9685385227203369
0.9399542808532715
1.5942000150680542
1.2348512411117554
1.9406272172927856
1.2815734148025513
1.1492661237716675
1.300668716430664
1.1816669702529907
1.0711462497711182
1.534754753112793
0.954879105091095
1.8796697854995728
1.635075330734253
1.4612360000610352
1.0529385805130005
0.7277337908744812
1.1501764059066772
0.7856438755989075
0.8032912015914917
0.9476948976516724
1.8307170867919922
0.8457303047180176
1.5543674230575562
1.4921776056289673
1.4781084060668945
1.5005402565002441
1.5027031898498535
1.8227124214172363
1.065651774406433
0.9294701218605042
1.0631942749023438
0.8556906580924988
1.0629576444625854
0.9456026554107666
1.0187174081802368
1.3757693767547607
1.220226764678955
1.087314248085022
1.0267964601516724
1.0822665691375732
1.246336579322815
1.4025641679763794
1.2914561033248901
1.204839825630188
1.3058979511260986
1.403304100036621
1.0536283254623413
1.1970986127853394
1.0452091693878174
0.8677978515625
1.296665906906128
0.628905713558197
1.364454746246338
0.8993661403656006
0.7322407364845276
0.882591724395752
0.805749237537384
1.7293254137039185
0.8923737406730652
0.6352707147598267
1.4843196868896484
1.3499574661254883
0.8364918231964111
1.370622158050537
1.060952067375183
1.0477681159973145
1.002962350845337
1.144756555557251
0.8724759817123413
0.6046182513237
0.7869040369987488
1.1103062629699707
0.6532774567604065
1.2264117002487183
0.7794070839881897
1.0385593175888062
1.2480032444000244
1.0176490545272827
1.9532644748687744
2.281351089477539
0.8204654455184937
2.594376564025879
2.1614909172058105
1.786515712738037
2.2523961067199707
1.2273579835891724
2.2834787368774414
2.5665738582611084
0.8188675045967102
1.4429059028625488
1.3292009830474854
0.8594468235969543
1.928074836730957
0.8981142640113831
1.7568756341934204
1.6447631120681763
0.7518876194953918
1.0972537994384766
0.8627533912658691
1.1825299263000488
0.839228630065918
1.3429778814315796
0.7651674747467041
1.4171749353408813
0.9583266973495483
0.8545430302619934
0.8341479301452637
1.2037076950073242
0.6046987771987915
0.8966437578201294
1.024943470954895
1.7067837715148926
1.401645302772522
1.1715391874313354
1.0172988176345825
1.3525097370147705
1.1823593378067017
0.9993605017662048
1.0129647254943848
0.9532825350761414
1.3840744495391846
0.9607487916946411
1.5255790948867798
0.8707975149154663
0.9629064798355103
0.9560685753822327
0.7930935025215149
1.1968508958816528
0.9960050582885742
0.8747077584266663
1.0659648180007935
0.6527308821678162
0.8754580020904541
0.8280057907104492
1.1410956382751465
0.9017783999443054
1.0122591257095337
0.6097373962402344
0.746295154094696
1.0438073873519897
0.6416422724723816
1.7867406606674194
1.2536554336547852
1.3315908908843994
0.8941717743873596
0.9552452564239502
0.9052830338478088
1.3062832355499268
0.6334822177886963
0.8639434576034546
0.756668746471405
1.008726716041565
0.9100730419158936
0.8019077181816101
0.6275312304496765
0.7735867500305176
0.8556672930717468
0.5893102288246155
0.664540708065033
1.408739686012268
1.8774590492248535
1.1640303134918213
1.0812053680419922
1.8862450122833252
0.9977192282676697
1.6558008193969727
1.0815188884735107
1.5376602411270142
1.3512176275253296
0.9892641305923462
2.035984754562378
1.1132545471191406
0.9751182198524475
0.6943950653076172
1.023274302482605
0.9338215589523315
0.8366828560829163
0.9585713744163513
1.09857976436615
0.9368729591369629
0.6298912763595581
1.5706745386123657
1.161716341972351
0.8981592059135437
1.066114068031311
1.2564036846160889
1.1157938241958618
0.8801778554916382
1.1935557126998901
1.2437399625778198
1.0266996622085571
0.8051225543022156
1.672531008720398
1.1494121551513672
1.215627670288086
0.8194356560707092
1.1905804872512817
0.8925812244415283
1.1823147535324097
0.850969135761261
0.9532439112663269
0.9350185394287109
1.5093859434127808
1.232834815979004
0.8242984414100647
1.3569293022155762
0.712376594543457
2.1770594120025635
1.5381473302841187
1.2641531229019165
1.5904488563537598
1.4804359674453735
1.464944839477539
1.6889911890029907
0.8760702013969421
1.2352222204208374
0.8687176704406738
0.8211831450462341
1.3844561576843262
0.7785896062850952
0.9938353300094604
0.9813188910484314
1.4748146533966064
1.532781958580017
1.0188742876052856
1.7668843269348145
1.6878069639205933
0.9298648238182068
1.3444502353668213
1.3500431776046753
0.9979943037033081
1.3238894939422607
1.6973947286605835
0.9473103880882263
0.9312987923622131
1.2032580375671387
0.8358976244926453
0.7383559346199036
0.7737890481948853
1.2284748554229736
1.0151997804641724
0.9427385926246643
0.8836536407470703
1.7878280878067017
1.2484707832336426
1.3156418800354004
1.1018818616867065
1.3058807849884033
1.6845197677612305
0.8169976472854614
1.232183814048767
1.3270516395568848
0.8024887442588806
0.7341532111167908
1.3928393125534058
1.2267563343048096
1.7582335472106934
1.334886074066162
0.8050444722175598
1.3203381299972534
1.320838451385498
0.6729796528816223
1.2385027408599854
0.9662926197052002
0.6588091850280762
1.4009883403778076
1.2215368747711182
0.996644139289856
1.1130684614181519
0.9724013805389404
1.188118577003479
1.1789908409118652
0.7425991892814636
1.4497089385986328
0.9447371959686279
0.8615733981132507
1.337844967842102
0.7151361703872681
0.9412554502487183
0.7107433080673218
0.8780055046081543
0.5894373655319214
0.8987659811973572
0.9680753350257874
0.6405714750289917
0.9243437647819519
1.1010398864746094
0.7439442873001099
1.144270658493042
0.7538559436798096
0.8795379996299744
0.8001869320869446
0.618772566318512
0.7313643097877502
0.6151344180107117
1.0370506048202515
0.8379021286964417
0.9865736961364746
0.986760675907135
0.8783894777297974
0.6794464588165283
0.8666835427284241
0.9353365898132324
0.9333599805831909
0.8974308371543884
0.6217712759971619
0.9885538816452026
0.7505026459693909
0.6101157069206238
0.6642439365386963
0.7185450792312622
0.7350994944572449
0.9488312602043152
0.9844924211502075
0.691402018070221
1.1033228635787964
0.8280454874038696
1.2746074199676514
0.862920880317688
1.1809557676315308
1.155389428138733
0.9513377547264099
0.9079867601394653
1.6325935125350952
0.9713762402534485
0.8672454953193665
0.8499963283538818
0.7616092562675476
1.175498604774475
0.655657947063446
1.0119909048080444
0.7144386768341064
0.7710220813751221
0.6685284376144409
0.7330126762390137
1.0187283754348755
0.712337076663971
0.74229496717453
0.6851757168769836
0.8159995675086975
1.2740859985351562
1.118690848350525
0.6536455750465393
1.2735930681228638
1.1168984174728394
0.8137156963348389
1.583293080329895
1.6489206552505493
1.25728440284729
0.6045271158218384
1.9456331729888916
1.647923231124878
0.7405687570571899
1.335923671722412
1.562552571296692
1.2895398139953613
0.7271817326545715
2.020667314529419
1.4106212854385376
0.8052129745483398
1.4188284873962402
0.6540189385414124
0.7182283997535706
0.9282042980194092
0.7038379311561584
0.9479983448982239
0.7164682745933533
0.8413069844245911
0.700832724571228
1.1055009365081787
0.8131338953971863
0.7336261868476868
0.6019102334976196
1.0816596746444702
0.6864948868751526
0.7940783500671387
1.0464777946472168
0.8356482982635498
1.7705473899841309
1.0279229879379272
0.58408522605896
0.5452043414115906
1.0107768774032593
1.2225278615951538
0.47092297673225403
1.2067461013793945
0.9065757989883423
0.6650136113166809
1.1831694841384888
0.7513775825500488
0.7865386605262756
0.694664716720581
1.266172170639038
0.6500173211097717
0.9516741633415222
1.1246641874313354
0.6209773421287537
0.7308067083358765
0.7015010714530945
0.574863851070404
0.6662264466285706
0.5392398834228516
0.6156729459762573
0.8201736807823181
0.7781983017921448
0.7031022906303406
0.9349921941757202
0.9287487268447876
1.082523226737976
0.6366786956787109
0.707267701625824
0.8424302339553833
0.9118736386299133
0.8707814812660217
1.0895577669143677
0.5464134812355042
0.6928616166114807
0.8450216054916382
1.1277742385864258
0.8921647667884827
0.9637007117271423
0.8079462647438049
0.8796672821044922
0.7263155579566956
0.6174317002296448
0.5526840090751648
0.9292852282524109
0.7434042692184448
0.947750449180603
1.146194338798523
0.5661047697067261
0.934617817401886
0.8031387329101562
0.6732507944107056
1.3134129047393799
0.7290287613868713
0.7580668330192566
1.2015475034713745
1.4884874820709229
1.2450565099716187
1.3187357187271118
1.0141099691390991
0.8975945711135864
0.5831781625747681
1.051062822341919
1.0840991735458374
0.8345975279808044
0.9097363948822021
1.1257036924362183
0.6507351994514465
0.681280791759491
0.903832197189331
1.2149052619934082
0.49881160259246826
1.1848317384719849
1.4672120809555054
0.6366074085235596
0.6409430503845215
1.2457971572875977
0.9829550385475159
0.6586131453514099
1.2243441343307495
1.0087559223175049
0.6040422916412354
0.8799953460693359
0.6986513733863831
0.7089442014694214
0.647050678730011
0.818729043006897
0.6991777420043945
0.855524480342865
0.729790985584259
0.7296361923217773
0.8389544486999512
0.5343769788742065
0.717409074306488
0.6439176797866821
0.597234845161438
0.7850320935249329
0.8383123278617859
0.658258855342865
0.7633349895477295
1.1029903888702393
0.8071375489234924
0.9519960284233093
0.46244263648986816
0.874630331993103
0.6441235542297363
0.647847056388855
0.6239922046661377
0.7343744039535522
0.7424004077911377
0.6251197457313538
1.2168992757797241
0.9047642350196838
0.5136260390281677
0.9161511659622192
0.9100334048271179
0.7858827114105225
0.9773178696632385
1.0577672719955444
0.7008051872253418
1.103744387626648
1.5378464460372925
0.9051318168640137
0.7343610525131226
0.5525597333908081
0.9497423768043518
0.9134610891342163
1.125579595565796
0.7458118200302124
1.1014575958251953
0.8309296369552612
1.0254857540130615
0.722906231880188
1.2331815958023071
0.7304458022117615
0.6535363793373108
1.0042953491210938
0.9422919750213623
0.9237608313560486
0.5275170207023621
0.6300183534622192
0.6149486303329468
0.787968635559082
0.5485508441925049
0.49700355529785156
0.7258374691009521
0.6468797326087952
0.6682606339454651
0.6818134784698486
0.6057218313217163
0.7254282832145691
0.8732221126556396
0.9030210971832275
0.6571682691574097
0.6568816304206848
0.568306028842926
0.6036670207977295
0.8826279044151306
0.9347993731498718
1.0475261211395264
1.2954825162887573
1.054776668548584
0.7300973534584045
0.841609001159668
1.6608495712280273
1.4033173322677612
0.8975595831871033
0.6583268046379089
0.9841845631599426
0.9442571997642517
0.9074342250823975
0.6639837622642517
0.7298983931541443
0.8344577550888062
1.2981847524642944
0.8557741045951843
0.5364438891410828
0.7195370197296143
0.9037691354751587
1.1511080265045166
0.5174139142036438
1.0519107580184937
0.7501907348632812
0.9774879217147827
1.032984733581543
0.9333142638206482
1.2309706211090088
1.2498586177825928
1.1698787212371826
0.695295512676239
0.6294069886207581
1.1593819856643677
1.398370385169983
1.115552544593811
0.48755258321762085
0.7602283954620361
1.3176827430725098
0.9234200716018677
0.8097169399261475
0.6238501667976379
0.8751723766326904
0.8042184114456177
0.9538994431495667
0.5483241677284241
0.6221976280212402
0.7335556149482727
0.886275589466095
0.5813810229301453
0.4640904664993286
0.7460095286369324
0.703284740447998
0.47518762946128845
0.6845821738243103
0.540045440196991
0.5693274736404419
0.6954306960105896
0.4685022830963135
0.7103179693222046
0.5485330820083618
0.8354997634887695
0.6992305517196655
0.7674339413642883
1.0190818309783936
0.4680176079273224
0.521612823009491
1.0072646141052246
0.7632353901863098
0.5680211186408997
0.6348196864128113
0.637627899646759
0.8230530023574829
0.9157900810241699
0.8407177925109863
0.4619203209877014
0.6379287838935852
0.5757892727851868
0.4945419132709503
0.5032985210418701
0.6327435374259949
0.5631355047225952
0.6644419431686401
0.5326857566833496
0.5708393454551697
0.5912984609603882
0.5087442994117737
0.7191951870918274
0.8180462121963501
0.781040370464325
0.8140678405761719
0.6903777122497559
0.7556594610214233
0.8609045743942261
1.072256326675415
