218.316162109375
222.59580993652344
224.9757080078125
221.21177673339844
218.615478515625
219.0699462890625
222.86643981933594
219.9884796142578
224.01797485351562
227.43797302246094
219.88238525390625
227.13919067382812
223.4505157470703
218.74034118652344
222.183837890625
225.83372497558594
224.62925720214844
223.84844970703125
228.322998046875
212.01039123535156
220.61053466796875
216.44342041015625
220.7119140625
216.98402404785156
212.8447265625
226.1928253173828
226.47515869140625
223.45713806152344
217.8306884765625
214.25906372070312
218.82611083984375
219.37991333007812
224.04568481445312
221.0865936279297
215.9019012451172
221.53208923339844
223.37698364257812
222.3129425048828
219.761474609375
220.34725952148438
217.61550903320312
219.63307189941406
213.01248168945312
217.21994018554688
216.62896728515625
213.6134490966797
220.78021240234375
208.1805419921875
217.67205810546875
216.5669403076172
214.5415496826172
215.95986938476562
214.91783142089844
209.86581420898438
205.0165252685547
204.63192749023438
213.37939453125
205.37689208984375
205.35916137695312
204.35169982910156
206.0868682861328
198.83534240722656
202.8767547607422
204.1106719970703
192.8653564453125
192.4855499267578
194.15463256835938
195.6043701171875
194.44114685058594
182.98313903808594
192.4723358154297
187.83880615234375
187.3758087158203
175.7248992919922
182.8238525390625
177.06027221679688
172.4355926513672
174.38018798828125
171.06915283203125
166.7403564453125
168.76339721679688
159.23648071289062
160.2756805419922
161.40284729003906
145.62130737304688
150.48130798339844
148.10777282714844
144.74832153320312
140.96412658691406
129.84112548828125
135.55581665039062
126.10511016845703
122.09500122070312
120.8506851196289
113.72560119628906
106.41022491455078
104.06102752685547
100.99552917480469
96.4771957397461
95.08643341064453
89.2453384399414
84.03659057617188
79.5225601196289
76.91219329833984
75.5013656616211
72.64445495605469
69.32315063476562
67.73651123046875
69.84242248535156
67.20433044433594
68.687744140625
67.29998779296875
66.99574279785156
65.813232421875
63.41645812988281
63.4107780456543
61.514373779296875
60.16132736206055
60.733680725097656
58.054195404052734
58.23400115966797
56.93610382080078
56.83736801147461
53.75228500366211
53.91178894042969
53.350257873535156
54.27336883544922
51.50696563720703
50.69327926635742
49.794498443603516
49.86049270629883
48.96110534667969
48.059783935546875
46.232452392578125
44.848976135253906
43.785831451416016
43.025882720947266
41.82868194580078
41.45506286621094
39.7858772277832
38.58651351928711
37.45425796508789
36.81086730957031
35.722225189208984
34.77373504638672
34.10466766357422
34.14645767211914
32.57764434814453
31.979923248291016
31.852989196777344
31.205385208129883
29.804628372192383
29.166173934936523
28.707277297973633
28.624237060546875
27.809429168701172
25.699018478393555
25.434185028076172
24.76677894592285
23.843414306640625
23.914384841918945
23.245973587036133
22.111003875732422
21.31781768798828
20.083375930786133
20.97528839111328
19.747108459472656
19.283769607543945
19.272192001342773
18.128074645996094
18.115446090698242
16.929931640625
17.177539825439453
16.834518432617188
16.847734451293945
17.01032257080078
16.039743423461914
15.542925834655762
15.301642417907715
14.81818962097168
14.456429481506348
14.670291900634766
14.5849027633667
14.287861824035645
14.043036460876465
14.066234588623047
13.683442115783691
13.699234008789062
13.815115928649902
13.868651390075684
13.57201862335205
13.22610092163086
13.093698501586914
12.824222564697266
12.689130783081055
13.130098342895508
12.676697731018066
12.605656623840332
12.438434600830078
12.478819847106934
12.451333999633789
12.200189590454102
12.206788063049316
12.182930946350098
12.133062362670898
11.97511100769043
11.996024131774902
12.17935562133789
11.660481452941895
11.601149559020996
11.92241382598877
11.923507690429688
11.585527420043945
11.501049995422363
11.24431037902832
11.356586456298828
11.543120384216309
11.330307006835938
11.128150939941406
11.255269050598145
11.064453125
10.84495735168457
10.984780311584473
10.963513374328613
11.122018814086914
10.693906784057617
10.832608222961426
10.804986000061035
10.5636568069458
11.040163040161133
10.847661972045898
10.76406478881836
10.68630313873291
10.496393203735352
10.525186538696289
10.320341110229492
10.22981071472168
10.218531608581543
10.499340057373047
10.450395584106445
10.665864944458008
10.459112167358398
10.138101577758789
10.124101638793945
10.106341361999512
10.021859169006348
10.171948432922363
10.318035125732422
9.917366027832031
10.007102012634277
10.165925979614258
9.811686515808105
10.28439998626709
10.228177070617676
10.023275375366211
9.910541534423828
9.836252212524414
9.997241020202637
9.913867950439453
9.570966720581055
9.83435344696045
9.58102798461914
9.69963264465332
9.580004692077637
9.442426681518555
9.626608848571777
9.56086540222168
9.339280128479004
9.56243896484375
9.58997917175293
9.692394256591797
9.566849708557129
9.405056953430176
9.31911563873291
9.207386016845703
9.489897727966309
9.17961311340332
9.501718521118164
9.363655090332031
9.090084075927734
9.092948913574219
9.123446464538574
9.071462631225586
9.052958488464355
8.864622116088867
8.984153747558594
9.114720344543457
8.826948165893555
8.731894493103027
8.905582427978516
9.009182929992676
8.876460075378418
8.902422904968262
8.718582153320312
8.788311004638672
8.780921936035156
8.729299545288086
8.746855735778809
8.665847778320312
8.664887428283691
8.49462604522705
8.696112632751465
8.472187995910645
8.67269229888916
8.407474517822266
8.405980110168457
8.27769947052002
8.255866050720215
8.451615333557129
8.330523490905762
8.484999656677246
8.366147994995117
8.437799453735352
8.270722389221191
8.243782997131348
8.28559684753418
8.294922828674316
8.33471393585205
8.172331809997559
8.200414657592773
8.149264335632324
8.09436321258545
8.111593246459961
7.967559337615967
8.273833274841309
8.214783668518066
8.034600257873535
7.989521026611328
7.917370796203613
8.166353225708008
8.28098201751709
8.253484725952148
7.914849758148193
7.927899360656738
7.808242321014404
7.899012088775635
7.705414295196533
7.8688507080078125
7.851397514343262
7.824362754821777
7.759781360626221
7.608912467956543
7.726415157318115
7.749370098114014
7.705830097198486
7.682422637939453
7.76608943939209
7.598084926605225
7.707943439483643
7.532474040985107
7.818904399871826
7.470751762390137
7.422868251800537
7.6837334632873535
7.6669721603393555
7.584690093994141
7.535429954528809
7.719013214111328
7.520807266235352
7.578158855438232
7.595424652099609
7.4465532302856445
7.520589351654053
7.276566982269287
7.279912948608398
7.491423606872559
7.425107955932617
7.235927581787109
7.421017646789551
7.416904449462891
7.465612888336182
7.486611843109131
7.475571155548096
7.359110355377197
7.126086711883545
7.245968818664551
7.260862350463867
7.063848495483398
7.26540470123291
7.13183069229126
7.089149475097656
7.192020893096924
7.2491374015808105
7.182526588439941
7.1758928298950195
7.049973964691162
7.171978950500488
7.133164882659912
6.990682125091553
7.1047563552856445
7.080830097198486
6.998741149902344
7.059837341308594
6.945087909698486
6.902774333953857
7.005949020385742
7.027370452880859
7.153506278991699
7.037851810455322
7.161064624786377
6.963947772979736
7.054299354553223
6.96874475479126
6.695720672607422
6.8771209716796875
6.973173141479492
6.874943256378174
6.7235236167907715
6.886440277099609
7.0491042137146
7.015255451202393
7.044475555419922
6.670841217041016
6.9012532234191895
7.153368949890137
6.981620788574219
7.481053829193115
6.965847015380859
6.780368328094482
6.683080196380615
6.741937637329102
6.604212760925293
6.731285095214844
6.776139736175537
6.7314534187316895
6.609314441680908
6.6965203285217285
6.672931671142578
6.564612865447998
6.661929130554199
6.735759735107422
6.682130336761475
6.626969337463379
6.5476555824279785
6.622102737426758
6.930330276489258
6.773617267608643
6.582611083984375
6.5604567527771
6.511641025543213
6.59040641784668
6.470329761505127
6.558955669403076
6.419356822967529
6.571967124938965
6.823077201843262
6.45953893661499
6.513082027435303
6.694263935089111
6.542496681213379
6.5757737159729
6.581866264343262
6.467328071594238
6.355865478515625
6.434098720550537
6.482019901275635
6.469834327697754
6.328378677368164
6.406304836273193
6.408743858337402
6.306363582611084
6.274792671203613
6.301584243774414
6.17912483215332
6.185304641723633
6.423769474029541
6.311707973480225
6.448511123657227
6.271533489227295
6.322079658508301
6.341954708099365
6.3017754554748535
6.232764720916748
6.125421047210693
6.321176052093506
6.401980400085449
6.014561653137207
6.414187431335449
6.146666049957275
6.198453426361084
6.069560527801514
6.3714118003845215
6.105411052703857
6.216103553771973
6.226433277130127
6.342710971832275
6.369809150695801
6.1339616775512695
6.19058895111084
5.970763683319092
6.105393409729004
6.040275573730469
6.197840213775635
6.306515216827393
6.18629789352417
6.314144134521484
5.891048431396484
5.946778297424316
6.137026309967041
6.099384784698486
6.149162769317627
6.120781898498535
6.069268226623535
6.050639629364014
6.1687211990356445
6.098003387451172
6.133025169372559
5.988227844238281
6.002066135406494
6.07934045791626
5.992906093597412
5.988060474395752
6.024808883666992
5.926804542541504
6.012569427490234
5.90208101272583
6.066108703613281
5.998751163482666
5.890652656555176
5.971914768218994
6.006984233856201
5.906747341156006
6.090106964111328
5.9129791259765625
5.8173956871032715
5.833842754364014
5.774890422821045
5.973456382751465
5.999520778656006
5.891564846038818
5.757081508636475
5.851184368133545
5.967208385467529
6.013436317443848
5.771144390106201
5.693696022033691
5.782630920410156
5.947196960449219
5.7590155601501465
5.90602445602417
5.834420204162598
5.68494176864624
5.7195258140563965
5.84635591506958
5.831450462341309
5.679312229156494
5.761825084686279
5.916747570037842
5.717036724090576
5.616663455963135
5.821441650390625
5.6535491943359375
5.662398815155029
5.707469463348389
5.756829738616943
5.800815105438232
5.801640510559082
5.600536346435547
5.730268478393555
5.669025897979736
5.639255046844482
5.6035027503967285
5.6866655349731445
5.693728446960449
5.829808235168457
5.557757377624512
5.568538665771484
5.533663749694824
5.654061317443848
5.679686069488525
5.478566646575928
5.728379249572754
5.468945026397705
5.532922744750977
5.368800163269043
5.72838830947876
5.661298751831055
5.519854545593262
5.570593357086182
5.408717155456543
5.639007091522217
5.54256534576416
5.733680248260498
5.547763824462891
5.647930145263672
5.4599833488464355
5.4204206466674805
5.7311201095581055
5.402669429779053
5.567129611968994
5.499783039093018
5.3898186683654785
5.364457607269287
5.409876823425293
5.519928932189941
5.560972690582275
5.318387031555176
5.3294148445129395
5.334650039672852
5.428445816040039
5.459907531738281
5.328954696655273
5.381896495819092
5.358028411865234
5.376227378845215
5.523931503295898
5.303653240203857
5.291284561157227
5.219090461730957
5.305924415588379
5.3823933601379395
5.369991302490234
5.620163917541504
5.297092437744141
5.222757816314697
5.360365390777588
5.196770668029785
5.296621322631836
5.346334457397461
5.336544513702393
5.314202308654785
5.393741607666016
5.20253324508667
5.145186901092529
5.384137153625488
5.2435102462768555
5.1634626388549805
5.251603126525879
5.230757713317871
5.276565074920654
5.278893947601318
5.17106819152832
5.13451623916626
5.288765907287598
5.184640884399414
5.189459323883057
5.293140888214111
5.151540279388428
5.263823509216309
5.056804656982422
5.086157321929932
5.105361461639404
5.132615089416504
5.2569074630737305
5.1573710441589355
5.144711017608643
5.083402156829834
5.094809532165527
5.243021011352539
5.138772964477539
5.159304618835449
5.245623588562012
5.1137518882751465
5.172314167022705
5.0634846687316895
5.063447952270508
5.107829570770264
5.000494956970215
5.061266899108887
5.073317050933838
5.085710048675537
5.217066764831543
5.185373783111572
5.054047107696533
4.982344627380371
5.070471286773682
5.149818420410156
5.095392227172852
5.07786226272583
5.115431308746338
5.026376724243164
5.131601810455322
5.100172996520996
4.93154764175415
5.130105972290039
5.092433929443359
5.170507431030273
5.064470291137695
5.076380252838135
4.931262493133545
4.921660423278809
4.981207847595215
4.887547016143799
5.010221481323242
5.155865669250488
4.948515892028809
4.962404727935791
5.05830192565918
5.020121097564697
5.111253261566162
5.081517219543457
5.029362201690674
5.036105632781982
5.007909774780273
5.12687873840332
5.222617149353027
5.1120991706848145
4.9374799728393555
4.930327415466309
4.929970741271973
5.050025939941406
5.142327785491943
5.040515899658203
4.961559772491455
5.032180309295654
5.010315895080566
4.9821882247924805
4.9669270515441895
4.804831504821777
4.909292697906494
4.773821830749512
5.0549139976501465
4.864565372467041
4.818291664123535
4.90935754776001
4.908611297607422
4.899659156799316
4.970708847045898
5.016467571258545
4.88141393661499
4.853363990783691
5.013107776641846
4.803964614868164
4.817313194274902
4.986749172210693
4.774932384490967
4.917476654052734
4.7691450119018555
4.835679531097412
4.725126266479492
4.852575778961182
4.857490062713623
4.887680530548096
4.7887139320373535
4.970846176147461
4.77406120300293
4.761434555053711
4.818541526794434
4.8282999992370605
4.7796430587768555
4.827913761138916
4.798644542694092
4.7873735427856445
4.895496368408203
4.881554126739502
4.865637302398682
4.8029022216796875
4.83487606048584
4.773984909057617
4.792730331420898
4.827789783477783
4.711979866027832
4.723531246185303
4.7725019454956055
4.743215560913086
4.711965560913086
4.754375457763672
4.6897292137146
4.776673316955566
4.818722724914551
4.7825140953063965
4.817758560180664
4.786752223968506
4.737972259521484
4.797760486602783
4.685748100280762
4.7212138175964355
4.732072830200195
4.73799467086792
4.7278828620910645
4.734356880187988
4.764103412628174
4.700536727905273
4.72406005859375
4.731086254119873
4.6884446144104
4.706447601318359
4.682571887969971
4.681109428405762
4.598453521728516
4.553162574768066
4.7829766273498535
4.730462074279785
4.727042198181152
4.657458782196045
4.670830249786377
4.637361526489258
4.691051483154297
4.749110221862793
4.633548259735107
4.5901594161987305
4.54996395111084
4.684141159057617
4.720858573913574
4.656860828399658
4.620009422302246
4.601295471191406
4.694117546081543
4.717597484588623
4.574857711791992
4.589986801147461
4.5034356117248535
4.65853214263916
4.56966495513916
4.650720119476318
4.5188798904418945
4.694738864898682
4.564632892608643
4.743627071380615
4.632684230804443
4.678413391113281
4.754750728607178
4.623633861541748
4.713565349578857
4.571471214294434
4.619811534881592
4.679537296295166
4.65376091003418
4.724167346954346
4.697940826416016
4.607817649841309
4.567324638366699
4.643615245819092
4.55236291885376
4.628625869750977
4.624518871307373
4.737675189971924
4.6236748695373535
4.532876014709473
4.572873115539551
4.521043300628662
4.57186222076416
4.695552349090576
4.632892608642578
4.560339450836182
4.646481990814209
4.597557544708252
4.540074825286865
4.656336784362793
4.581881046295166
4.6777262687683105
4.584380149841309
4.54686975479126
4.537992477416992
4.6726908683776855
4.477022171020508
4.651690483093262
4.577988624572754
4.570971965789795
4.425518989562988
4.431552410125732
4.416027069091797
4.550097465515137
4.640749454498291
4.470479965209961
4.579667568206787
4.556382656097412
4.527190685272217
4.522214889526367
4.520822525024414
4.508627891540527
4.576644420623779
4.548452377319336
4.589353084564209
4.412639141082764
4.414053916931152
4.521562576293945
4.415563106536865
4.736500263214111
4.494654655456543
4.603437423706055
4.506979465484619
4.492099761962891
4.503615379333496
4.530795574188232
4.650893211364746
4.567899227142334
4.389721393585205
4.489476680755615
4.447573661804199
4.511792182922363
4.500415802001953
4.559930801391602
4.429505825042725
4.480823516845703
4.518523693084717
4.5145649909973145
4.60705041885376
4.435390472412109
4.464735984802246
4.6052775382995605
4.491881847381592
4.604648590087891
4.499083518981934
4.377027988433838
4.4361724853515625
4.425408363342285
4.488109588623047
4.408491134643555
4.549121856689453
4.516568183898926
4.453210830688477
4.5570478439331055
4.525006294250488
4.393019676208496
4.323513984680176
4.576445579528809
4.441927909851074
4.471685409545898
4.50493049621582
4.52877140045166
4.3803229331970215
4.417123317718506
4.388927459716797
4.502223014831543
4.418082237243652
4.45237922668457
4.441795349121094
4.425383567810059
4.416606903076172
4.39914608001709
4.4456682205200195
4.452523708343506
4.484359264373779
4.408139705657959
4.428289890289307
4.426474571228027
4.3961029052734375
4.487752914428711
4.353941917419434
