227.6933135986328
216.0339813232422
215.20046997070312
225.45352172851562
223.66290283203125
226.09124755859375
218.16061401367188
225.305419921875
225.82675170898438
225.62278747558594
219.22027587890625
221.0071563720703
223.3521728515625
218.21331787109375
222.31988525390625
222.99623107910156
213.79852294921875
223.07000732421875
230.23695373535156
222.5078582763672
221.26434326171875
217.95384216308594
215.20516967773438
218.76246643066406
222.2725372314453
225.09609985351562
214.13958740234375
221.34478759765625
222.4893341064453
224.444091796875
218.54837036132812
227.10745239257812
207.90525817871094
213.253662109375
217.74697875976562
220.7630157470703
219.41481018066406
215.8172149658203
215.32594299316406
222.26654052734375
217.69544982910156
212.95175170898438
221.4807891845703
214.03321838378906
212.5965576171875
210.34060668945312
208.52880859375
212.4924774169922
211.0052032470703
202.727294921875
214.67050170898438
208.95713806152344
208.7903289794922
208.01063537597656
205.82257080078125
205.0725555419922
203.5379180908203
200.7839813232422
201.9398956298828
207.078125
203.97702026367188
196.45672607421875
199.7129364013672
194.17581176757812
195.8139190673828
195.56689453125
191.21726989746094
192.89976501464844
179.1595916748047
188.41586303710938
182.86062622070312
184.551025390625
179.6831512451172
178.09852600097656
176.88919067382812
175.08912658691406
169.88995361328125
166.96539306640625
172.39205932617188
165.76185607910156
164.4443817138672
163.53355407714844
161.5912628173828
155.32131958007812
158.24012756347656
150.51206970214844
145.5595245361328
144.79824829101562
139.8461151123047
137.9611358642578
135.6068878173828
135.63294982910156
136.30551147460938
128.81646728515625
127.40497589111328
122.469970703125
115.95186614990234
114.32173919677734
115.00299072265625
114.82746124267578
103.42826843261719
104.81468963623047
99.24132537841797
97.7432861328125
96.3673095703125
92.78172302246094
87.0072250366211
88.85637664794922
82.51714324951172
80.6902847290039
76.6722183227539
74.48587799072266
74.7655029296875
69.0872573852539
66.7840805053711
65.31525421142578
61.78445053100586
59.099849700927734
56.45909118652344
55.333614349365234
54.893798828125
51.75421142578125
49.45079803466797
46.980289459228516
46.031822204589844
45.43873977661133
44.344947814941406
42.332210540771484
42.05583572387695
41.38645553588867
40.36719512939453
38.654930114746094
37.965911865234375
37.50714111328125
37.084388732910156
36.11021423339844
35.688438415527344
34.91643142700195
34.7038688659668
34.87708282470703
33.506919860839844
32.961456298828125
33.01934814453125
32.50868606567383
31.68804168701172
31.507808685302734
31.003067016601562
30.462812423706055
29.82357406616211
29.891759872436523
29.199535369873047
28.771408081054688
28.381031036376953
27.851207733154297
27.098655700683594
27.258424758911133
26.31374740600586
26.014795303344727
25.949838638305664
25.807662963867188
25.658370971679688
24.468914031982422
24.454343795776367
23.928579330444336
23.118967056274414
22.87656021118164
22.03284454345703
22.421113967895508
21.828859329223633
20.91434669494629
21.626251220703125
20.48826789855957
20.228553771972656
19.68230438232422
19.790721893310547
18.86626434326172
18.682968139648438
18.79534149169922
18.784032821655273
18.058561325073242
17.599502563476562
17.605791091918945
17.25534439086914
16.60378646850586
16.886993408203125
16.541881561279297
15.878243446350098
16.132781982421875
15.764699935913086
15.897543907165527
15.477776527404785
14.955442428588867
14.864360809326172
14.957947731018066
14.930635452270508
14.859776496887207
14.15452766418457
14.417025566101074
14.494033813476562
13.917963981628418
14.085427284240723
13.988739967346191
13.77800178527832
13.591425895690918
13.596193313598633
13.659014701843262
13.435515403747559
13.584800720214844
13.198533058166504
13.974982261657715
13.339938163757324
13.018596649169922
12.69110107421875
12.802383422851562
13.242654800415039
12.930061340332031
12.795262336730957
12.57605266571045
12.712899208068848
12.821853637695312
12.797089576721191
12.205621719360352
12.227164268493652
12.072713851928711
12.419394493103027
12.307913780212402
12.103202819824219
12.387012481689453
12.005692481994629
11.698858261108398
11.6932954788208
11.694644927978516
11.94218635559082
11.998023986816406
11.596729278564453
11.891223907470703
11.815021514892578
11.48575496673584
11.647171974182129
11.081886291503906
11.405977249145508
11.508193969726562
11.225997924804688
11.247708320617676
11.10221004486084
11.11156940460205
11.244224548339844
11.166190147399902
11.10965347290039
11.114370346069336
11.210662841796875
10.984664916992188
11.04236888885498
11.01339340209961
11.152850151062012
11.000547409057617
11.00559139251709
10.892352104187012
10.609835624694824
10.808614730834961
11.01595687866211
10.914881706237793
10.584108352661133
10.424363136291504
10.82628059387207
10.688434600830078
10.506348609924316
10.414307594299316
10.386953353881836
10.432236671447754
10.26810073852539
10.824819564819336
10.574095726013184
10.329730987548828
10.560478210449219
10.710713386535645
10.486533164978027
10.312799453735352
10.205057144165039
10.318885803222656
10.2599515914917
10.161334991455078
10.316548347473145
10.158933639526367
10.142098426818848
9.954790115356445
10.298128128051758
10.093463897705078
10.076571464538574
10.035120964050293
10.163924217224121
10.298128128051758
10.02003288269043
10.06177043914795
10.11966609954834
10.072870254516602
10.333069801330566
10.732950210571289
10.219046592712402
10.203754425048828
10.374469757080078
10.513577461242676
10.270243644714355
10.06752872467041
10.311949729919434
10.81026554107666
10.469114303588867
10.056939125061035
10.20986270904541
11.522125244140625
10.861557960510254
10.291882514953613
9.905485153198242
10.267986297607422
10.444172859191895
10.080767631530762
10.518232345581055
9.743895530700684
9.848394393920898
9.823759078979492
9.89074420928955
10.370935440063477
9.838302612304688
9.618561744689941
9.86854362487793
9.757989883422852
9.536415100097656
9.706503868103027
9.771220207214355
9.792139053344727
9.704534530639648
9.769015312194824
9.621946334838867
9.845884323120117
9.83401870727539
9.553197860717773
9.519161224365234
10.124062538146973
9.770244598388672
9.277443885803223
9.998435974121094
10.738937377929688
10.067317008972168
9.720312118530273
9.574737548828125
9.430891036987305
9.581732749938965
9.347289085388184
9.133993148803711
8.939774513244629
10.17885971069336
10.286226272583008
9.831256866455078
9.163970947265625
9.809617042541504
10.369009971618652
10.136499404907227
9.741640090942383
9.129770278930664
9.371312141418457
9.530709266662598
9.577522277832031
9.49018383026123
9.266887664794922
9.310500144958496
9.920476913452148
9.990948677062988
9.38082218170166
9.063612937927246
8.965852737426758
9.359883308410645
9.143936157226562
9.07451343536377
8.905338287353516
8.907443046569824
9.073013305664062
8.914271354675293
9.140067100524902
8.955596923828125
8.893470764160156
8.808454513549805
8.877933502197266
9.222503662109375
8.803783416748047
9.003484725952148
9.022964477539062
9.158026695251465
8.802359580993652
8.705866813659668
8.812214851379395
8.729778289794922
8.761031150817871
8.540772438049316
8.863404273986816
8.734318733215332
8.677802085876465
8.553718566894531
8.604747772216797
8.563501358032227
8.558245658874512
8.4674654006958
8.759491920471191
8.828744888305664
8.599566459655762
8.680517196655273
8.912946701049805
8.582562446594238
8.529465675354004
8.462234497070312
8.313265800476074
8.321562767028809
8.409748077392578
8.179741859436035
8.535717010498047
8.591445922851562
8.429853439331055
8.195008277893066
8.540024757385254
8.626335144042969
8.390081405639648
8.242159843444824
8.082123756408691
8.60008716583252
8.433320999145508
8.273493766784668
8.24228572845459
8.65402603149414
8.355984687805176
8.34459400177002
8.168795585632324
8.174633979797363
8.880791664123535
8.061739921569824
8.250028610229492
8.336292266845703
7.913722991943359
8.151472091674805
8.151108741760254
7.991093635559082
8.269980430603027
8.252903938293457
8.09174633026123
8.030458450317383
8.023747444152832
7.971791744232178
8.00428295135498
8.283371925354004
7.991243839263916
8.028837203979492
7.921353340148926
7.9820051193237305
7.8142571449279785
7.77944803237915
7.886552810668945
7.797793388366699
7.91006326675415
8.116037368774414
8.213269233703613
8.09788703918457
8.13903522491455
7.786177158355713
7.905643463134766
8.03971004486084
7.718603610992432
7.955288410186768
7.7645487785339355
7.960609436035156
8.27277660369873
7.874638080596924
7.757270812988281
8.035720825195312
8.227946281433105
8.338092803955078
8.142742156982422
7.81120491027832
7.937725067138672
8.15243148803711
8.341546058654785
7.999594688415527
7.801699638366699
7.677597999572754
7.842728614807129
7.943270683288574
7.6769843101501465
7.658163070678711
7.494999885559082
7.728586673736572
7.68731689453125
7.591763973236084
7.862670421600342
7.802760601043701
7.646796226501465
7.592254638671875
7.32246208190918
7.6907734870910645
7.522183895111084
7.937095642089844
8.491353034973145
8.188036918640137
7.78215217590332
7.563534736633301
7.719614505767822
8.17350959777832
7.952248573303223
8.148746490478516
8.159100532531738
7.36979866027832
7.858824729919434
9.000676155090332
9.289742469787598
9.183980941772461
7.9306511878967285
7.75846004486084
7.44183349609375
8.0245943069458
8.074851036071777
8.065619468688965
8.144185066223145
7.931433200836182
7.817677021026611
7.517564296722412
7.4653143882751465
7.294942855834961
7.66970682144165
7.535323143005371
7.238834857940674
7.380870819091797
7.568810939788818
7.380002021789551
7.5369062423706055
7.394779682159424
7.419952392578125
7.432769298553467
7.474791526794434
7.499134540557861
7.384302139282227
7.381927967071533
7.297202110290527
7.469357490539551
7.286740303039551
7.151026248931885
7.356074810028076
7.329163074493408
7.079638957977295
7.315511226654053
7.374386310577393
7.406698226928711
7.021553993225098
7.273630619049072
7.298774242401123
7.170742034912109
7.133094310760498
7.355398654937744
7.3448405265808105
7.3854193687438965
7.383315086364746
7.232388019561768
7.460719585418701
7.3774495124816895
7.466909885406494
7.371114730834961
7.318172931671143
7.297165870666504
7.246011734008789
7.333169460296631
7.061958312988281
7.071686744689941
7.482677936553955
7.178412437438965
7.067493915557861
6.988827705383301
7.250380516052246
7.2354912757873535
7.028294563293457
7.203001022338867
7.1637282371521
7.3030571937561035
7.155920505523682
6.9722394943237305
6.987916946411133
7.0996222496032715
6.87722110748291
6.837106704711914
7.054524898529053
6.94379186630249
7.048856258392334
6.995276927947998
6.976504325866699
6.914310932159424
7.065046310424805
7.093466758728027
6.966546058654785
7.017533302307129
7.048355579376221
7.056951999664307
6.965902805328369
6.860156536102295
6.941147804260254
6.961572647094727
7.060408115386963
6.741463661193848
6.909103870391846
6.981707572937012
6.824634552001953
6.892760276794434
6.89280366897583
6.830889701843262
6.919800281524658
6.908571720123291
6.807881832122803
6.8236403465271
6.91383171081543
6.774178504943848
6.795278072357178
6.810627460479736
6.706212997436523
6.918431282043457
7.002950668334961
6.729542255401611
6.834199905395508
6.767365455627441
6.661088466644287
6.712551116943359
6.9132981300354
6.628140926361084
6.824226379394531
6.77306604385376
6.826303958892822
6.746456623077393
6.709181308746338
6.671459197998047
6.704694747924805
6.709270000457764
6.744594573974609
6.714726448059082
6.664764881134033
6.579663276672363
6.752397537231445
6.789773464202881
6.760740280151367
6.845254898071289
6.794769287109375
6.838459491729736
6.678411483764648
6.905715465545654
6.793200492858887
6.669273853302002
6.611255168914795
6.6133246421813965
6.625316619873047
6.594279766082764
6.651418685913086
6.839697360992432
6.698310375213623
6.639927387237549
6.4868950843811035
6.661983489990234
6.628442287445068
6.492853164672852
6.516567707061768
6.654329776763916
6.635953426361084
6.56305456161499
6.601724147796631
6.75999641418457
6.521768569946289
6.642478942871094
6.467845439910889
6.679232597351074
6.576931953430176
6.594977855682373
6.239279747009277
6.550663948059082
6.376838684082031
6.416386127471924
6.500940322875977
6.406667709350586
6.4825615882873535
6.53095817565918
6.438041687011719
6.477532863616943
6.503345966339111
6.59984016418457
6.596319675445557
6.512948036193848
6.431429862976074
6.4084882736206055
6.4257121086120605
6.331410884857178
6.347526550292969
6.274839401245117
6.418227672576904
6.332370758056641
6.314383506774902
6.393352031707764
6.358519077301025
6.28226900100708
6.3904924392700195
6.498899936676025
6.302707672119141
6.351802825927734
6.289029598236084
6.233082294464111
6.4421820640563965
6.383538246154785
6.403597354888916
6.261185169219971
6.263542652130127
6.279906272888184
6.210919380187988
6.182765960693359
6.320576190948486
6.142971515655518
6.24000883102417
6.202789783477783
6.204873561859131
6.319324493408203
6.26924467086792
6.051021099090576
6.124598026275635
6.273522853851318
6.16952657699585
6.079988956451416
6.201816082000732
6.413962364196777
6.369126796722412
6.108353137969971
6.133588790893555
6.196122646331787
6.126229286193848
6.185894966125488
6.153039455413818
6.319602012634277
6.296438694000244
6.153349876403809
6.193787097930908
6.243648529052734
6.057523727416992
6.081099987030029
6.159391403198242
6.093193054199219
6.214721202850342
6.268289089202881
5.993287086486816
6.079106330871582
6.064027309417725
6.201249599456787
6.013463973999023
6.160825729370117
6.209018230438232
6.149206638336182
6.114178657531738
5.919105052947998
6.122275352478027
6.018025875091553
6.026230812072754
5.97552490234375
6.017937660217285
6.168203353881836
6.039276123046875
5.956356048583984
6.0681071281433105
5.97032356262207
5.992125034332275
6.0720534324646
5.972513198852539
6.076442241668701
5.994935035705566
5.989377021789551
6.0215559005737305
6.02440881729126
6.011005401611328
6.069969177246094
6.174403190612793
5.9468488693237305
5.81903600692749
6.0891547203063965
5.908638000488281
6.0896220207214355
5.959902763366699
6.233597278594971
6.076706886291504
5.92095422744751
5.910609245300293
6.071891784667969
5.952219486236572
5.944977283477783
5.942080020904541
5.892446041107178
6.159755706787109
5.895117282867432
5.8676300048828125
5.909959316253662
5.824346542358398
6.105957508087158
5.917243003845215
5.965562343597412
5.939338684082031
5.98477029800415
5.900793075561523
6.00830602645874
5.937962532043457
5.930517673492432
5.993514537811279
5.885526180267334
5.935795307159424
6.1010308265686035
6.006321907043457
5.879396915435791
5.83314847946167
6.003117561340332
5.825588703155518
5.982158184051514
5.834239482879639
5.946680545806885
5.792316436767578
5.803525447845459
5.812620162963867
5.849489212036133
5.990166664123535
5.890354156494141
5.796200275421143
5.9237518310546875
5.857118606567383
5.783299922943115
5.759917259216309
5.773350238800049
5.8756279945373535
5.751172065734863
5.895153522491455
5.779201030731201
5.799160003662109
5.911649227142334
5.961938858032227
5.658998966217041
5.802122592926025
5.911065101623535
5.850694179534912
5.800141334533691
5.720162868499756
5.800159931182861
5.839751720428467
6.044328212738037
5.816534042358398
5.867135524749756
5.782238960266113
5.786104202270508
5.727082252502441
5.886224269866943
5.7379889488220215
5.841995716094971
5.930064678192139
5.855934143066406
5.7836833000183105
5.741580963134766
5.716259479522705
5.837496757507324
6.029367923736572
5.744472503662109
5.801335334777832
5.795790672302246
5.812762260437012
5.863823413848877
5.821854114532471
5.875191688537598
5.863100528717041
5.881227493286133
5.763501167297363
5.7734694480896
5.629108905792236
5.751882076263428
5.732926368713379
5.7048726081848145
5.7637038230896
5.785827159881592
5.790836334228516
5.764570236206055
5.6815385818481445
5.767874240875244
5.771015644073486
5.672040939331055
5.691156387329102
5.713593006134033
5.66151237487793
5.797062873840332
5.684995651245117
5.658098220825195
5.692548751831055
5.745067119598389
5.63353967666626
5.773843765258789
5.656071186065674
5.63021993637085
5.715453624725342
5.734192371368408
5.839459419250488
5.748809814453125
5.765058994293213
5.8066630363464355
5.797610282897949
5.8615570068359375
5.719341278076172
5.622525215148926
5.650702953338623
5.668960094451904
5.849287509918213
5.733870983123779
5.925593852996826
5.694585800170898
5.5204758644104
5.658137798309326
5.563408851623535
5.6539692878723145
5.655732154846191
5.69513463973999
5.526641368865967
5.892611503601074
5.6088972091674805
5.607260704040527
5.642803192138672
5.763833045959473
5.679141044616699
5.634933948516846
5.748181343078613
5.765207767486572
5.639637470245361
5.594240665435791
5.713419437408447
5.5856614112854
5.586490154266357
