105.01836395263672
103.0435791015625
106.74137115478516
108.1881103515625
106.9871826171875
106.05049896240234
112.55731964111328
112.4819564819336
114.94622039794922
116.27842712402344
118.21546173095703
121.35311126708984
126.37023162841797
126.8868179321289
130.77259826660156
138.2600555419922
133.13427734375
150.3502960205078
147.40524291992188
159.001953125
159.69252014160156
166.19773864746094
180.3302459716797
178.6482391357422
176.3292694091797
189.916259765625
196.1701202392578
199.76449584960938
209.54953002929688
206.57904052734375
227.6346435546875
222.95008850097656
239.3895263671875
246.9442901611328
260.662841796875
259.1990051269531
297.4442138671875
293.0299377441406
324.3538818359375
362.9211730957031
387.7727355957031
420.9390563964844
468.1676940917969
517.3438720703125
574.16943359375
707.8787841796875
1111.064208984375
1367.9859619140625
1307.6285400390625
1064.97314453125
747.010498046875
568.41455078125
453.82354736328125
498.70452880859375
490.4822998046875
433.6750793457031
375.2311096191406
384.3305358886719
366.34716796875
369.00030517578125
384.6461181640625
400.1007385253906
412.01190185546875
387.7400817871094
299.5172424316406
236.52401733398438
207.76107788085938
230.9980926513672
184.76206970214844
211.3779754638672
162.92628479003906
134.24530029296875
193.82814025878906
268.1703796386719
243.00762939453125
145.53810119628906
83.54462432861328
121.96366119384766
139.60641479492188
135.7910919189453
96.93142700195312
26.404226303100586
113.85201263427734
46.06188201904297
32.7827262878418
65.3845443725586
44.119747161865234
43.437889099121094
102.46529388427734
41.78514862060547
53.33707809448242
30.68612289428711
71.29964447021484
26.436662673950195
22.858293533325195
31.839502334594727
56.41532897949219
113.62814331054688
88.59733581542969
26.38682746887207
125.23934936523438
83.42269897460938
148.22494506835938
66.09688568115234
65.23482513427734
17.78010368347168
18.194263458251953
82.71234893798828
13.134599685668945
27.19575309753418
35.537933349609375
41.3735466003418
21.465333938598633
12.073314666748047
13.377793312072754
15.203007698059082
78.61359405517578
153.07223510742188
80.04273986816406
25.66495704650879
