33.59768295288086
37.158058166503906
38.57093048095703
37.84484100341797
36.41695022583008
37.64360809326172
39.067474365234375
34.8824577331543
38.05805587768555
34.15378189086914
27.97311019897461
36.735416412353516
37.72666549682617
39.1027717590332
34.69534683227539
30.500089645385742
39.488040924072266
38.53266525268555
37.54552459716797
35.82670593261719
40.3670539855957
39.204078674316406
37.920841217041016
40.07651901245117
40.607295989990234
38.04889678955078
40.08951950073242
38.2985725402832
43.068199157714844
43.63670349121094
41.46479034423828
44.16421127319336
41.274208068847656
42.29863357543945
46.311885833740234
48.26333236694336
47.910335540771484
43.74824142456055
49.61115646362305
49.830352783203125
46.037906646728516
52.68547821044922
53.80144119262695
55.613059997558594
44.06218719482422
56.84586715698242
59.693138122558594
63.463619232177734
59.89161682128906
61.66777420043945
56.31173324584961
72.26092529296875
71.09386444091797
75.80439758300781
77.13690185546875
77.34656524658203
77.42139434814453
85.4560775756836
80.35040283203125
90.04193878173828
100.03071594238281
101.28793334960938
93.4576416015625
100.88345336914062
108.44660949707031
101.89017486572266
116.05943298339844
116.84101867675781
101.58836364746094
120.43616485595703
129.94781494140625
135.0396270751953
95.04977416992188
148.12310791015625
109.75982666015625
134.70896911621094
158.8365478515625
165.53994750976562
166.92294311523438
153.44039916992188
178.10403442382812
182.32135009765625
180.30352783203125
182.39971923828125
181.17874145507812
188.69947814941406
180.48147583007812
193.7026824951172
178.76560974121094
177.6474151611328
183.08108520507812
173.31346130371094
215.0545196533203
212.00331115722656
207.55572509765625
204.07733154296875
186.07981872558594
179.28311157226562
149.51416015625
161.66517639160156
156.92173767089844
97.95629119873047
203.49554443359375
160.18167114257812
165.67970275878906
167.4198760986328
138.89561462402344
73.43621063232422
117.88203430175781
69.54840087890625
71.71200561523438
54.523193359375
32.08413314819336
38.58382034301758
52.90239334106445
14.896771430969238
21.453824996948242
33.643104553222656
46.09351348876953
42.90601348876953
45.88447189331055
59.328025817871094
48.51057434082031
82.57091522216797
86.08124542236328
72.29528045654297
52.871238708496094
73.22610473632812
16.060014724731445
12.999152183532715
63.15311050415039
91.18407440185547
66.78009033203125
58.88911056518555
23.993572235107422
41.08449172973633
31.382631301879883
33.886924743652344
23.805917739868164
81.69979095458984
31.940937042236328
39.650230407714844
25.686481475830078
25.804882049560547
110.5029067993164
108.77854919433594
102.6122055053711
45.01046371459961
59.65629959106445
74.89617919921875
28.96461296081543
65.6923828125
41.79309844970703
32.140140533447266
11.11185073852539
22.27663230895996
12.522438049316406
8.431059837341309
69.75349426269531
26.381938934326172
39.7999267578125
58.19575119018555
95.04761505126953
25.494747161865234
8.702958106994629
46.3760986328125
42.06497573852539
57.39517593383789
75.1953125
44.18143081665039
25.96270751953125
20.1734619140625
23.127601623535156
22.764352798461914
121.1675033569336
68.43038177490234
47.78305435180664
26.738784790039062
33.17732620239258
80.72029876708984
38.171730041503906
42.020938873291016
41.360050201416016
9.97745132446289
10.029367446899414
79.66250610351562
33.798728942871094
22.255573272705078
21.748483657836914
38.81820297241211
21.1800537109375
35.68790817260742
7.0154194831848145
52.999874114990234
40.981502532958984
35.94365692138672
47.87627410888672
39.99696350097656
32.01237869262695
60.10225296020508
27.326215744018555
87.83543395996094
34.795310974121094
41.26828384399414
22.7425594329834
41.555908203125
15.95269775390625
11.133859634399414
51.21039962768555
10.211922645568848
34.641719818115234
34.427757263183594
12.544979095458984
28.80185890197754
10.310079574584961
17.364273071289062
19.772951126098633
81.90900421142578
98.86199951171875
46.368465423583984
38.791358947753906
20.59650993347168
20.995925903320312
48.72446060180664
51.868560791015625
15.003047943115234
16.324779510498047
21.54802703857422
22.09149169921875
7.010682582855225
15.75809383392334
8.270809173583984
16.63319206237793
41.575740814208984
26.44379997253418
35.56745147705078
84.78137969970703
45.181793212890625
11.964613914489746
73.36283874511719
111.65350341796875
68.6427993774414
42.76721954345703
19.101037979125977
73.17444610595703
137.3359832763672
111.51026916503906
100.0397720336914
52.821895599365234
18.336755752563477
88.73699188232422
159.9905242919922
156.23768615722656
149.07241821289062
122.50517272949219
109.42562866210938
12.733070373535156
29.56899070739746
41.174766540527344
52.26530838012695
30.097423553466797
14.346880912780762
47.22183609008789
19.003395080566406
27.66243553161621
24.482799530029297
13.254786491394043
139.42372131347656
41.164955139160156
46.82822036743164
25.148027420043945
34.460472106933594
31.223224639892578
23.08794593811035
7.014355182647705
9.08786392211914
22.769672393798828
26.072084426879883
41.997886657714844
58.06531524658203
61.01839828491211
30.036544799804688
8.324040412902832
5.310733795166016
24.91119956970215
22.81536293029785
33.18056106567383
37.24114227294922
11.602425575256348
18.976882934570312
52.50550842285156
19.21584701538086
28.842409133911133
44.613059997558594
31.340618133544922
36.68535232543945
32.16676330566406
11.747617721557617
28.756349563598633
20.54352569580078
13.66372299194336
19.393943786621094
8.95897102355957
22.4765682220459
13.439946174621582
9.340470314025879
34.78107833862305
26.530319213867188
54.77545928955078
22.720853805541992
11.263822555541992
22.27754783630371
25.897703170776367
20.125638961791992
30.332958221435547
45.23905563354492
43.313846588134766
21.432872772216797
11.663361549377441
45.8630256652832
28.89845848083496
35.819541931152344
16.578678131103516
49.133277893066406
70.59721374511719
30.714448928833008
11.343660354614258
50.458431243896484
34.32856369018555
52.270076751708984
9.947922706604004
26.9934024810791
53.10700988769531
41.83049774169922
45.07184982299805
26.731945037841797
36.72018814086914
31.10195541381836
5.081875801086426
8.98587703704834
29.66951560974121
7.480583667755127
13.478923797607422
12.114934921264648
16.528045654296875
11.736289024353027
31.610942840576172
17.5771484375
9.710722923278809
40.75171661376953
5.389876842498779
9.584310531616211
40.312278747558594
23.25415802001953
18.601043701171875
28.37237548828125
26.70844268798828
101.28531646728516
129.16259765625
66.62065887451172
33.030982971191406
26.60975456237793
42.387123107910156
46.01252746582031
34.86555099487305
14.363020896911621
8.32754135131836
22.261629104614258
5.526810646057129
4.348850727081299
89.55668640136719
53.911067962646484
67.03440856933594
51.53342056274414
12.687366485595703
84.80811309814453
99.6353530883789
129.28146362304688
93.14307403564453
73.41202545166016
30.488906860351562
42.6131706237793
24.606496810913086
15.283967018127441
8.275794982910156
53.5338249206543
50.14696502685547
23.395769119262695
18.268474578857422
46.18405532836914
15.05166244506836
16.61054229736328
7.75596284866333
18.312698364257812
12.546900749206543
12.844642639160156
15.150219917297363
5.589815616607666
45.488407135009766
19.217857360839844
29.57008171081543
16.595426559448242
8.243616104125977
21.048757553100586
8.075965881347656
66.92886352539062
63.131858825683594
12.602858543395996
41.54389953613281
78.49117279052734
31.790203094482422
12.874520301818848
4.466266632080078
33.90133285522461
14.68162727355957
18.771163940429688
33.783538818359375
52.74285125732422
34.307281494140625
14.011492729187012
28.26742172241211
31.97712516784668
19.05398178100586
10.62110424041748
35.962039947509766
35.93816375732422
69.37348175048828
37.54875946044922
19.81753921508789
16.882286071777344
29.640485763549805
7.054296970367432
4.972774505615234
17.24470329284668
7.84573221206665
35.0744743347168
47.510623931884766
40.1247444152832
7.266781806945801
6.2457356452941895
7.449188232421875
180.55624389648438
90.82784271240234
79.60005950927734
60.28459548950195
19.98567771911621
28.924917221069336
74.51213073730469
51.62944030761719
104.94048309326172
32.509281158447266
41.78392791748047
68.48686981201172
50.97888946533203
49.115257263183594
4.384032249450684
13.409712791442871
12.830780029296875
19.620939254760742
6.5655622482299805
10.828726768493652
14.199545860290527
8.439698219299316
21.382671356201172
54.078575134277344
31.644105911254883
48.11951446533203
22.24080467224121
22.631866455078125
63.916664123535156
42.40336608886719
13.999102592468262
7.65933084487915
32.531219482421875
80.79640197753906
82.25577545166016
73.3610610961914
34.721588134765625
11.59775447845459
51.13192367553711
49.726253509521484
28.23895835876465
16.62752342224121
38.860774993896484
51.859771728515625
45.276065826416016
49.7672119140625
8.507780075073242
33.62581253051758
45.71321105957031
22.668052673339844
21.050060272216797
9.316720962524414
24.632131576538086
16.498119354248047
17.13307762145996
17.318416595458984
26.49713706970215
20.398563385009766
6.116883277893066
33.954345703125
42.354496002197266
21.04631805419922
8.735554695129395
6.6185126304626465
36.58474349975586
54.62654113769531
13.674507141113281
14.668270111083984
26.97362518310547
52.48685836791992
58.491844177246094
12.267929077148438
9.324182510375977
12.6087007522583
36.83842086791992
13.634844779968262
7.681705474853516
6.566841125488281
18.703378677368164
20.026830673217773
22.62202262878418
50.19034957885742
31.083946228027344
14.523250579833984
44.3274040222168
70.6557388305664
24.74336814880371
11.62388801574707
18.270950317382812
8.50161361694336
38.59968185424805
23.39150619506836
15.632482528686523
24.571626663208008
21.239748001098633
18.177932739257812
29.806514739990234
26.315235137939453
3.7829091548919678
46.61431121826172
21.524885177612305
56.38677215576172
13.486565589904785
13.280780792236328
17.315452575683594
28.167057037353516
19.419780731201172
17.01944923400879
63.52389907836914
56.969810485839844
51.44332504272461
11.191340446472168
9.802401542663574
26.700448989868164
7.575253009796143
21.201122283935547
31.74458122253418
4.540207386016846
13.43240737915039
28.69685935974121
16.33104133605957
9.57767105102539
36.56003952026367
16.538501739501953
34.51691436767578
19.64486312866211
9.763325691223145
17.717998504638672
2.6184322834014893
17.14845085144043
34.731101989746094
28.20243263244629
8.812067031860352
8.161035537719727
29.620569229125977
20.80362319946289
21.890525817871094
30.7318115234375
17.34415626525879
7.143642902374268
17.43044090270996
12.379937171936035
40.46995544433594
55.65505599975586
33.293846130371094
20.94877052307129
45.08091354370117
56.52744674682617
60.69178009033203
7.198459625244141
20.38597297668457
6.15374231338501
89.6017837524414
121.02479553222656
91.8125991821289
84.50138854980469
50.894405364990234
23.366052627563477
18.985031127929688
72.1640625
72.97248077392578
64.28042602539062
53.82237243652344
9.365663528442383
31.267789840698242
89.79107666015625
71.03707885742188
73.96546936035156
47.1225471496582
12.145870208740234
56.5216064453125
46.585968017578125
71.18470001220703
47.2109375
22.987695693969727
9.281773567199707
34.889976501464844
51.85039138793945
32.02165603637695
16.051429748535156
30.22400665283203
5.439961910247803
11.137218475341797
11.945359230041504
3.7968080043792725
41.72342300415039
23.140296936035156
47.97161102294922
17.35865592956543
60.827945709228516
56.81378936767578
41.54189682006836
40.78706741333008
8.728169441223145
36.92243576049805
51.13215637207031
73.7415542602539
29.03873062133789
25.02176284790039
34.24043273925781
39.31818771362305
54.746421813964844
33.81779861450195
6.516411781311035
37.01112365722656
13.719741821289062
9.9753999710083
34.730777740478516
42.03327941894531
28.54616928100586
15.644400596618652
23.633237838745117
56.35219955444336
53.30304718017578
16.443119049072266
21.189170837402344
51.531124114990234
56.522621154785156
52.22119903564453
40.63870620727539
22.945087432861328
2.681813955307007
30.56583023071289
59.57305908203125
51.71235656738281
46.870384216308594
14.980475425720215
20.977039337158203
9.21745491027832
26.90257453918457
21.893238067626953
46.19912338256836
50.22907638549805
31.430070877075195
42.65262222290039
39.60560607910156
19.862300872802734
12.742812156677246
58.99198532104492
38.24454879760742
27.110769271850586
20.810895919799805
20.167316436767578
5.693577289581299
17.110557556152344
23.437515258789062
15.320241928100586
30.48589515686035
23.32986068725586
54.04267501831055
24.45583152770996
12.16462230682373
14.220315933227539
39.562435150146484
8.834386825561523
5.300424575805664
11.471952438354492
9.589811325073242
5.95248556137085
16.764406204223633
24.47878646850586
34.94917297363281
11.330795288085938
17.290748596191406
50.00603103637695
22.80719566345215
34.253238677978516
13.712674140930176
28.799245834350586
25.202817916870117
7.438279151916504
33.740509033203125
25.195589065551758
33.599822998046875
15.93620491027832
9.262269020080566
21.65766143798828
30.90949249267578
6.959036827087402
14.17765998840332
6.669137954711914
29.084163665771484
34.818138122558594
15.274147033691406
7.761770248413086
6.937962532043457
18.13055419921875
12.411870002746582
28.033655166625977
21.866207122802734
5.509603977203369
6.29450798034668
11.801163673400879
11.573309898376465
23.826326370239258
11.215958595275879
6.4013671875
14.139264106750488
3.985206127166748
2.95908260345459
15.383882522583008
9.935494422912598
8.469162940979004
34.09952163696289
15.967763900756836
11.772536277770996
36.609561920166016
2.3298630714416504
18.556379318237305
32.667999267578125
5.603309631347656
7.993809700012207
15.177257537841797
30.138395309448242
44.31354904174805
22.15603256225586
13.028251647949219
43.06412124633789
11.387354850769043
28.943492889404297
20.2575626373291
38.575557708740234
48.10715866088867
55.56062316894531
28.168540954589844
31.420114517211914
29.795888900756836
22.98040771484375
24.457014083862305
19.504924774169922
6.52639627456665
29.05250358581543
5.900572776794434
12.323286056518555
15.800738334655762
3.495267868041992
38.83589172363281
28.64683723449707
28.942705154418945
5.018487453460693
15.4843168258667
30.326374053955078
44.64674377441406
24.96497344970703
6.289135932922363
8.400668144226074
13.554208755493164
7.704044342041016
6.820078372955322
29.415616989135742
4.698502063751221
13.012907028198242
8.202763557434082
4.827595233917236
12.935979843139648
14.573707580566406
23.711790084838867
2.931147336959839
10.500123977661133
18.99066925048828
11.455552101135254
2.847505569458008
19.62582015991211
27.103471755981445
12.411564826965332
3.015552520751953
24.709531784057617
21.881114959716797
27.024072647094727
7.27669095993042
4.703129768371582
6.44709587097168
5.593674182891846
14.137092590332031
11.777277946472168
26.999635696411133
6.719933032989502
4.526167392730713
30.177188873291016
31.185270309448242
20.0114688873291
4.497201919555664
25.963783264160156
6.014113426208496
7.8271918296813965
21.590078353881836
33.4384765625
21.9429874420166
2.7401390075683594
13.884223937988281
46.12540054321289
66.20339965820312
20.37407684326172
7.99574613571167
11.540255546569824
32.37049865722656
5.034327030181885
20.01675033569336
11.701249122619629
7.494044303894043
4.055230617523193
21.545761108398438
16.329729080200195
18.849409103393555
14.0855131149292
37.998252868652344
47.798004150390625
56.28565979003906
35.180294036865234
8.043012619018555
9.679760932922363
20.796913146972656
9.040172576904297
12.56352424621582
10.980277061462402
13.73627758026123
25.965795516967773
11.574845314025879
7.441219329833984
3.626448154449463
2.376314163208008
10.474309921264648
4.076903820037842
18.90692710876465
17.3077392578125
2.4602303504943848
31.344728469848633
16.763038635253906
9.36911678314209
28.813331604003906
4.870748519897461
12.710362434387207
4.100770473480225
32.42236328125
30.60317611694336
16.98042869567871
18.270355224609375
5.808559417724609
16.96349334716797
5.4315643310546875
37.58332061767578
26.30748176574707
5.80143928527832
17.786996841430664
6.31202507019043
41.17061996459961
34.46210479736328
5.034000396728516
4.564748764038086
7.572155952453613
2.6694576740264893
24.915987014770508
14.071869850158691
8.048233032226562
24.76746940612793
27.111583709716797
28.022138595581055
19.371103286743164
14.312110900878906
18.3358097076416
6.353442192077637
8.262235641479492
7.144503593444824
16.22702407836914
17.150848388671875
6.210169792175293
14.445110321044922
6.745351314544678
4.395013809204102
3.790289878845215
15.068885803222656
6.820775508880615
8.380365371704102
3.6925747394561768
6.095764636993408
9.688028335571289
12.718461036682129
25.407270431518555
12.372310638427734
4.975526332855225
7.685012340545654
14.407113075256348
3.7651710510253906
9.375449180603027
23.286027908325195
21.84506607055664
17.49098014831543
7.482282638549805
7.426124095916748
22.17429542541504
14.414498329162598
2.8078224658966064
4.692319393157959
4.168585300445557
22.517057418823242
25.946218490600586
12.680957794189453
3.8058862686157227
27.372962951660156
21.879684448242188
38.34255599975586
18.150724411010742
3.9282381534576416
32.07841873168945
66.2076187133789
59.84455490112305
36.26426696777344
42.808170318603516
26.41785430908203
6.781482219696045
27.87094497680664
36.046875
12.921372413635254
18.332406997680664
11.641987800598145
10.579143524169922
17.900529861450195
9.063985824584961
8.546341896057129
8.857597351074219
12.3784761428833
5.8549957275390625
7.834334850311279
2.3336188793182373
18.759620666503906
6.600287437438965
11.513736724853516
13.848465919494629
3.855074405670166
5.2784929275512695
29.84347915649414
10.316096305847168
14.15100383758545
9.83552074432373
3.6450788974761963
3.7051026821136475
6.005099296569824
18.348758697509766
37.521183013916016
27.358591079711914
4.468958377838135
2.860874891281128
9.231812477111816
8.457161903381348
24.075435638427734
9.62377643585205
3.716885566711426
5.553123950958252
25.226022720336914
28.33302116394043
24.47100257873535
12.020277976989746
9.215049743652344
23.86328887939453
3.584582805633545
12.740635871887207
8.06296157836914
13.40611457824707
3.514249324798584
3.2756755352020264
7.0223774909973145
3.892097234725952
21.24921417236328
3.3482158184051514
14.91263484954834
6.800359725952148
3.611248016357422
14.12071704864502
8.816868782043457
15.418914794921875
4.41603946685791
15.399201393127441
8.865272521972656
17.582927703857422
21.404315948486328
11.930558204650879
4.87998628616333
3.7966885566711426
5.423819541931152
14.385452270507812
12.653923034667969
11.261842727661133
3.569375514984131
3.745698928833008
8.890323638916016
11.40994930267334
4.218493461608887
4.245658874511719
35.570709228515625
24.517242431640625
4.357301712036133
3.531977415084839
8.39911937713623
10.334261894226074
38.50625228881836
34.870601654052734
28.690723419189453
36.83417892456055
8.59968376159668
20.570642471313477
18.5908203125
4.598886013031006
9.79622745513916
23.08106231689453
14.091232299804688
6.416150093078613
3.8453075885772705
11.681812286376953
11.527637481689453
6.2518157958984375
9.6754789352417
9.075067520141602
14.084942817687988
3.120932102203369
9.635359764099121
4.680132865905762
6.814441204071045
2.589069128036499
9.295493125915527
5.995227336883545
13.50760555267334
9.658992767333984
15.810243606567383
2.4402530193328857
22.522171020507812
5.872572422027588
5.0781121253967285
4.8427863121032715
6.49853515625
6.581789493560791
17.9645938873291
21.008256912231445
26.744565963745117
14.537477493286133
8.547432899475098
20.55316734313965
5.213233470916748
11.342135429382324
6.416269779205322
11.963834762573242
3.233358860015869
21.069053649902344
17.5533447265625
5.001347064971924
16.124893188476562
2.015564203262329
2.169071674346924
18.54375457763672
8.679095268249512
16.126659393310547
2.306530714035034
10.804008483886719
2.8070120811462402
3.305715322494507
3.6609840393066406
30.330184936523438
4.905300617218018
2.0107808113098145
10.38167953491211
18.3633975982666
3.799720525741577
19.625219345092773
13.88926887512207
17.87189483642578
7.166429042816162
18.69816780090332
5.944515705108643
9.921273231506348
17.517452239990234
2.735368013381958
8.0354642868042
3.73638916015625
5.866485118865967
6.3995184898376465
6.241602420806885
1.499566912651062
5.134790420532227
3.0647618770599365
6.872004508972168
23.664459228515625
11.017457962036133
2.8836960792541504
8.34125804901123
6.788833141326904
9.614006996154785
3.4006083011627197
6.432310104370117
6.56714391708374
12.806147575378418
4.188440322875977
11.154582977294922
3.0943071842193604
17.200305938720703
13.354682922363281
7.850593090057373
2.81778621673584
8.554123878479004
10.361928939819336
10.361133575439453
11.914681434631348
2.4130914211273193
6.147932529449463
14.519903182983398
9.094271659851074
6.335631370544434
2.669102907180786
5.974664688110352
15.559599876403809
2.3756749629974365
4.21669864654541
14.756911277770996
16.281171798706055
9.985407829284668
9.096686363220215
18.84555435180664
23.926326751708984
43.68229293823242
15.94961929321289
4.136800289154053
10.022071838378906
10.412982940673828
8.17004680633545
7.869868755340576
22.211605072021484
17.60419273376465
2.3448410034179688
16.72354507446289
5.33203649520874
44.360328674316406
31.802249908447266
6.802303314208984
12.90528678894043
9.751880645751953
6.213061332702637
25.49191665649414
