20354.341796875
27365.40625
22556.935546875
16991.546875
11554.75
11312.7392578125
11845.3681640625
12991.326171875
11565.2939453125
12121.6162109375
10633.6748046875
12376.9228515625
8900.6005859375
6689.87451171875
7502.25390625
5076.48876953125
4316.4990234375
3398.798583984375
4583.7080078125
4158.94873046875
2565.796875
3063.949951171875
1630.3006591796875
4732.232421875
2093.53369140625
2378.636474609375
2151.422607421875
1705.6107177734375
2316.4345703125
1075.13671875
1642.816650390625
1433.059814453125
1324.673583984375
1324.9071044921875
1369.522216796875
1340.006591796875
804.006591796875
2787.941162109375
2000.72509765625
1429.028076171875
1399.637939453125
1429.4578857421875
2193.00390625
842.0449829101562
1279.435302734375
872.588623046875
2614.176513671875
4169.21142578125
1005.6893310546875
1881.9744873046875
2137.64892578125
1704.8887939453125
1352.91748046875
2789.49755859375
1569.977783203125
722.3594970703125
1732.0242919921875
1128.5845947265625
823.7267456054688
1362.618896484375
2088.760986328125
1038.6798095703125
1920.361572265625
1779.97705078125
1676.0831298828125
1260.3084716796875
2067.20556640625
2394.023681640625
435.7490539550781
1385.58740234375
1906.625244140625
1139.18212890625
447.9660949707031
1966.102783203125
1933.3206787109375
667.3829345703125
597.5179443359375
602.4590454101562
708.9916381835938
619.7261352539062
1576.6263427734375
864.9938354492188
589.9639892578125
889.5059814453125
631.6312255859375
503.7499694824219
1339.7437744140625
398.0084533691406
226.71945190429688
195.06167602539062
680.0106201171875
331.7680358886719
303.6298522949219
562.5703735351562
621.3841552734375
530.0146484375
959.0123291015625
1445.2684326171875
270.4156799316406
1157.142822265625
1661.0372314453125
2083.074462890625
310.394287109375
150.09461975097656
1366.158935546875
914.7496337890625
798.267822265625
1347.1248779296875
2273.22900390625
1585.8431396484375
1006.9362182617188
326.34088134765625
671.8287963867188
1158.2069091796875
657.72314453125
1238.905029296875
1332.263427734375
1501.0921630859375
506.80877685546875
1137.05810546875
