138.3110809326172
139.99090576171875
133.70193481445312
139.00997924804688
135.2757568359375
137.93771362304688
135.92820739746094
133.41371154785156
130.1573486328125
137.88507080078125
125.16234588623047
132.76072692871094
134.84634399414062
134.69882202148438
135.576171875
136.11866760253906
133.80882263183594
133.43966674804688
131.5280303955078
129.49632263183594
127.79717254638672
126.3438491821289
129.9171905517578
128.4170684814453
123.19031524658203
128.80287170410156
123.21917724609375
114.10574340820312
120.55132293701172
123.77811431884766
118.07405090332031
107.99848175048828
103.05377960205078
94.94532775878906
90.79745483398438
76.15556335449219
72.98374938964844
95.53691101074219
129.3689727783203
114.95528411865234
74.51580810546875
57.39842224121094
51.134552001953125
53.69076919555664
52.86665344238281
54.620487213134766
49.06782913208008
43.09452438354492
35.87358093261719
36.677284240722656
35.37958526611328
36.23994445800781
35.386470794677734
28.580493927001953
25.713577270507812
27.20429039001465
24.41382598876953
22.904132843017578
19.220552444458008
23.185800552368164
18.12432098388672
18.74343490600586
14.729557991027832
14.852316856384277
16.058443069458008
12.336000442504883
11.124688148498535
9.561297416687012
10.922941207885742
8.383927345275879
11.467809677124023
8.062361717224121
14.885730743408203
8.6663818359375
12.404227256774902
12.541971206665039
8.886846542358398
7.616280555725098
6.677414894104004
5.0243401527404785
9.800386428833008
9.512107849121094
11.143814086914062
13.069427490234375
9.84914779663086
9.075051307678223
9.487656593322754
9.96822738647461
7.617597579956055
11.089349746704102
8.194211959838867
8.838022232055664
11.477091789245605
11.707723617553711
13.429610252380371
11.269463539123535
11.600449562072754
8.733174324035645
10.691431045532227
10.24176025390625
7.953608989715576
12.602744102478027
10.112040519714355
6.6761860847473145
7.761620998382568
6.527879238128662
8.006855964660645
9.75068187713623
9.201103210449219
12.129424095153809
7.420421123504639
11.442900657653809
8.25355052947998
8.26984691619873
8.131926536560059
9.620251655578613
10.355685234069824
5.9488420486450195
11.231086730957031
12.484883308410645
