223.76560974121094
225.29452514648438
224.1289825439453
222.34640502929688
221.69491577148438
221.48980712890625
222.87750244140625
219.6012420654297
221.95558166503906
221.59307861328125
220.4590606689453
220.39488220214844
223.12393188476562
220.64964294433594
219.73826599121094
219.67916870117188
220.05233764648438
221.91143798828125
218.04237365722656
219.86997985839844
215.65403747558594
216.81410217285156
218.08938598632812
214.17623901367188
213.60003662109375
212.5972137451172
213.31211853027344
210.08868408203125
209.25558471679688
209.69729614257812
207.78831481933594
205.49761962890625
201.7241973876953
198.0885467529297
197.88694763183594
193.60391235351562
190.38327026367188
183.5238494873047
179.6833953857422
171.35682678222656
162.55319213867188
153.0088348388672
140.34780883789062
128.65005493164062
130.06175231933594
172.8730010986328
253.77308654785156
287.917724609375
247.72166442871094
183.1881866455078
134.22171020507812
107.0280990600586
98.27851104736328
99.01986694335938
100.27705383300781
100.64047241210938
98.59449768066406
96.1963119506836
91.8823471069336
86.19020080566406
81.8570556640625
78.52983856201172
77.2549057006836
79.12287902832031
79.99115753173828
77.26124572753906
72.30925750732422
68.1478500366211
65.9818344116211
65.26410675048828
64.7029037475586
63.487247467041016
62.08353805541992
59.4882926940918
57.718589782714844
55.520023345947266
53.92935562133789
52.91409683227539
51.858089447021484
50.74347686767578
49.113529205322266
48.00086212158203
47.35506820678711
47.01172637939453
46.52365493774414
45.440101623535156
44.68282699584961
43.90492630004883
43.54726028442383
43.21805953979492
42.76908874511719
42.46809005737305
42.37775802612305
