27.86626625061035
29.31614112854004
28.412477493286133
30.537433624267578
31.91444206237793
34.837852478027344
37.11402130126953
40.07404327392578
42.786014556884766
47.099884033203125
46.89178466796875
52.05986404418945
56.50492477416992
60.44154739379883
64.75169372558594
70.52810668945312
76.29961395263672
82.16300964355469
89.50676727294922
95.9711685180664
103.89835357666016
115.55524444580078
128.13330078125
140.2381591796875
151.57034301757812
174.7267608642578
191.3206329345703
204.04165649414062
244.53794860839844
288.5104675292969
323.2420959472656
360.89373779296875
425.0602722167969
500.4907531738281
640.3235473632812
700.7940063476562
977.38134765625
4497.54296875
9769.1171875
8156.46142578125
3603.887451171875
1233.1412353515625
669.1949462890625
790.33349609375
798.0940551757812
858.4707641601562
832.6161499023438
823.9444580078125
659.321533203125
739.773193359375
1346.32373046875
1731.0758056640625
1526.22412109375
587.9068603515625
435.79608154296875
540.7301025390625
518.6455688476562
686.7208251953125
432.6676940917969
692.9142456054688
404.90167236328125
407.47930908203125
395.7206726074219
440.1883850097656
161.2478790283203
69.62228393554688
266.7760009765625
271.62762451171875
192.10154724121094
958.6782836914062
404.3533630371094
434.3344421386719
1944.47216796875
608.0576171875
183.98062133789062
231.71127319335938
146.47433471679688
274.1104431152344
253.55343627929688
104.70487976074219
599.47216796875
86.3670425415039
251.97256469726562
65.86425018310547
391.5833740234375
263.1285095214844
489.3749084472656
432.67755126953125
175.29612731933594
80.8884506225586
592.6839599609375
147.09124755859375
119.16378021240234
162.38548278808594
201.1624755859375
303.1933898925781
433.8557434082031
578.1128540039062
285.7101745605469
47.80494689941406
141.0563201904297
739.1831665039062
284.2750244140625
100.25961303710938
186.91664123535156
188.62437438964844
70.14279174804688
510.9024658203125
365.964599609375
281.5609130859375
198.5787353515625
74.38832092285156
444.58935546875
421.93707275390625
442.52178955078125
179.3865203857422
16.600133895874023
170.25848388671875
824.4549560546875
1097.4888916015625
