34.816795349121094
35.47927474975586
34.99958038330078
35.37979507446289
35.07699966430664
34.65312194824219
35.71956253051758
35.55970764160156
36.274757385253906
35.64045333862305
36.212547302246094
36.25048828125
37.05836868286133
37.283721923828125
36.56708526611328
37.77659606933594
38.45896911621094
38.31333923339844
38.861297607421875
39.97850036621094
41.0797119140625
41.43511962890625
43.10274887084961
42.15767288208008
44.77401351928711
44.99338150024414
46.918067932128906
45.985225677490234
49.00347137451172
51.20658874511719
52.57902908325195
54.581478118896484
55.78321075439453
58.14625930786133
59.955528259277344
61.545318603515625
63.54785919189453
63.85635757446289
68.70648193359375
69.4162368774414
71.96182250976562
73.13356018066406
74.40474700927734
74.84423065185547
78.90982055664062
79.21878814697266
81.77098083496094
84.14192199707031
86.66413879394531
88.74052429199219
89.93364715576172
93.36558532714844
96.17784118652344
99.21070861816406
99.29225158691406
103.35328674316406
105.07453918457031
108.3111343383789
111.3800277709961
115.69234466552734
118.41583251953125
120.22624969482422
121.16926574707031
124.64249420166016
129.91537475585938
130.37118530273438
134.64642333984375
137.70018005371094
140.33567810058594
146.1088409423828
151.62454223632812
149.56503295898438
155.84432983398438
158.58238220214844
158.86192321777344
163.03851318359375
169.5526123046875
169.01988220214844
173.50985717773438
176.6019744873047
179.90818786621094
187.19021606445312
185.57022094726562
191.02639770507812
191.71888732910156
197.10044860839844
200.7689971923828
197.72662353515625
204.11390686035156
198.07406616210938
207.8000946044922
210.4020538330078
211.53465270996094
214.85494995117188
215.0015106201172
221.6057586669922
221.75839233398438
223.6145477294922
224.29588317871094
224.36732482910156
226.79937744140625
228.77122497558594
226.98049926757812
220.9279327392578
224.0712890625
227.73106384277344
228.46435546875
231.23590087890625
228.87393188476562
227.4726104736328
214.94781494140625
214.44654846191406
218.7509765625
217.1096954345703
221.04420471191406
209.63088989257812
222.73110961914062
210.68174743652344
200.2601776123047
205.3549346923828
193.4014434814453
186.21551513671875
177.16233825683594
175.58705139160156
180.8262481689453
174.59133911132812
164.5181427001953
145.89889526367188
147.53529357910156
148.8368377685547
150.98524475097656
152.69723510742188
144.16378784179688
136.0834503173828
131.7900848388672
131.14927673339844
125.23735046386719
117.82771301269531
127.01060485839844
118.49005126953125
110.39332580566406
99.20736694335938
99.30290985107422
91.34323120117188
80.53075408935547
77.09178161621094
70.73632049560547
74.23151397705078
65.7719497680664
61.314125061035156
55.040435791015625
58.25229263305664
53.780277252197266
37.40737533569336
33.26069641113281
53.06379699707031
42.39640808105469
33.230262756347656
26.131559371948242
31.076393127441406
24.754106521606445
28.876127243041992
26.441219329833984
25.852275848388672
17.45358657836914
28.530385971069336
42.01938247680664
29.535266876220703
15.851820945739746
16.1533203125
23.058073043823242
28.075477600097656
29.772022247314453
17.837024688720703
17.39706802368164
20.467554092407227
20.043834686279297
47.363033294677734
45.948368072509766
23.27253532409668
16.67959976196289
27.074918746948242
15.902267456054688
19.837322235107422
34.066097259521484
19.60816764831543
16.878868103027344
16.545743942260742
17.16059112548828
27.48316192626953
19.63555335998535
15.607110977172852
17.491641998291016
14.095483779907227
28.530738830566406
18.75686264038086
17.273761749267578
14.690152168273926
14.443631172180176
14.076523780822754
23.761993408203125
24.521499633789062
13.461236000061035
22.330442428588867
14.442145347595215
44.8205680847168
30.099470138549805
33.712646484375
13.780426979064941
29.975284576416016
28.429006576538086
13.97971248626709
11.06061840057373
82.08751678466797
77.10812377929688
95.09291076660156
57.82352828979492
21.614248275756836
25.70145606994629
47.90378189086914
44.7673225402832
17.667959213256836
12.724987983703613
35.563636779785156
52.769893646240234
49.94841766357422
40.04482650756836
13.786347389221191
43.36940383911133
61.71898651123047
38.65249252319336
23.241579055786133
16.294254302978516
31.62457847595215
52.941158294677734
30.478254318237305
17.556589126586914
33.741058349609375
41.645084381103516
34.958858489990234
26.08589744567871
11.882407188415527
46.42506790161133
48.232845306396484
32.702335357666016
11.400160789489746
19.972145080566406
31.14065933227539
17.831043243408203
9.378089904785156
22.63391876220703
12.119837760925293
11.144515991210938
18.875225067138672
17.137678146362305
10.419341087341309
11.528356552124023
10.032471656799316
11.675557136535645
10.822264671325684
10.059057235717773
7.230514049530029
6.814277172088623
17.720218658447266
16.189807891845703
14.048325538635254
19.518640518188477
6.080147743225098
23.353742599487305
22.378206253051758
6.5868730545043945
15.425935745239258
15.406323432922363
12.316322326660156
25.94243812561035
6.188257217407227
9.136987686157227
5.3237810134887695
13.816091537475586
7.399055004119873
17.99559783935547
9.138361930847168
15.830835342407227
17.614728927612305
8.596149444580078
6.338104724884033
5.658791542053223
22.81641960144043
36.804019927978516
9.925750732421875
21.69425392150879
27.831640243530273
9.200751304626465
37.83738327026367
47.795166015625
56.35187530517578
11.619510650634766
21.929777145385742
47.36121368408203
38.9305305480957
23.077762603759766
45.010066986083984
70.84872436523438
62.19775390625
39.60319137573242
10.416764259338379
52.388641357421875
94.63709259033203
94.55406188964844
74.72985076904297
31.051427841186523
15.234210968017578
35.44975662231445
46.32411193847656
27.733736038208008
13.040159225463867
45.318153381347656
74.01685333251953
65.14054107666016
58.76729965209961
7.1501054763793945
38.38313674926758
60.157989501953125
68.84284210205078
49.399070739746094
18.034072875976562
28.51535987854004
47.41654968261719
57.547794342041016
31.4416561126709
3.8159563541412354
34.08537673950195
42.72958755493164
49.31369400024414
23.78228759765625
23.63392448425293
33.69814682006836
31.615001678466797
11.819487571716309
26.233360290527344
53.3301887512207
39.295372009277344
25.67542839050293
9.204878807067871
40.85551071166992
41.49287796020508
30.338624954223633
11.170721054077148
4.168128967285156
5.322103500366211
7.084421157836914
5.041906833648682
7.705516338348389
4.386436939239502
6.410378932952881
11.357725143432617
22.01758575439453
12.423571586608887
2.7689297199249268
7.034299850463867
10.727980613708496
20.84967041015625
17.081710815429688
6.004997253417969
33.11732482910156
33.6515998840332
27.72002410888672
6.227508544921875
12.186119079589844
5.66620397567749
17.918567657470703
18.510229110717773
7.755735397338867
11.261739730834961
15.711153984069824
10.3757905960083
24.484888076782227
6.036770820617676
10.116138458251953
10.66002082824707
12.409601211547852
27.73829460144043
25.320999145507812
14.987147331237793
19.549619674682617
38.43576431274414
29.94072151184082
11.494606018066406
4.967158794403076
3.3611276149749756
10.35962200164795
6.003864765167236
2.49578857421875
7.355283260345459
8.867696762084961
5.58649206161499
3.6981444358825684
25.829715728759766
26.83997917175293
17.770362854003906
19.01620864868164
31.17687225341797
19.13433837890625
3.5821475982666016
11.367216110229492
19.964704513549805
23.17344856262207
9.910696029663086
8.585083961486816
19.71356201171875
26.01641273498535
27.79854393005371
9.859994888305664
19.031274795532227
10.557453155517578
8.588533401489258
12.860365867614746
14.04797077178955
11.985373497009277
13.340027809143066
12.386516571044922
16.92623519897461
20.012107849121094
9.050248146057129
5.876621246337891
15.694843292236328
29.76997947692871
4.8552021980285645
23.58340072631836
31.638830184936523
26.313880920410156
24.06447982788086
24.49062156677246
7.221210956573486
4.523046493530273
20.251686096191406
39.79018020629883
36.80698013305664
17.218568801879883
30.215784072875977
29.599411010742188
9.318798065185547
17.199962615966797
43.85493469238281
41.23786926269531
55.2652587890625
63.34697723388672
29.84767723083496
29.296781539916992
57.166255950927734
54.606292724609375
47.17185592651367
27.277070999145508
26.717361450195312
31.34693145751953
34.217201232910156
17.081907272338867
8.63322925567627
23.20796012878418
24.96893882751465
30.3662052154541
17.084999084472656
32.43792724609375
24.554471969604492
17.686851501464844
5.579747200012207
24.434812545776367
12.608901977539062
4.623562335968018
6.401124954223633
8.447887420654297
3.288668632507324
11.011402130126953
9.10084056854248
17.469621658325195
7.059393405914307
4.605162143707275
3.840749740600586
14.671544075012207
9.697307586669922
30.619251251220703
19.271194458007812
11.070667266845703
26.52202796936035
32.195770263671875
24.36520004272461
5.062030792236328
13.115574836730957
27.39486312866211
11.539433479309082
8.2933349609375
31.48522186279297
14.747023582458496
6.844076633453369
15.06351375579834
16.228330612182617
17.76110076904297
18.531911849975586
6.334505081176758
10.289814949035645
23.655298233032227
8.551595687866211
2.6392736434936523
29.830957412719727
22.769023895263672
35.24736785888672
14.213196754455566
27.101398468017578
37.92217254638672
38.305294036865234
25.072864532470703
5.489109516143799
28.667312622070312
36.55411911010742
16.71910285949707
17.31850814819336
32.32561492919922
16.20757293701172
24.267433166503906
24.157211303710938
47.602699279785156
30.736358642578125
24.434995651245117
12.539061546325684
16.588424682617188
23.48866081237793
15.808917045593262
4.578439712524414
13.38414478302002
18.72358512878418
9.648159980773926
3.0979175567626953
17.230403900146484
13.485105514526367
6.036200523376465
17.676437377929688
28.148006439208984
22.232303619384766
5.874906539916992
19.47818374633789
28.845169067382812
30.951072692871094
20.11384391784668
5.567030906677246
25.034297943115234
32.10337448120117
15.879512786865234
21.51709747314453
24.65725326538086
46.48247146606445
30.22462272644043
38.801048278808594
18.9935302734375
23.974977493286133
13.488264083862305
20.847009658813477
24.33697509765625
11.551953315734863
11.469534873962402
3.8804733753204346
5.570521831512451
18.548358917236328
17.34129524230957
5.1230645179748535
19.48652458190918
15.019303321838379
9.768701553344727
4.679022312164307
10.954143524169922
11.7213134765625
7.762274742126465
6.071442127227783
14.188716888427734
25.50241470336914
16.170129776000977
8.385290145874023
3.9223692417144775
10.723021507263184
27.350351333618164
21.660417556762695
18.11168098449707
22.579349517822266
21.279817581176758
19.061908721923828
10.032003402709961
16.422338485717773
17.583084106445312
21.28919219970703
6.101931095123291
13.568136215209961
32.52649688720703
34.524696350097656
12.734772682189941
2.805818796157837
21.882360458374023
31.626792907714844
14.579120635986328
10.46847915649414
27.51769256591797
38.268672943115234
35.7784309387207
12.419157981872559
3.710700511932373
16.463449478149414
16.311325073242188
34.31553268432617
17.53870391845703
12.391605377197266
12.787850379943848
4.727926254272461
9.497727394104004
20.787456512451172
7.253161907196045
10.523089408874512
15.349234580993652
7.605888366699219
8.19404125213623
12.31187629699707
6.606579780578613
7.84120512008667
3.956536054611206
6.009809970855713
11.493215560913086
9.34218978881836
23.052513122558594
31.602384567260742
25.121829986572266
5.742409706115723
9.512738227844238
34.942527770996094
33.332393646240234
15.188703536987305
7.197464942932129
16.97637367248535
43.19715881347656
39.20799255371094
41.348392486572266
19.773956298828125
2.7135586738586426
13.84370231628418
21.81732749938965
27.119911193847656
7.652209281921387
5.427938938140869
14.607470512390137
13.17569351196289
7.288356304168701
9.827356338500977
12.494954109191895
20.750268936157227
2.4267280101776123
6.846369743347168
14.105110168457031
5.328360557556152
4.620813846588135
2.556177854537964
11.57260799407959
5.132847785949707
3.114365816116333
4.646472454071045
24.908584594726562
10.405315399169922
8.648019790649414
7.057101249694824
3.941131353378296
1.8697625398635864
2.754669427871704
4.512332916259766
17.375598907470703
16.56315040588379
4.474654197692871
7.1852569580078125
12.7262544631958
5.784713268280029
13.997047424316406
16.062816619873047
20.93366050720215
15.397500038146973
4.676735877990723
6.217795372009277
18.375789642333984
16.410503387451172
12.759208679199219
5.677082061767578
4.34353494644165
10.097357749938965
13.629467964172363
17.251237869262695
19.76154136657715
6.10939359664917
5.786890029907227
16.444379806518555
3.827132225036621
20.197307586669922
31.75734519958496
12.845987319946289
6.594455242156982
7.502457618713379
10.641804695129395
13.270501136779785
16.69249725341797
4.601309299468994
7.824158668518066
7.859346389770508
8.25772476196289
5.320095062255859
8.39695930480957
8.312599182128906
9.17824649810791
18.854862213134766
13.693731307983398
6.357797145843506
18.698177337646484
6.203044414520264
5.8105058670043945
27.23073959350586
23.537965774536133
13.77150821685791
12.736668586730957
8.33936882019043
3.6379520893096924
4.244417667388916
6.696332931518555
10.745572090148926
6.658034324645996
2.965843915939331
13.698896408081055
8.244105339050293
2.712270975112915
8.636131286621094
17.886154174804688
15.441697120666504
2.7121496200561523
10.460187911987305
11.372064590454102
12.419261932373047
14.807623863220215
15.350489616394043
5.31044864654541
8.482844352722168
10.741937637329102
9.166383743286133
13.539563179016113
7.942203998565674
4.0969438552856445
9.549887657165527
7.095401287078857
15.149970054626465
10.679981231689453
6.691526889801025
5.508942604064941
6.360964298248291
8.397557258605957
8.165246963500977
15.535957336425781
8.191685676574707
13.732559204101562
8.62677001953125
5.70147180557251
22.371158599853516
4.951182842254639
5.927412033081055
6.349264621734619
5.2734055519104
2.858935594558716
3.787867307662964
8.342865943908691
5.344265460968018
2.9314627647399902
4.958963394165039
3.816232919692993
13.393285751342773
11.090861320495605
18.23251724243164
5.7613091468811035
18.76974105834961
19.142681121826172
10.000174522399902
15.078743934631348
17.607328414916992
35.3018913269043
31.659597396850586
18.173917770385742
9.461281776428223
4.495978832244873
7.763987064361572
3.449979066848755
6.246566295623779
5.893054008483887
6.949634075164795
7.21496057510376
7.430444240570068
15.927525520324707
5.71910285949707
9.942108154296875
29.805789947509766
16.85932159423828
10.322102546691895
7.739147663116455
16.74934959411621
20.834211349487305
23.116914749145508
38.44207763671875
13.37866497039795
11.282121658325195
10.939265251159668
9.764451026916504
11.24998664855957
2.602799654006958
2.680042266845703
7.969782829284668
7.6012067794799805
8.981621742248535
4.900563716888428
3.9419963359832764
5.19241189956665
4.934407711029053
5.952731609344482
5.407639026641846
6.300796985626221
10.668737411499023
6.984419345855713
7.486308574676514
4.373688220977783
11.373725891113281
17.141963958740234
4.439503192901611
5.437541484832764
9.342978477478027
9.670939445495605
4.486853122711182
5.79150390625
9.600435256958008
6.059804916381836
13.140298843383789
12.287895202636719
11.24354362487793
2.671607732772827
7.802587985992432
5.89032506942749
11.548358917236328
4.861587047576904
10.244003295898438
4.014057636260986
19.699661254882812
4.967961311340332
9.722705841064453
5.430157661437988
6.731571674346924
2.4700517654418945
5.483808994293213
11.578420639038086
6.885420322418213
8.073829650878906
8.244413375854492
15.777710914611816
13.884846687316895
15.018425941467285
7.972751617431641
7.498465538024902
19.638290405273438
5.1989545822143555
8.656620979309082
4.209804058074951
1.970538854598999
8.636713027954102
7.123363494873047
6.545392036437988
5.747562408447266
12.393431663513184
2.299757242202759
3.8937034606933594
3.2427377700805664
5.6449713706970215
2.0596892833709717
2.8655545711517334
3.367677927017212
6.32942533493042
9.483110427856445
1.7774908542633057
9.857385635375977
12.055542945861816
10.035551071166992
4.42835807800293
3.9428298473358154
3.376762866973877
5.773036479949951
21.466224670410156
9.678143501281738
11.235380172729492
8.744634628295898
4.017681121826172
9.65689468383789
14.651979446411133
13.856169700622559
5.244278907775879
4.284729957580566
14.217825889587402
7.084923267364502
9.035270690917969
5.080354690551758
6.284704685211182
5.274336814880371
3.1284079551696777
14.620687484741211
13.468420028686523
12.033822059631348
11.905613899230957
1.8037148714065552
8.258357048034668
6.669436931610107
6.285576820373535
2.4562456607818604
9.24670696258545
7.562330722808838
6.873848915100098
5.265860557556152
1.986886978149414
3.8328857421875
12.078189849853516
2.6593966484069824
11.003388404846191
7.531186103820801
11.60372543334961
15.660305976867676
13.90401554107666
4.566980361938477
4.750797271728516
9.854531288146973
5.529375076293945
