171.15579223632812
170.82192993164062
170.4975128173828
170.532958984375
172.1861572265625
174.4620361328125
178.5458221435547
181.47535705566406
187.24546813964844
192.90032958984375
198.54525756835938
206.3245086669922
217.5574951171875
224.99989318847656
233.04150390625
242.7017059326172
254.05014038085938
265.9581604003906
274.2645568847656
287.1286926269531
295.7767028808594
310.2306823730469
324.77947998046875
335.2532653808594
350.0060729980469
365.55059814453125
383.6416320800781
396.6998291015625
414.57940673828125
435.72784423828125
455.4228515625
474.72308349609375
494.1361389160156
515.2741088867188
546.4114990234375
570.907958984375
601.1119384765625
625.6664428710938
665.7423095703125
698.10400390625
737.5801391601562
786.2067260742188
835.9398193359375
898.7857666015625
967.0946655273438
1039.8902587890625
1116.0404052734375
1186.3040771484375
1202.023193359375
1066.25390625
835.0859985351562
2327.582763671875
4852.73095703125
6502.95849609375
6798.4931640625
5872.7646484375
4458.08349609375
2995.597412109375
1751.2293701171875
948.216796875
484.57952880859375
472.4197082519531
590.7027587890625
621.2737426757812
619.2174682617188
599.5396728515625
588.697509765625
523.2572021484375
380.97943115234375
265.2810974121094
163.94529724121094
261.12811279296875
363.668212890625
445.7306213378906
394.3715515136719
316.9681701660156
221.80445861816406
110.85716247558594
65.84150695800781
158.27059936523438
186.99864196777344
160.86769104003906
185.55174255371094
137.3296661376953
82.70531463623047
64.53500366210938
101.66900634765625
180.53248596191406
159.53854370117188
138.9560089111328
158.27842712402344
111.12540435791016
64.77995300292969
