132.68190002441406
138.68569946289062
132.10255432128906
134.41465759277344
131.8656005859375
140.51043701171875
131.5317840576172
134.56919860839844
134.84469604492188
136.56053161621094
121.60955047607422
124.52527618408203
121.17222595214844
116.65709686279297
126.23474884033203
118.69845581054688
113.6434555053711
112.56227111816406
104.04019927978516
94.67634582519531
87.70272064208984
84.98066711425781
73.82176971435547
68.53657531738281
60.58271789550781
57.199092864990234
43.74034881591797
35.59870529174805
32.499961853027344
30.508132934570312
28.790653228759766
26.803173065185547
27.567916870117188
21.201093673706055
27.95342254638672
16.20612144470215
12.91547966003418
11.40584659576416
13.011009216308594
24.89858055114746
12.255849838256836
17.91457176208496
16.95879364013672
10.490893363952637
15.113594055175781
19.183391571044922
14.396794319152832
12.55355167388916
16.826847076416016
15.19871997833252
15.382794380187988
17.617977142333984
17.011760711669922
11.700337409973145
16.488628387451172
10.754730224609375
14.558001518249512
14.137377738952637
14.148883819580078
12.611400604248047
10.596207618713379
15.194215774536133
18.22315788269043
14.03963565826416
17.58485221862793
14.930717468261719
14.335970878601074
12.48391056060791
13.342045783996582
14.934080123901367
17.37653923034668
14.60667896270752
15.927403450012207
14.364668846130371
12.615290641784668
13.761941909790039
12.73337173461914
15.439529418945312
14.057713508605957
11.436970710754395
16.81522560119629
18.45600128173828
13.018816947937012
13.307595252990723
12.880239486694336
14.865728378295898
11.352046012878418
10.318194389343262
11.920400619506836
15.521147727966309
16.094160079956055
10.69903564453125
16.067434310913086
19.466821670532227
11.21725082397461
13.550829887390137
18.767436981201172
14.054591178894043
16.9272403717041
16.00104331970215
10.918267250061035
13.956201553344727
11.811915397644043
12.988739013671875
10.567790985107422
17.646026611328125
11.260538101196289
14.997461318969727
15.69702434539795
15.498826026916504
12.526187896728516
11.009648323059082
13.028325080871582
9.665348052978516
16.084381103515625
13.997264862060547
15.712337493896484
12.532917976379395
13.123297691345215
10.867929458618164
