129.34710693359375
130.5615234375
133.05238342285156
139.8678436279297
134.1793670654297
137.64370727539062
134.7741241455078
136.38357543945312
124.04419708251953
137.267822265625
128.2022705078125
138.48272705078125
125.67417907714844
137.5987091064453
136.27609252929688
131.6823272705078
123.27961730957031
129.69424438476562
123.32935333251953
120.70867919921875
115.49356842041016
116.71931457519531
125.16261291503906
111.88442993164062
117.24345397949219
109.67144775390625
109.18400573730469
105.59440612792969
103.88209533691406
101.3111572265625
97.73915100097656
92.82733917236328
90.1299057006836
89.4231185913086
82.92826080322266
84.01152801513672
78.18696594238281
71.98534393310547
68.66926574707031
69.63323211669922
65.74219512939453
64.89623260498047
60.323822021484375
58.431705474853516
52.92162322998047
55.71376419067383
50.303592681884766
44.405635833740234
42.97162628173828
41.74798583984375
39.73993682861328
37.80305099487305
36.34156799316406
34.125972747802734
32.1202278137207
29.57568359375
29.144620895385742
27.53748321533203
26.674814224243164
24.512941360473633
25.81328582763672
26.41575050354004
22.58802032470703
22.83310317993164
21.514638900756836
22.077959060668945
20.044940948486328
22.98249053955078
22.921131134033203
20.756385803222656
20.601112365722656
23.27725601196289
21.553302764892578
23.129924774169922
20.314979553222656
19.958532333374023
21.82354736328125
21.76583480834961
20.46684455871582
18.804651260375977
19.20821189880371
19.123493194580078
19.324323654174805
18.298948287963867
20.12989616394043
20.110034942626953
20.259815216064453
18.163297653198242
19.013690948486328
19.504762649536133
18.511369705200195
17.075111389160156
18.839563369750977
17.334535598754883
19.3215389251709
20.230886459350586
16.654882431030273
16.68134880065918
18.512727737426758
17.3929386138916
15.498915672302246
18.63432502746582
16.780221939086914
19.97823715209961
16.986967086791992
16.651519775390625
16.877120971679688
14.946195602416992
17.6217041015625
16.96819305419922
16.118030548095703
15.732034683227539
18.095035552978516
15.36294174194336
14.814495086669922
17.851177215576172
17.246795654296875
18.041431427001953
16.503631591796875
25.05320930480957
