132.68209838867188
134.19729614257812
127.33814239501953
128.50416564941406
124.96585845947266
131.02517700195312
119.8757095336914
120.0677719116211
116.400634765625
114.09915924072266
96.15422821044922
90.17208099365234
81.83412170410156
71.77198791503906
64.13704681396484
52.110069274902344
40.14930725097656
30.43743324279785
22.7115421295166
24.96814727783203
27.849172592163086
27.056764602661133
32.590145111083984
22.371850967407227
24.888660430908203
25.733455657958984
19.833494186401367
15.061734199523926
16.934059143066406
18.214183807373047
15.825780868530273
14.656473159790039
13.473689079284668
11.296072006225586
19.86226463317871
13.992167472839355
13.162951469421387
11.951166152954102
13.03843879699707
24.39182472229004
11.558699607849121
17.396223068237305
16.41998291015625
10.076321601867676
14.369218826293945
18.65410614013672
13.972268104553223
12.396254539489746
16.919654846191406
15.344151496887207
15.45458984375
17.941173553466797
17.23095703125
12.185015678405762
16.513456344604492
10.747584342956543
14.823847770690918
14.425267219543457
14.274749755859375
12.717717170715332
10.664117813110352
15.466052055358887
18.2469425201416
14.241800308227539
17.610916137695312
14.856368064880371
14.614516258239746
12.489866256713867
13.547905921936035
14.866632461547852
17.381122589111328
14.657740592956543
15.973346710205078
14.419060707092285
12.682389259338379
13.687393188476562
12.872129440307617
15.497136116027832
14.021984100341797
11.41022777557373
16.807147979736328
18.439363479614258
13.011064529418945
13.30439281463623
12.891558647155762
14.874031066894531
11.28974723815918
10.366108894348145
11.935733795166016
15.662139892578125
16.05742645263672
10.704915046691895
15.989450454711914
19.434612274169922
11.23592758178711
13.567015647888184
18.736467361450195
13.98442268371582
16.74773406982422
15.764904022216797
10.726910591125488
13.712620735168457
11.672335624694824
12.945930480957031
10.662598609924316
17.786943435668945
11.32576847076416
15.07274341583252
15.644861221313477
15.424966812133789
12.393823623657227
10.977618217468262
12.85717487335205
9.685747146606445
15.914022445678711
13.88231372833252
15.544143676757812
12.502142906188965
13.087037086486816
10.901956558227539
