15.279515266418457
14.625535011291504
15.3997802734375
16.0604248046875
17.608034133911133
19.7703914642334
24.42018699645996
30.469852447509766
36.608741760253906
46.14181137084961
52.883487701416016
67.34228515625
88.0137710571289
104.89981079101562
138.47030639648438
170.0024871826172
214.17225646972656
265.2873840332031
337.3179931640625
412.1730041503906
490.13519287109375
623.0875244140625
657.6694946289062
835.19775390625
860.7158813476562
1054.305908203125
1176.7574462890625
1329.4393310546875
1522.339599609375
1617.5042724609375
1765.6824951171875
1806.1954345703125
1628.9742431640625
1266.751953125
1042.4140625
761.0151977539062
661.60546875
518.6048583984375
536.7615356445312
359.9544982910156
372.710205078125
230.91001892089844
211.20594787597656
215.7928924560547
187.7235565185547
234.76181030273438
257.2360534667969
228.09512329101562
263.2787170410156
315.40887451171875
190.6149139404297
217.439208984375
166.61216735839844
133.51348876953125
108.78437042236328
164.1700439453125
55.37606430053711
80.18787384033203
70.28121948242188
135.83547973632812
138.26402282714844
121.21818542480469
116.05706787109375
216.00282287597656
61.22784423828125
90.87057495117188
52.469852447509766
108.96732330322266
176.54383850097656
67.21710205078125
44.3096923828125
93.56172180175781
136.1903839111328
85.31800842285156
65.71577453613281
113.26712036132812
106.1201400756836
43.02815246582031
120.09893798828125
200.02740478515625
113.58106231689453
111.61648559570312
87.83659362792969
54.11115646362305
155.28945922851562
217.06805419921875
169.1835479736328
139.2996368408203
75.93648529052734
30.66408348083496
53.8766975402832
337.1388244628906
320.8542785644531
239.95196533203125
360.7674865722656
144.19186401367188
117.19537353515625
121.90044403076172
61.12809753417969
43.50010299682617
23.673749923706055
210.55181884765625
100.71867370605469
240.411376953125
161.40113830566406
180.01744079589844
83.40979766845703
50.38326644897461
68.8582992553711
125.32402801513672
34.81340408325195
55.553531646728516
18.979782104492188
183.37730407714844
19.227323532104492
127.3745346069336
66.20399475097656
94.98755645751953
59.117679595947266
67.5630111694336
