223.76560974121094
224.97769165039062
223.78990173339844
221.95333862304688
221.21905517578125
220.9052734375
222.14939880371094
218.70413208007812
220.84291076660156
220.2049560546875
218.7691192626953
218.33895874023438
220.6151123046875
217.7109832763672
216.322998046875
215.74407958984375
215.5676727294922
216.83734130859375
212.4237060546875
213.61183166503906
208.83311462402344
209.33070373535156
209.91624450683594
205.39674377441406
204.15895080566406
202.48007202148438
202.4689178466797
198.72946166992188
197.27301025390625
197.1131134033203
194.63059997558594
191.97865295410156
187.86192321777344
184.1210174560547
183.62142944335938
179.61947631835938
176.8419189453125
170.8494873046875
168.29443359375
162.0456085205078
156.48233032226562
150.93678283691406
143.76304626464844
137.00001525878906
128.2564239501953
118.19176483154297
106.81136322021484
94.96002197265625
82.3010482788086
70.13060760498047
63.6806526184082
70.79386901855469
88.00830078125
100.38707733154297
102.79558563232422
94.71710968017578
83.47506713867188
72.01068878173828
62.665916442871094
57.71752166748047
55.50210952758789
55.35633087158203
55.620208740234375
56.10606384277344
56.15727615356445
55.65608215332031
54.853233337402344
54.228111267089844
52.95336151123047
52.29082107543945
51.8425407409668
51.720375061035156
51.75270462036133
51.6405029296875
51.67721176147461
51.18413543701172
50.77907180786133
50.48154830932617
50.1579704284668
50.18741226196289
50.3474006652832
50.0920295715332
49.699317932128906
49.62628173828125
49.75653839111328
49.41789245605469
49.26374053955078
49.46211624145508
49.29390335083008
48.925865173339844
49.06462860107422
49.16425323486328
48.96611785888672
