281.08416748046875
293.01531982421875
282.990966796875
299.6598205566406
284.5525207519531
317.9065856933594
324.31427001953125
338.4344482421875
368.1299743652344
384.1346130371094
382.8891906738281
446.0124206542969
452.4617614746094
485.6487121582031
615.4699096679688
620.1473388671875
659.4220581054688
738.9093627929688
788.8226318359375
850.9699096679688
930.8705444335938
1015.6607055664062
1010.6896362304688
1143.988037109375
1081.5252685546875
1084.4307861328125
1084.0771484375
1126.3310546875
1147.718505859375
1118.0465087890625
1261.2435302734375
1259.1270751953125
1323.3543701171875
1097.5281982421875
1084.199951171875
649.920166015625
342.65460205078125
104.63976287841797
164.67588806152344
205.63858032226562
258.4828796386719
222.41162109375
226.4507598876953
309.18634033203125
258.94696044921875
238.81015014648438
217.30653381347656
177.99258422851562
186.71173095703125
89.42294311523438
127.14627075195312
103.58671569824219
72.42969512939453
225.11607360839844
118.74959564208984
116.60799407958984
162.80294799804688
140.06573486328125
99.62814331054688
60.12533187866211
61.67536544799805
82.36372375488281
66.19712829589844
75.71900939941406
62.195072174072266
114.32633972167969
112.1266860961914
83.5124282836914
72.52462768554688
119.87982940673828
115.86896514892578
30.430646896362305
66.83195495605469
81.59575653076172
78.78865814208984
41.3375358581543
49.3594856262207
67.06536865234375
47.847389221191406
264.5400390625
86.2201156616211
135.635986328125
55.23077392578125
34.90171813964844
20.56260108947754
62.513946533203125
121.1201171875
87.22834014892578
56.18502426147461
193.494384765625
36.008934020996094
47.83756637573242
21.72148895263672
15.255205154418945
103.8779296875
123.63560485839844
159.9723663330078
179.63275146484375
244.6357879638672
202.74569702148438
141.6960906982422
183.68080139160156
84.38528442382812
34.983394622802734
49.133033752441406
105.4858627319336
99.5626449584961
143.07891845703125
186.73622131347656
80.10674285888672
164.96493530273438
29.33673095703125
137.70889282226562
32.33758544921875
62.923274993896484
47.2778434753418
81.16637420654297
31.445781707763672
34.27532196044922
64.32846069335938
