18.84967803955078
18.790607452392578
19.278383255004883
18.3203125
19.034303665161133
18.362173080444336
18.76017951965332
18.638818740844727
19.134912490844727
18.55162811279297
18.38050651550293
16.74814796447754
18.232948303222656
18.566713333129883
18.8241024017334
18.78346824645996
17.522598266601562
18.96329689025879
17.97865867614746
18.504491806030273
18.153709411621094
16.79657554626465
18.628150939941406
18.444318771362305
18.734638214111328
18.438690185546875
18.66848373413086
18.416444778442383
18.169570922851562
19.01191520690918
18.35621452331543
16.71742820739746
18.234474182128906
18.077646255493164
16.772857666015625
18.214235305786133
16.54112434387207
17.903377532958984
17.609237670898438
17.857378005981445
18.597970962524414
17.841062545776367
17.75416374206543
15.943663597106934
17.380226135253906
17.576684951782227
17.45467185974121
15.32638168334961
17.30780792236328
17.285593032836914
15.261242866516113
17.112125396728516
17.35527229309082
16.399728775024414
16.70655632019043
16.90492820739746
16.89722442626953
16.422176361083984
17.324066162109375
16.43851661682129
15.717738151550293
15.7475004196167
15.788884162902832
16.122373580932617
15.489008903503418
13.898633003234863
15.748944282531738
15.529123306274414
15.344062805175781
15.267507553100586
15.18893814086914
11.842392921447754
15.073189735412598
14.590643882751465
14.833142280578613
14.392762184143066
14.595548629760742
14.478144645690918
12.88784408569336
14.019696235656738
13.83815860748291
13.639741897583008
13.984923362731934
13.591017723083496
13.538450241088867
13.0964937210083
11.916766166687012
12.606085777282715
11.566040992736816
11.620283126831055
12.476305961608887
12.184088706970215
11.312551498413086
12.079689979553223
12.130793571472168
11.894956588745117
10.459949493408203
11.790763854980469
11.153472900390625
11.101489067077637
11.320697784423828
11.03978157043457
10.887974739074707
10.64963436126709
10.180902481079102
10.484989166259766
10.253047943115234
10.242374420166016
10.071467399597168
9.755441665649414
9.551029205322266
9.513416290283203
9.589783668518066
9.621003150939941
8.970830917358398
9.214838027954102
8.961485862731934
8.919539451599121
8.490662574768066
8.573062896728516
8.406022071838379
8.190226554870605
8.308484077453613
8.2070894241333
7.973413467407227
7.984915733337402
8.057673454284668
7.770944595336914
6.952532768249512
7.538896083831787
7.210230350494385
7.047887802124023
7.026435852050781
6.417490005493164
6.864142417907715
6.767636299133301
6.41898250579834
6.443103790283203
6.307214736938477
5.896988868713379
6.302504539489746
6.023667335510254
5.845808506011963
5.882482528686523
5.661256790161133
5.631571292877197
5.767717361450195
5.600889682769775
5.474359035491943
5.37562370300293
5.285828590393066
5.240445613861084
5.081747531890869
4.916168212890625
4.975854873657227
4.826506614685059
4.271729469299316
4.865056037902832
4.71112585067749
4.769452095031738
4.769443511962891
4.663020133972168
4.676586151123047
4.557802200317383
4.473775863647461
4.4990410804748535
4.176854133605957
4.393918037414551
4.366807460784912
4.05827522277832
4.376845836639404
4.355010986328125
4.209153652191162
4.448773384094238
4.3009843826293945
4.299225330352783
4.191503524780273
4.219942092895508
4.155072212219238
4.129663467407227
4.081046104431152
4.043877601623535
3.7460947036743164
4.066123962402344
3.9231197834014893
3.968341112136841
3.724435329437256
3.8958849906921387
3.6009745597839355
3.905405044555664
3.913742780685425
3.996209144592285
3.4708926677703857
3.752751350402832
3.7237548828125
3.7788381576538086
3.708937168121338
3.9077794551849365
3.811232328414917
3.719343900680542
3.6725637912750244
3.666044235229492
3.663123846054077
3.5867562294006348
3.5097432136535645
3.397401809692383
3.4484198093414307
3.4458229541778564
3.5515213012695312
3.4096710681915283
3.3114211559295654
3.081275701522827
3.3596954345703125
3.3325843811035156
3.248262643814087
3.051152467727661
3.1023647785186768
3.3253557682037354
2.991482734680176
3.1600852012634277
3.112036943435669
3.1340532302856445
3.123467445373535
3.1238138675689697
3.135866641998291
3.1448915004730225
2.7921392917633057
2.976041555404663
3.057128429412842
3.016510009765625
3.0377519130706787
2.990434169769287
3.0149967670440674
2.961801290512085
2.8751933574676514
2.8367550373077393
2.716850757598877
2.802610158920288
2.8036327362060547
2.7837839126586914
2.841618537902832
2.711087703704834
2.8116977214813232
2.543182849884033
2.80352520942688
2.527273416519165
2.69946026802063
2.6101183891296387
2.6722216606140137
2.7590293884277344
2.6843695640563965
2.687570095062256
2.5884406566619873
2.6849000453948975
2.6363627910614014
2.5962302684783936
2.631643772125244
2.5808064937591553
2.5302271842956543
2.643745183944702
2.5239992141723633
2.548689365386963
2.4283297061920166
2.491366147994995
2.5626957416534424
2.563910484313965
2.4677772521972656
2.4541220664978027
2.4213979244232178
2.3177008628845215
2.375037670135498
2.49259090423584
2.431748390197754
2.3844876289367676
2.1694083213806152
2.201500177383423
2.4537301063537598
2.438300609588623
2.3687939643859863
2.325449228286743
2.268650770187378
2.1732981204986572
2.3401055335998535
2.292985200881958
2.4114654064178467
2.3181469440460205
2.3607046604156494
2.306708574295044
2.3147244453430176
2.2200796604156494
2.218142032623291
2.2312657833099365
2.2636470794677734
2.318690538406372
2.263504981994629
2.242894172668457
2.1926779747009277
2.1604089736938477
2.236515760421753
2.1458539962768555
2.162764310836792
2.2111847400665283
2.254392147064209
2.2039506435394287
2.274402379989624
1.8615050315856934
2.147386074066162
2.2232420444488525
2.126696825027466
2.163062334060669
2.059536933898926
2.0830390453338623
2.0488579273223877
2.1410725116729736
2.1118180751800537
2.0904107093811035
1.9008370637893677
2.1540043354034424
2.1304588317871094
2.101257085800171
2.0910701751708984
2.007302761077881
1.9689809083938599
2.0565404891967773
2.058103322982788
2.0757181644439697
2.0468971729278564
2.002708673477173
1.9044854640960693
2.0522947311401367
2.044506788253784
2.0432076454162598
2.086209297180176
1.8921953439712524
1.997737169265747
1.9501527547836304
1.993720531463623
1.9649807214736938
1.9244279861450195
1.9724993705749512
1.9158196449279785
1.969069242477417
1.9751458168029785
1.9587762355804443
1.965171456336975
1.903714656829834
1.9410874843597412
1.9133501052856445
1.9425653219223022
1.8812569379806519
1.9057103395462036
1.97089684009552
1.9279589653015137
1.905420184135437
1.9282135963439941
1.9036558866500854
1.9253079891204834
1.9011579751968384
1.850319266319275
1.873937964439392
1.8527435064315796
1.8471111059188843
1.772033929824829
1.8492480516433716
1.7707351446151733
1.851662516593933
1.8530486822128296
1.823337435722351
1.9032022953033447
1.9204277992248535
1.89695405960083
1.8777947425842285
1.8083394765853882
1.887215256690979
1.8190357685089111
1.8374345302581787
1.8428006172180176
1.6816751956939697
1.705326795578003
1.8013564348220825
1.8245736360549927
1.8706974983215332
1.8899234533309937
1.83722984790802
1.8525696992874146
1.775860071182251
1.8381104469299316
1.70258629322052
1.7757443189620972
1.7445499897003174
1.659005880355835
1.810950517654419
1.8511054515838623
1.8222198486328125
1.8020366430282593
1.7144379615783691
1.7111761569976807
1.7767616510391235
1.6813950538635254
1.79475736618042
1.7335201501846313
1.5924522876739502
1.729880452156067
1.8304600715637207
1.5944329500198364
1.7926678657531738
1.7243000268936157
1.7469223737716675
1.76486074924469
1.7746458053588867
1.6320595741271973
1.7517777681350708
1.7880369424819946
1.7364693880081177
1.6540123224258423
1.6155407428741455
1.7086559534072876
1.7795963287353516
1.6912716627120972
1.7749453783035278
1.8140507936477661
1.7191721200942993
1.7854701280593872
1.7460089921951294
1.6846367120742798
1.6818687915802002
1.7355114221572876
1.6227092742919922
1.705934762954712
1.6684271097183228
1.6935012340545654
1.7141929864883423
1.6853551864624023
1.7293500900268555
1.696720004081726
1.6406439542770386
1.6447277069091797
1.7276922464370728
1.6708906888961792
1.7062057256698608
1.640394687652588
1.6304810047149658
1.6243970394134521
1.6858736276626587
1.6408863067626953
1.6206878423690796
1.5803823471069336
1.7015807628631592
1.6190694570541382
1.6575548648834229
1.661190390586853
1.6162806749343872
1.6625350713729858
1.6508474349975586
1.5441198348999023
1.6830968856811523
1.5402604341506958
1.7065614461898804
1.5667732954025269
1.5847538709640503
1.5935405492782593
1.6157467365264893
1.6105774641036987
1.5836528539657593
1.5293848514556885
1.655945062637329
1.5771162509918213
1.491952657699585
1.5799793004989624
1.5999126434326172
1.6553560495376587
1.5627259016036987
1.6249326467514038
1.4850940704345703
1.577371597290039
1.5158838033676147
1.4788485765457153
1.6142442226409912
1.5774915218353271
1.457966923713684
1.5571997165679932
1.5446759462356567
1.4046608209609985
1.5293314456939697
1.5536954402923584
1.5626096725463867
1.416404366493225
1.5382983684539795
1.526580810546875
1.5051299333572388
1.6256577968597412
1.5178450345993042
1.4812835454940796
1.5498923063278198
1.5239300727844238
1.553312063217163
1.4751673936843872
1.5006663799285889
1.334167718887329
1.4890413284301758
1.4775696992874146
1.557604432106018
1.557326078414917
1.5703277587890625
1.5314807891845703
1.5041414499282837
1.4974652528762817
1.5127482414245605
1.5295602083206177
1.5767769813537598
1.48606276512146
1.5887706279754639
1.5286873579025269
1.5172961950302124
1.5201427936553955
1.5572293996810913
1.4704344272613525
1.5261906385421753
1.454687476158142
1.5167337656021118
1.3538181781768799
1.570434808731079
1.4060924053192139
1.4700610637664795
1.4709118604660034
1.3243379592895508
1.541602611541748
1.473473072052002
1.4472306966781616
1.5487266778945923
1.452164649963379
1.3945814371109009
1.4823473691940308
1.4935967922210693
1.488824725151062
1.452038049697876
1.4217703342437744
1.5391327142715454
1.2889424562454224
1.3649982213974
1.3889667987823486
1.4226716756820679
1.4805434942245483
1.4812157154083252
1.5282140970230103
1.4278514385223389
1.5012563467025757
1.417089819908142
1.387376308441162
1.3578226566314697
1.2917044162750244
1.4136818647384644
1.4146195650100708
1.4989686012268066
1.4571727514266968
1.3755520582199097
1.446920394897461
1.4525580406188965
1.5060147047042847
1.4056695699691772
1.4446626901626587
1.47615647315979
1.4632617235183716
1.3642467260360718
1.370929479598999
1.4282394647598267
1.3899048566818237
1.4860714673995972
1.3288211822509766
1.3537722826004028
1.4007269144058228
1.3925721645355225
1.2859580516815186
1.4576035737991333
1.4270999431610107
1.4533519744873047
1.3975266218185425
1.482284426689148
1.3178339004516602
1.4339263439178467
1.3677175045013428
1.3873839378356934
1.4289100170135498
1.3363361358642578
1.3939937353134155
1.4098378419876099
1.3931626081466675
1.446812391281128
1.3863993883132935
1.3836475610733032
1.3858562707901
1.4078328609466553
1.3414877653121948
1.3707001209259033
1.395246148109436
1.3804298639297485
1.3017619848251343
1.3742343187332153
1.4379298686981201
1.394665002822876
1.354628086090088
1.3639788627624512
1.3450008630752563
1.2849887609481812
1.3294001817703247
1.3836227655410767
1.4199161529541016
1.417697548866272
1.3389383554458618
1.401421308517456
1.3808213472366333
1.3639999628067017
1.3055086135864258
1.4017208814620972
1.2608411312103271
1.33950674533844
1.3578766584396362
1.399240493774414
1.234586477279663
1.4757280349731445
1.414894938468933
1.3027305603027344
1.305564045906067
1.307020664215088
1.301874041557312
1.3429841995239258
1.3217613697052002
1.3625364303588867
1.341850757598877
1.402004599571228
1.4465745687484741
1.370303988456726
1.3279850482940674
1.3908445835113525
1.4104876518249512
1.364139437675476
1.1653211116790771
1.3512485027313232
1.3464195728302002
1.3845994472503662
1.4158025979995728
1.396927833557129
1.3449981212615967
1.3352032899856567
1.3381787538528442
1.3524442911148071
1.3006631135940552
1.2596908807754517
1.3555041551589966
1.2695249319076538
1.287142038345337
1.3714207410812378
1.4085822105407715
1.3415194749832153
1.3999006748199463
1.3502622842788696
1.263716697692871
1.395566463470459
1.3045543432235718
1.3046202659606934
1.2891019582748413
1.3049753904342651
1.3514025211334229
1.3317548036575317
1.2964527606964111
1.3876882791519165
1.3262934684753418
1.3530679941177368
1.2627842426300049
1.3001359701156616
1.3214486837387085
1.3397783041000366
1.3257274627685547
1.3241651058197021
1.3138550519943237
1.2573155164718628
1.346411943435669
1.375552773475647
1.307742953300476
1.3379751443862915
1.3440625667572021
1.3294920921325684
1.3005410432815552
1.3062283992767334
1.3473585844039917
1.289068341255188
1.3305230140686035
1.3149840831756592
1.277930736541748
1.2780104875564575
1.2885193824768066
1.339123249053955
1.264548420906067
1.2747583389282227
1.3339446783065796
1.2215250730514526
1.2906240224838257
1.2636460065841675
1.3213715553283691
1.3240761756896973
1.292701005935669
1.2475504875183105
1.3346227407455444
1.3114899396896362
1.2899295091629028
1.2725831270217896
1.297439455986023
1.3160135746002197
1.2972794771194458
1.3082478046417236
1.325266718864441
1.242392659187317
1.3735697269439697
1.326980471611023
1.312211513519287
1.2636916637420654
1.2373950481414795
1.244297981262207
1.33212149143219
1.3511766195297241
1.279119849205017
1.241075038909912
1.2214032411575317
1.1507893800735474
1.2916709184646606
1.3479291200637817
1.2081973552703857
1.27634859085083
1.2157758474349976
1.2315452098846436
1.2751502990722656
1.2329492568969727
1.3346807956695557
1.329567313194275
1.2049161195755005
1.2999809980392456
1.3483284711837769
1.2766366004943848
1.2899482250213623
1.256640911102295
1.3090839385986328
1.267169713973999
1.2764965295791626
1.2877886295318604
1.2768349647521973
1.2695859670639038
1.2599440813064575
1.2593817710876465
1.2790186405181885
1.3514484167099
1.2410234212875366
1.2375375032424927
1.3438763618469238
1.2523770332336426
1.247841238975525
1.2856451272964478
1.2325022220611572
1.2691137790679932
1.2524675130844116
1.241114616394043
1.1766862869262695
1.1988388299942017
1.1596556901931763
1.3370155096054077
1.2662183046340942
1.2624374628067017
1.2659928798675537
1.24105966091156
1.2884916067123413
1.2250258922576904
1.230099081993103
1.173392415046692
1.3049311637878418
1.2930147647857666
1.2408428192138672
1.2243990898132324
1.2606756687164307
1.259427547454834
1.2250319719314575
1.237066626548767
1.2621703147888184
1.1928393840789795
1.3039332628250122
1.2705724239349365
1.2448734045028687
1.164124608039856
1.2511427402496338
1.1638129949569702
1.2659894227981567
1.1536256074905396
1.1124619245529175
1.220107078552246
1.2191931009292603
1.2225886583328247
1.1451550722122192
1.236046314239502
1.2612155675888062
1.2208434343338013
1.2750327587127686
1.317427635192871
1.2035348415374756
1.3310595750808716
1.2655760049819946
1.3201713562011719
1.245683193206787
1.1261192560195923
1.2046605348587036
1.2564386129379272
1.2860361337661743
1.2858530282974243
1.2434790134429932
1.2185379266738892
1.2080843448638916
1.2435967922210693
1.1904505491256714
1.213878870010376
1.2236517667770386
1.1944659948349
1.2416648864746094
1.214509129524231
1.2142030000686646
1.2482761144638062
1.2027671337127686
1.2708945274353027
1.2206370830535889
1.2109720706939697
1.2316757440567017
1.2380149364471436
1.280992865562439
1.2363191843032837
1.2075331211090088
1.2126829624176025
1.2244656085968018
1.1294865608215332
1.1400738954544067
1.1451343297958374
1.1224559545516968
1.3244366645812988
1.2138363122940063
1.2200654745101929
1.1992276906967163
1.197852611541748
1.2309885025024414
1.332072138786316
1.2904447317123413
1.2147120237350464
1.2364767789840698
1.2845479249954224
1.2157164812088013
1.2663482427597046
1.2173959016799927
1.2335357666015625
1.2397212982177734
1.1745104789733887
1.2158831357955933
1.317950963973999
1.2342100143432617
1.237022042274475
1.195450782775879
1.191144347190857
1.2118515968322754
1.2201260328292847
1.2479441165924072
1.2088643312454224
1.2077345848083496
1.1990642547607422
1.1963952779769897
1.264998435974121
1.2554361820220947
1.2186695337295532
1.2462836503982544
1.1831254959106445
1.2268435955047607
1.1637235879898071
1.2263120412826538
1.3081103563308716
1.1719053983688354
1.2827582359313965
1.2668037414550781
1.337455153465271
1.2351588010787964
1.210026502609253
1.2309651374816895
1.1618778705596924
1.2793407440185547
1.2342194318771362
1.2658461332321167
1.2707345485687256
1.2052175998687744
1.2380322217941284
1.2163280248641968
1.2896077632904053
1.1755808591842651
1.2144887447357178
1.230362057685852
1.238576889038086
1.2377985715866089
1.2168824672698975
1.2379897832870483
1.217705249786377
1.1973334550857544
1.2149629592895508
1.2456461191177368
1.1642783880233765
1.0951038599014282
1.2100943326950073
1.159488558769226
1.2160460948944092
1.1950138807296753
1.168611764907837
1.1599286794662476
1.1789289712905884
1.1606793403625488
1.2270443439483643
1.1812242269515991
1.247185468673706
1.2751109600067139
1.1584694385528564
1.2148263454437256
1.1860188245773315
1.2010754346847534
1.1678862571716309
1.2344577312469482
1.2592995166778564
1.236099123954773
1.1762640476226807
1.2094370126724243
1.1919561624526978
1.222801685333252
1.1679803133010864
1.2070159912109375
1.1440459489822388
1.1647261381149292
1.2451422214508057
1.1786534786224365
1.203207015991211
1.2097837924957275
1.1898342370986938
1.2065509557724
1.262197732925415
1.256156086921692
1.2033512592315674
1.2391988039016724
1.1573481559753418
1.1958611011505127
1.1856913566589355
1.1317694187164307
1.2074472904205322
1.2079722881317139
1.2023812532424927
1.1881846189498901
1.1627670526504517
1.054476022720337
1.1609625816345215
1.2225253582000732
1.2064027786254883
1.2473342418670654
1.2179865837097168
1.2738356590270996
1.172501802444458
1.1176364421844482
1.2407779693603516
1.1418712139129639
1.2419557571411133
1.1787834167480469
1.1441826820373535
1.1897460222244263
1.205726146697998
1.22402024269104
1.1590527296066284
1.160607099533081
1.2466003894805908
1.1844745874404907
1.1678181886672974
1.1717811822891235
1.2411072254180908
1.1405003070831299
1.1159082651138306
1.225583791732788
1.1817597150802612
1.16316556930542
1.151933193206787
1.220018982887268
1.232382893562317
1.1622066497802734
1.1342257261276245
1.113301157951355
1.210239052772522
1.1610331535339355
1.1735587120056152
1.2052040100097656
1.2006683349609375
1.2629142999649048
1.211531639099121
1.2276891469955444
1.1035503149032593
1.1759953498840332
1.1196855306625366
1.2072288990020752
1.1924138069152832
1.1825196743011475
1.207950472831726
1.1853981018066406
1.2733113765716553
1.2464207410812378
1.1724282503128052
1.177440881729126
1.177671194076538
1.1777534484863281
1.0938971042633057
1.1611855030059814
1.153956651687622
1.2607994079589844
1.1705058813095093
1.1035314798355103
1.221187949180603
1.217943787574768
1.196199655532837
1.0758792161941528
1.277268886566162
1.1507172584533691
1.174244999885559
1.1886705160140991
1.0307989120483398
1.2375062704086304
1.2313053607940674
1.2497515678405762
1.2003507614135742
1.254378318786621
1.2098844051361084
1.1688190698623657
1.156093716621399
1.176184892654419
1.1519867181777954
1.1138275861740112
1.2596641778945923
1.037814974784851
1.1792712211608887
1.1838492155075073
1.2182209491729736
1.2177878618240356
1.1824671030044556
1.1793208122253418
1.097694993019104
1.1773598194122314
1.1560587882995605
1.2120853662490845
1.2418311834335327
1.1632949113845825
1.2126444578170776
1.1777375936508179
1.116906762123108
1.187549114227295
1.2117069959640503
1.2184028625488281
1.230144739151001
