431.3682556152344
430.52471923828125
443.530029296875
465.44171142578125
459.8789978027344
466.258056640625
520.140625
529.0584716796875
545.8496704101562
563.5082397460938
591.1572265625
636.1609497070312
677.3739624023438
739.7535400390625
786.4423217773438
878.4716796875
856.4933471679688
1045.292236328125
1028.7625732421875
1186.2271728515625
1161.74658203125
1211.998046875
1416.162109375
1322.522216796875
1178.3304443359375
1243.0828857421875
1207.705322265625
1386.55615234375
1441.531494140625
1322.5745849609375
783.4314575195312
792.4198608398438
411.1241149902344
125.34873962402344
277.92425537109375
285.2328796386719
453.0393981933594
359.148681640625
390.9194641113281
392.3577880859375
288.0703430175781
244.09780883789062
206.42147827148438
152.20748901367188
140.26754760742188
151.2050323486328
95.42620086669922
198.87567138671875
267.6618957519531
212.26016235351562
192.0690155029297
169.0974884033203
256.77423095703125
119.50125122070312
74.49530029296875
110.33746337890625
147.70144653320312
92.10607147216797
166.76181030273438
237.2559356689453
154.86285400390625
217.1846160888672
124.76483154296875
157.2657012939453
244.87403869628906
321.2394714355469
206.82052612304688
47.65268325805664
48.650001525878906
193.57159423828125
236.07826232910156
277.214599609375
202.3200225830078
70.79791259765625
68.51405334472656
85.39710998535156
85.78955841064453
57.99919509887695
55.29456329345703
499.5789489746094
55.22138977050781
176.9993896484375
276.0417175292969
103.88352966308594
63.74100875854492
126.12598419189453
44.688438415527344
92.2334976196289
83.5813217163086
42.79768371582031
91.03501892089844
36.81492614746094
148.09771728515625
56.7559814453125
43.31218338012695
30.14034080505371
72.5350341796875
229.9404754638672
229.06387329101562
161.212646484375
33.7462158203125
65.71484375
56.946468353271484
60.98847198486328
217.7383270263672
62.227169036865234
32.37783432006836
122.77336120605469
48.43696594238281
91.67704010009766
24.62520408630371
22.672931671142578
93.25899505615234
36.55631637573242
17.33065414428711
19.412546157836914
90.74221801757812
211.68336486816406
102.68236541748047
46.939266204833984
