286.45404052734375
285.0316467285156
295.520263671875
362.1494140625
418.76153564453125
545.9765014648438
699.357177734375
1012.1256103515625
1243.3453369140625
1936.8424072265625
2504.576904296875
3555.414794921875
3921.044189453125
5814.80615234375
8968.8505859375
13315.470703125
12433.8896484375
7616.326171875
2966.613525390625
1218.5152587890625
1593.9461669921875
1761.273193359375
2061.2080078125
1414.3167724609375
1738.34814453125
2439.931884765625
2245.408935546875
1207.639892578125
756.756103515625
993.5838623046875
785.93603515625
449.9825134277344
899.451416015625
568.7326049804688
455.5657958984375
704.9298095703125
543.6231079101562
572.380126953125
633.6131591796875
247.0248260498047
523.4970703125
510.8984375
457.0071105957031
459.9054870605469
205.3814239501953
456.8919677734375
293.64794921875
860.8208618164062
571.2974243164062
268.3208923339844
303.7268371582031
489.3176574707031
265.858642578125
608.9755249023438
498.6065673828125
382.45672607421875
544.372802734375
403.3690185546875
431.3536071777344
194.34339904785156
897.9859008789062
919.6240844726562
224.71653747558594
200.56309509277344
551.2060546875
243.2025146484375
197.18463134765625
537.354248046875
233.84228515625
285.2395935058594
386.8891296386719
194.8893585205078
153.39413452148438
292.3424072265625
186.35702514648438
443.4809875488281
163.96005249023438
285.5870056152344
109.16785430908203
124.8194351196289
334.0588684082031
240.8605194091797
141.85865783691406
183.82330322265625
335.8261413574219
355.63250732421875
129.1324005126953
182.9980926513672
215.0921630859375
168.91879272460938
112.49663543701172
150.9391326904297
72.8511734008789
156.7960968017578
87.65531158447266
131.10992431640625
58.34614944458008
213.8186798095703
109.71212005615234
201.4083251953125
76.01177215576172
506.4672546386719
252.6174774169922
442.28790283203125
172.1309814453125
95.16545104980469
373.02960205078125
378.6622314453125
279.9808654785156
366.0685729980469
185.84251403808594
71.95726013183594
272.76593017578125
100.41082763671875
136.82135009765625
383.385498046875
209.10203552246094
165.5480194091797
168.53683471679688
431.8743591308594
