99.84528350830078
92.73953247070312
89.18934631347656
96.82466125488281
106.59883117675781
126.68702697753906
149.17210388183594
180.4375457763672
227.5066680908203
286.8338928222656
369.0247497558594
474.7913818359375
628.642578125
861.6290283203125
1169.782958984375
1617.479248046875
1994.179931640625
2814.726318359375
4450.8125
5826.34521484375
5079.31298828125
3789.04931640625
2372.431884765625
1455.0328369140625
1155.8739013671875
1120.063720703125
1022.481201171875
727.969482421875
575.3279418945312
1102.6915283203125
1150.3507080078125
956.3594970703125
629.4672241210938
473.9943542480469
717.7882690429688
794.900146484375
735.5612182617188
496.96746826171875
371.8627624511719
479.0666809082031
844.3240966796875
735.320068359375
508.805908203125
207.39915466308594
435.2527770996094
485.2395324707031
286.3609619140625
198.01756286621094
274.9209899902344
311.117919921875
144.4293212890625
137.52598571777344
187.62396240234375
134.14547729492188
126.42375183105469
285.5231628417969
100.86412811279297
160.27012634277344
81.50677490234375
81.88938903808594
162.8927764892578
170.52882385253906
372.2109069824219
336.4329528808594
76.93960571289062
147.33847045898438
278.838623046875
320.6959228515625
175.5979461669922
222.64833068847656
191.27587890625
145.5635223388672
173.38104248046875
134.57162475585938
59.28926086425781
149.1064910888672
91.66012573242188
87.88185119628906
71.41121673583984
73.89483642578125
84.27809143066406
59.492801666259766
131.3933563232422
127.12198638916016
120.68598175048828
79.38387298583984
64.18987274169922
51.43313217163086
61.11922073364258
102.34420013427734
67.06929016113281
80.8907470703125
108.9465103149414
46.526153564453125
248.69903564453125
157.07089233398438
91.0683364868164
28.56064796447754
24.012046813964844
128.70501708984375
132.5240936279297
204.4466552734375
248.8531494140625
142.36512756347656
50.58041000366211
27.58889389038086
199.25950622558594
194.42539978027344
557.2173461914062
61.090694427490234
65.08342742919922
92.69678497314453
374.59344482421875
45.10784149169922
257.78948974609375
119.3518295288086
56.57475662231445
177.3185577392578
67.10862731933594
348.20745849609375
