65.60613250732422
65.7826919555664
68.05748748779297
69.57295989990234
72.42568969726562
76.89810943603516
88.63117980957031
102.75847625732422
115.82601165771484
137.65821838378906
149.21450805664062
181.4956512451172
227.86135864257812
262.2115783691406
335.59423828125
399.1029968261719
486.4819030761719
582.255126953125
717.816162109375
840.9470825195312
959.0140380859375
1154.9244384765625
1141.41455078125
1364.59033203125
1335.1024169921875
1651.4573974609375
1890.3187255859375
2051.125
2093.172607421875
1821.013916015625
1507.836181640625
1301.0069580078125
885.0455322265625
589.2761840820312
440.4554748535156
449.86572265625
339.78985595703125
275.6729736328125
260.8824157714844
253.2552490234375
354.59136962890625
515.4366455078125
358.2085876464844
372.6059875488281
323.80169677734375
246.72012329101562
211.59799194335938
180.30015563964844
208.8746795654297
154.5543670654297
312.095947265625
232.8819580078125
205.46961975097656
113.12808227539062
105.34324645996094
356.15032958984375
262.67767333984375
331.5740051269531
215.9722900390625
132.8282928466797
248.55718994140625
170.00588989257812
144.87677001953125
116.5819091796875
54.04484176635742
60.79841995239258
183.3772735595703
84.8526611328125
108.71902465820312
88.08189392089844
70.76358795166016
49.95823669433594
208.62535095214844
129.94833374023438
63.482025146484375
124.61039733886719
137.55335998535156
50.61899185180664
131.86415100097656
245.9396209716797
165.42727661132812
181.94882202148438
59.99066162109375
114.8934097290039
139.17681884765625
220.9867706298828
163.8974609375
127.01358795166016
52.157676696777344
41.52114486694336
52.99839782714844
373.65020751953125
329.106201171875
212.31124877929688
335.4990234375
85.73530578613281
48.50103759765625
46.84128189086914
31.189071655273438
80.52838134765625
36.23735427856445
224.479248046875
73.263427734375
202.5100860595703
88.8073959350586
91.64019012451172
71.76861572265625
177.63357543945312
56.22393035888672
231.73397827148438
94.20469665527344
40.475975036621094
16.038175582885742
198.63320922851562
48.86408615112305
93.8319091796875
28.239612579345703
49.98208236694336
12.386974334716797
138.3057403564453
