136.84317016601562
133.775390625
129.79196166992188
119.58174896240234
118.82377624511719
103.94647216796875
99.78338623046875
89.32842254638672
82.01335906982422
67.73552703857422
44.27445602416992
31.65336799621582
41.884952545166016
42.214569091796875
39.85597229003906
39.95960235595703
28.92852020263672
23.041166305541992
25.3206729888916
30.51542091369629
24.21029281616211
17.5267276763916
19.400602340698242
24.137357711791992
30.727426528930664
25.82613182067871
17.155223846435547
19.595190048217773
18.304912567138672
20.55070686340332
19.25145721435547
16.96976661682129
17.76331901550293
16.245311737060547
21.866310119628906
17.852638244628906
19.16929054260254
17.018522262573242
19.73002815246582
20.78489112854004
16.16451644897461
18.28327178955078
15.889388084411621
11.950176239013672
18.529714584350586
13.485396385192871
20.646350860595703
11.553081512451172
15.498759269714355
12.208205223083496
15.629981994628906
19.4036922454834
18.383546829223633
15.417903900146484
14.679851531982422
14.593182563781738
14.410987854003906
15.779348373413086
12.985469818115234
13.407567977905273
16.190441131591797
15.778690338134766
12.269488334655762
13.402139663696289
10.752346992492676
9.986541748046875
13.129230499267578
10.71833610534668
19.077789306640625
15.148666381835938
9.14101791381836
9.491567611694336
14.720888137817383
15.247695922851562
13.562751770019531
14.570765495300293
20.941787719726562
10.495859146118164
16.313861846923828
8.595505714416504
11.63877010345459
13.098043441772461
12.5295991897583
18.976123809814453
16.129371643066406
14.87198257446289
14.509941101074219
11.691493034362793
14.182868003845215
10.339471817016602
11.67314338684082
14.817328453063965
13.452384948730469
12.281628608703613
18.8553524017334
12.11331558227539
9.191366195678711
16.44133186340332
13.029054641723633
11.258612632751465
11.800203323364258
12.839090347290039
16.45808982849121
17.43914222717285
18.823150634765625
12.957146644592285
12.278282165527344
13.862262725830078
10.182578086853027
13.688471794128418
12.718461990356445
11.11475658416748
17.4859561920166
11.131001472473145
12.399530410766602
11.911405563354492
14.478026390075684
9.516327857971191
11.272083282470703
7.044657230377197
