129.99842834472656
130.28060913085938
132.47618103027344
146.19573974609375
151.67962646484375
168.87425231933594
183.12872314453125
211.46929931640625
218.56117248535156
268.2216796875
287.91119384765625
342.5786437988281
352.6759338378906
425.2645263671875
470.5220031738281
514.490234375
543.7559204101562
618.4097290039062
645.5071411132812
699.1514892578125
720.348388671875
757.9244384765625
863.2835083007812
826.7168579101562
892.9644165039062
871.1741943359375
891.5675659179688
881.0357055664062
872.5565795898438
851.7582397460938
812.425048828125
741.580322265625
673.2872314453125
619.48681640625
472.9771728515625
428.442138671875
338.7292175292969
347.6559143066406
361.495361328125
325.1820373535156
315.5406494140625
291.73846435546875
371.1865234375
297.7382507324219
310.09521484375
227.18853759765625
232.1087188720703
236.0853729248047
213.09799194335938
231.2700653076172
211.04522705078125
249.9060516357422
234.24832153320312
187.19361877441406
206.6094970703125
123.72525024414062
195.46177673339844
100.60611724853516
128.61285400390625
96.53816223144531
190.95945739746094
211.15582275390625
76.11911010742188
63.64260482788086
85.65641021728516
30.843942642211914
121.86438751220703
62.840763092041016
94.95475006103516
129.32020568847656
157.90963745117188
84.61443328857422
91.66647338867188
44.806488037109375
52.13262176513672
58.28706359863281
75.9933853149414
95.90061950683594
26.024198532104492
44.894630432128906
22.391990661621094
42.317317962646484
24.16360092163086
22.395906448364258
29.333805084228516
37.77886962890625
35.275081634521484
84.23865509033203
50.749900817871094
63.94700241088867
44.2666130065918
55.73084259033203
43.88497543334961
24.177106857299805
41.082332611083984
44.88555908203125
19.667490005493164
60.521728515625
17.722457885742188
71.21208953857422
83.22959899902344
32.74181365966797
66.54685974121094
43.13532638549805
35.13296890258789
7.312103271484375
88.60430145263672
47.116485595703125
25.769065856933594
53.99189376831055
9.951959609985352
5.2810444831848145
35.91059112548828
31.196264266967773
32.165584564208984
73.9221420288086
29.467998504638672
51.91459274291992
10.649653434753418
193.260009765625
