136.2934112548828
140.38455200195312
137.3876190185547
134.19448852539062
134.58192443847656
127.23641204833984
135.45811462402344
138.10902404785156
138.2087860107422
134.59451293945312
129.577880859375
128.44654846191406
126.69367218017578
127.49153137207031
121.244140625
108.74398803710938
97.79515075683594
87.27713012695312
79.9689712524414
63.2667350769043
55.3950309753418
50.35515594482422
58.06385803222656
56.1587028503418
61.4284553527832
50.730648040771484
37.59392166137695
25.881710052490234
19.199329376220703
22.580141067504883
20.013288497924805
27.850421905517578
18.907251358032227
16.570201873779297
19.92723846435547
20.266353607177734
20.281391143798828
21.0631160736084
17.288448333740234
21.009180068969727
16.16956901550293
17.502946853637695
17.380123138427734
14.73931884765625
12.201662063598633
15.708427429199219
19.78125762939453
16.090560913085938
13.4212064743042
11.596034049987793
21.379308700561523
15.462337493896484
17.00258445739746
15.856995582580566
15.7637357711792
11.161349296569824
17.779003143310547
9.733482360839844
13.547599792480469
14.406865119934082
14.00719928741455
10.166805267333984
16.190950393676758
9.942782402038574
11.601259231567383
13.871472358703613
9.641587257385254
16.327720642089844
16.510730743408203
11.733087539672852
16.558177947998047
13.529633522033691
15.792115211486816
15.389490127563477
11.387406349182129
8.769800186157227
10.161355972290039
10.902619361877441
12.157563209533691
9.427567481994629
15.831149101257324
12.145830154418945
12.32988452911377
15.534829139709473
11.095749855041504
10.01583194732666
11.905632972717285
15.221107482910156
10.52329158782959
11.794876098632812
8.303668022155762
15.80610179901123
16.426105499267578
10.845157623291016
15.016630172729492
13.512125968933105
10.610487937927246
10.976091384887695
13.421944618225098
16.264726638793945
13.634683609008789
10.840507507324219
13.750558853149414
8.90212345123291
8.383700370788574
10.112263679504395
10.16175651550293
12.066015243530273
9.568611145019531
15.813614845275879
14.73167896270752
8.437098503112793
10.681206703186035
13.484475135803223
9.4485502243042
11.9738187789917
10.892679214477539
11.020042419433594
11.66958999633789
5.737951278686523
