1939.32080078125
1985.6513671875
1914.8602294921875
2018.7958984375
1902.606201171875
2111.4404296875
2120.557373046875
2184.8759765625
2338.355224609375
2391.90576171875
2278.064453125
2551.554931640625
2454.58056640625
2435.083984375
2911.82421875
2563.328857421875
2208.741455078125
1853.344970703125
1406.4906005859375
1973.3765869140625
2664.933349609375
2594.64794921875
2720.770751953125
2199.560791015625
1735.5748291015625
1261.0106201171875
1042.589599609375
896.6921997070312
940.0003051757812
759.616455078125
753.395751953125
733.4431762695312
368.05419921875
376.1263427734375
862.561279296875
765.1589965820312
660.3772583007812
430.6716003417969
281.0476379394531
135.78231811523438
220.55828857421875
190.3909454345703
185.4366455078125
452.5918273925781
191.76211547851562
238.28956604003906
201.8811798095703
220.3898162841797
337.3032531738281
181.0875701904297
225.66644287109375
284.5014953613281
219.45858764648438
508.5509948730469
186.05740356445312
148.7788848876953
372.3708190917969
351.92431640625
223.88833618164062
136.8599853515625
103.32376861572266
247.6678466796875
109.09680938720703
225.52340698242188
123.62781524658203
155.0054168701172
312.35699462890625
164.37319946289062
220.6540069580078
202.01235961914062
200.1238555908203
130.93753051757812
191.82183837890625
184.04632568359375
147.685302734375
60.26360321044922
135.54217529296875
172.63616943359375
121.41771697998047
503.2309875488281
180.08206176757812
245.82594299316406
136.55484008789062
97.10543823242188
41.62409973144531
129.1943817138672
213.92471313476562
206.53440856933594
148.2162628173828
408.5461120605469
98.24424743652344
126.43119049072266
53.84271240234375
30.64145851135254
207.06080627441406
252.35206604003906
306.89080810546875
334.5286560058594
442.5074462890625
344.6449890136719
215.37503051757812
270.9377136230469
87.05337524414062
100.63554382324219
210.60784912109375
279.819091796875
246.73846435546875
303.2135314941406
347.4991455078125
134.87904357910156
258.7642517089844
77.62788391113281
177.01177978515625
137.11697387695312
39.08189392089844
78.9875717163086
84.26229095458984
76.52265167236328
96.42755889892578
154.56036376953125
