1368.0145263671875
1429.3271484375
1419.6790771484375
1477.0081787109375
1523.3311767578125
1581.254150390625
1756.4638671875
1779.3057861328125
1920.7086181640625
1913.0555419921875
2076.393310546875
2208.2431640625
1991.5546875
2196.647705078125
2288.777587890625
2439.642822265625
2316.34521484375
2114.929931640625
1926.28564453125
1652.97119140625
1173.4632568359375
778.0906372070312
720.0601806640625
997.6507568359375
1673.1070556640625
1743.361572265625
1740.61865234375
1708.0247802734375
1507.584716796875
1438.2197265625
1144.554443359375
673.59228515625
468.5054626464844
383.9386291503906
649.4205932617188
405.97467041015625
546.329345703125
542.4010009765625
589.0136108398438
520.9439697265625
484.8428039550781
487.2850646972656
368.88092041015625
291.8449401855469
328.162109375
120.09352111816406
248.6824951171875
268.678466796875
313.779296875
260.1509704589844
172.83287048339844
198.2710418701172
129.45359802246094
147.1095733642578
290.6860656738281
216.77410888671875
140.02688598632812
150.75601196289062
148.9285888671875
81.06008911132812
232.33926391601562
245.6175994873047
151.26275634765625
191.9832305908203
146.10723876953125
193.00946044921875
108.18017578125
204.45455932617188
183.77032470703125
99.9758529663086
151.14479064941406
170.69850158691406
89.8493881225586
55.31270217895508
138.9663543701172
85.78607177734375
149.53140258789062
84.05833435058594
85.85173797607422
647.1932373046875
205.05572509765625
214.64524841308594
168.22488403320312
127.95362091064453
71.7357406616211
86.5054931640625
101.99725341796875
134.32366943359375
118.01644897460938
42.999454498291016
133.66220092773438
225.7350616455078
211.88241577148438
159.89907836914062
58.57891845703125
145.20008850097656
165.1888885498047
67.15270233154297
185.68411254882812
169.5039520263672
77.87229919433594
37.634578704833984
180.46270751953125
220.1288299560547
69.85460662841797
85.4032211303711
124.63302612304688
47.6478385925293
90.21294403076172
101.98206329345703
158.41494750976562
156.55775451660156
49.91542053222656
26.54433822631836
339.66192626953125
58.70029067993164
231.2411651611328
73.58206176757812
47.127132415771484
66.19630432128906
