220.35626220703125
230.6370849609375
237.61419677734375
244.77989196777344
269.5689392089844
300.30548095703125
339.4869079589844
395.86328125
461.9765319824219
552.9600830078125
665.6368408203125
804.6921997070312
980.972900390625
1174.9061279296875
1395.070068359375
1642.0328369140625
1863.5712890625
2102.30517578125
2337.82861328125
2507.851318359375
2571.35302734375
2539.02490234375
2253.14208984375
1799.0902099609375
1712.1171875
2563.020751953125
3391.90478515625
3884.858154296875
3893.806396484375
3649.455078125
2875.001953125
2074.033203125
1332.234375
911.4366455078125
881.7900390625
986.3330688476562
1087.0565185546875
1052.103515625
975.9065551757812
735.0035400390625
477.1236572265625
390.7118835449219
482.0398254394531
561.6234130859375
385.3254089355469
303.1467590332031
377.1734619140625
396.6269226074219
412.3258361816406
338.1073913574219
196.11492919921875
176.81204223632812
195.1111602783203
192.92333984375
161.92926025390625
137.03021240234375
180.4550018310547
179.77752685546875
147.9418487548828
87.30632781982422
86.87786102294922
72.23336029052734
56.348392486572266
95.63999938964844
65.71461486816406
134.44113159179688
132.41282653808594
67.42427825927734
66.7798843383789
52.178001403808594
187.37139892578125
176.9527587890625
97.7723159790039
104.32622528076172
90.1192855834961
66.3567123413086
58.51886749267578
36.8648567199707
64.96797180175781
44.09157180786133
38.12367248535156
63.44047546386719
54.945343017578125
56.17362594604492
23.924299240112305
44.29410171508789
95.82777404785156
90.87474822998047
56.0639762878418
32.54698944091797
61.726070404052734
45.204833984375
83.1747817993164
