136.20950317382812
130.29908752441406
137.2213592529297
137.26382446289062
133.1681365966797
129.4181671142578
136.21971130371094
131.62924194335938
135.03163146972656
129.41944885253906
125.00366973876953
122.56938171386719
121.4811019897461
111.22447967529297
105.13676452636719
99.46607971191406
82.21487426757812
79.42362213134766
64.71676635742188
54.9219970703125
47.641448974609375
39.33589172363281
28.1640625
33.780643463134766
42.18210220336914
33.927146911621094
29.19489288330078
27.625059127807617
19.104692459106445
22.32513427734375
12.35893440246582
17.720836639404297
16.573911666870117
23.299488067626953
13.116005897521973
19.50132179260254
12.107245445251465
19.993511199951172
17.5101261138916
11.092266082763672
17.99128532409668
20.48377799987793
15.246655464172363
18.585107803344727
18.521827697753906
16.61400032043457
15.286069869995117
12.882142066955566
10.4490327835083
12.958823204040527
11.696247100830078
14.120442390441895
13.252613067626953
12.072820663452148
11.510865211486816
16.631059646606445
17.4112548828125
14.734225273132324
18.465770721435547
12.529048919677734
14.564631462097168
10.63575267791748
10.800682067871094
11.20846176147461
14.57913875579834
14.920964241027832
15.26000690460205
12.161988258361816
14.519207000732422
11.268284797668457
8.877002716064453
13.62112045288086
12.541603088378906
14.376251220703125
15.282959938049316
13.697112083435059
12.439895629882812
10.390563011169434
9.066542625427246
18.261606216430664
10.742247581481934
13.579166412353516
15.035040855407715
10.390591621398926
12.480088233947754
10.137046813964844
13.720773696899414
9.99155044555664
14.563729286193848
14.191617965698242
9.739884376525879
15.890081405639648
16.910985946655273
12.729911804199219
12.085474967956543
10.889667510986328
14.151183128356934
11.751606941223145
11.035252571105957
11.037749290466309
13.781051635742188
12.566289901733398
19.180824279785156
14.727930068969727
9.174175262451172
13.769118309020996
10.548599243164062
10.490833282470703
14.074429512023926
11.798320770263672
8.665658950805664
8.18093204498291
12.094033241271973
11.581332206726074
8.831713676452637
8.393596649169922
11.925946235656738
18.81397819519043
17.287309646606445
10.006585121154785
