136.20956420898438
131.58688354492188
138.6460418701172
138.97360229492188
135.18475341796875
131.9465789794922
139.72669982910156
136.04759216308594
140.72247314453125
136.67591857910156
134.3875274658203
135.13072204589844
137.81277465820312
132.83892822265625
132.86187744140625
136.06478881835938
123.89567565917969
138.31907653808594
128.8123779296875
136.89712524414062
133.3866729736328
133.7646026611328
140.44830322265625
133.05157470703125
124.9145736694336
132.31283569335938
133.0457000732422
130.4248809814453
132.47860717773438
125.81546020507812
134.12814331054688
124.31499481201172
131.03089904785156
130.83433532714844
127.73944091796875
121.07610321044922
131.6136016845703
124.3377685546875
124.2689208984375
130.79864501953125
126.84280395507812
125.9295883178711
122.88257598876953
124.64411163330078
124.44058227539062
122.38182067871094
121.07537841796875
122.98957061767578
125.6896743774414
120.44322204589844
120.87928771972656
124.59553527832031
113.19692993164062
127.32276153564453
127.24163818359375
120.73233795166016
110.4791030883789
116.16570281982422
117.4968490600586
120.07237243652344
113.94942474365234
118.83487701416016
119.286865234375
115.70211029052734
111.66852569580078
112.8690185546875
113.27180480957031
115.21955108642578
109.89594268798828
116.9949722290039
114.5263442993164
116.60460662841797
114.18431854248047
109.24232482910156
107.22427368164062
105.59449005126953
114.11012268066406
115.86235809326172
117.18177032470703
101.18354034423828
113.85753631591797
111.26353454589844
104.57991027832031
108.37083435058594
108.43203735351562
113.11476135253906
107.67991638183594
111.90907287597656
101.70158386230469
105.78121948242188
108.12245178222656
104.89085388183594
101.55903625488281
105.03422546386719
103.59075164794922
103.77611541748047
97.53010559082031
110.68064880371094
110.689208984375
106.49313354492188
101.61646270751953
101.6173324584961
99.8380126953125
105.81576538085938
110.2444839477539
105.19445037841797
106.25812530517578
110.48353576660156
105.43091583251953
105.13908386230469
104.97432708740234
107.45903015136719
106.10266876220703
107.45498657226562
107.85975646972656
107.6136474609375
103.09745788574219
97.95545959472656
100.21719360351562
101.6015853881836
