128.2879180908203
144.73342895507812
118.04155731201172
143.57421875
145.5941619873047
144.1501922607422
126.72920989990234
118.2186050415039
145.7595672607422
147.0216522216797
148.9329071044922
147.74014282226562
147.3755645751953
133.243408203125
121.8243408203125
146.204833984375
133.01258850097656
152.9865264892578
128.86764526367188
143.67796325683594
139.57650756835938
99.85991668701172
142.8144073486328
148.20542907714844
150.4646759033203
133.69015502929688
143.04869079589844
138.0707244873047
153.427734375
120.96271514892578
138.88101196289062
149.69737243652344
139.18649291992188
117.62258911132812
134.9326934814453
122.42704010009766
118.63201904296875
149.22581481933594
117.8909683227539
140.54307556152344
114.8151626586914
122.64014434814453
129.75123596191406
136.55812072753906
133.99525451660156
130.4909210205078
145.00894165039062
141.05418395996094
130.88470458984375
127.52218627929688
146.47254943847656
101.0061264038086
122.66947174072266
131.8111572265625
124.55268096923828
138.86569213867188
113.31993865966797
117.0287857055664
99.10245513916016
113.4434585571289
133.65988159179688
130.89317321777344
100.21080780029297
129.42413330078125
118.77534484863281
98.95857238769531
130.76962280273438
128.1967315673828
116.94450378417969
139.0856170654297
124.92493438720703
115.43699645996094
132.25375366210938
116.44658660888672
108.44681549072266
119.13739776611328
107.04613494873047
109.46247863769531
118.84226989746094
109.74317932128906
114.0801773071289
107.62770080566406
106.34526062011719
102.49102783203125
101.26063537597656
109.25773620605469
105.17242431640625
101.50251007080078
100.69343566894531
91.710693359375
76.51587677001953
95.85706329345703
80.16019439697266
96.62361145019531
81.80322265625
86.20423889160156
74.31261444091797
80.59281158447266
90.9688491821289
90.61952209472656
72.37498474121094
84.95381164550781
65.64988708496094
70.37010192871094
62.58626937866211
63.19551467895508
73.28579711914062
63.489662170410156
50.4326286315918
49.81285095214844
62.00185012817383
48.59388732910156
58.33423614501953
43.545623779296875
48.348087310791016
44.35103225708008
35.08644104003906
39.455562591552734
35.548622131347656
32.77735137939453
30.932857513427734
37.1260871887207
33.57706832885742
29.48902130126953
30.512672424316406
24.39376449584961
23.698772430419922
25.964614868164062
19.848094940185547
22.186145782470703
22.38640785217285
20.09600257873535
19.7861270904541
21.434715270996094
19.537124633789062
29.55805206298828
19.51702117919922
20.32491683959961
19.165727615356445
30.03380584716797
18.6541805267334
27.881563186645508
27.75083351135254
18.285301208496094
27.494369506835938
27.138582229614258
17.947498321533203
16.661359786987305
15.767464637756348
15.462774276733398
24.574501037597656
16.309814453125
15.13633918762207
14.930843353271484
26.343097686767578
16.842811584472656
16.633296966552734
13.80514907836914
26.366273880004883
14.328335762023926
21.67451286315918
23.276905059814453
11.285284042358398
11.203752517700195
13.277209281921387
29.271316528320312
11.526134490966797
12.203835487365723
35.960025787353516
11.037629127502441
13.312274932861328
9.463088989257812
27.80070686340332
10.193535804748535
9.958276748657227
23.140060424804688
15.23674488067627
16.434499740600586
9.139996528625488
10.631647109985352
10.168819427490234
9.409422874450684
8.295476913452148
9.878094673156738
8.986602783203125
16.18780517578125
8.100053787231445
17.615140914916992
7.118984699249268
6.977298259735107
6.440037727355957
6.673007488250732
18.762178421020508
29.548986434936523
6.454245567321777
11.099228858947754
6.255873680114746
13.180489540100098
7.650091648101807
8.08897876739502
6.554882049560547
6.027083873748779
6.166386604309082
10.956939697265625
6.318954944610596
27.05299949645996
6.018850803375244
16.473859786987305
25.567766189575195
4.993471622467041
4.899090766906738
5.45510721206665
17.135042190551758
9.79778003692627
5.123271942138672
5.3721842765808105
6.353585720062256
17.856534957885742
7.075906753540039
5.608328342437744
16.27109718322754
20.443565368652344
29.670923233032227
8.784126281738281
23.5902099609375
5.964142322540283
14.920605659484863
6.973369121551514
20.90024757385254
7.133632659912109
7.035367012023926
6.21842622756958
6.2923054695129395
15.767600059509277
5.37657356262207
5.149195671081543
5.040513515472412
24.84508514404297
5.005363464355469
4.638396739959717
15.071435928344727
31.242918014526367
18.7078914642334
4.715385437011719
8.0487642288208
6.46132230758667
5.039267063140869
4.983148097991943
22.309965133666992
5.409360885620117
6.127020359039307
15.430420875549316
5.950237274169922
5.499055862426758
5.705465316772461
16.526885986328125
9.354402542114258
7.557983875274658
13.603236198425293
5.994722843170166
5.248935699462891
5.589874267578125
5.311411380767822
4.70070743560791
5.0145721435546875
15.846765518188477
30.148942947387695
20.356491088867188
5.274664402008057
4.686666011810303
6.979788780212402
4.991225242614746
4.565891265869141
5.4574360847473145
14.75188159942627
4.585751056671143
7.730174541473389
13.190868377685547
20.54568862915039
4.653820037841797
4.607629299163818
7.295399188995361
11.085930824279785
6.459522724151611
13.71617603302002
4.597805500030518
20.278690338134766
4.737998962402344
5.547379493713379
5.295632839202881
5.79060173034668
4.390374183654785
12.17167854309082
25.6903076171875
8.043463706970215
5.206238746643066
4.702579975128174
30.997095108032227
12.602842330932617
4.847784519195557
5.290378093719482
7.500085353851318
8.481389999389648
5.789456844329834
5.082111835479736
4.820580959320068
14.678648948669434
4.646698951721191
4.728054523468018
4.810173988342285
20.137969970703125
4.8589677810668945
14.198394775390625
26.778650283813477
7.301159381866455
25.561466217041016
17.398967742919922
4.755824565887451
11.85158634185791
19.06055450439453
5.068996429443359
6.153421401977539
6.696659088134766
15.04941463470459
6.588956356048584
5.608282566070557
5.4968695640563965
9.470914840698242
11.377567291259766
34.730377197265625
4.8705010414123535
5.275001049041748
9.309113502502441
4.668678283691406
4.708283424377441
4.6956892013549805
8.759514808654785
17.66736602783203
4.528868198394775
4.860601425170898
19.00126838684082
13.382649421691895
6.510011672973633
5.090277671813965
4.639958381652832
10.211176872253418
4.712611675262451
12.40632438659668
18.635528564453125
5.236092567443848
12.098132133483887
9.861846923828125
5.537473201751709
4.833726406097412
5.167934417724609
4.965739727020264
4.6784210205078125
28.752426147460938
4.703856468200684
4.853956699371338
12.911364555358887
4.797297954559326
19.895095825195312
4.678341865539551
11.056316375732422
10.543429374694824
10.7317533493042
5.00229024887085
30.055341720581055
5.7390875816345215
5.45352029800415
18.612018585205078
5.797352313995361
9.77635383605957
5.279114246368408
19.922399520874023
12.426675796508789
5.232435703277588
5.3726582527160645
4.446882724761963
5.110157012939453
4.477209091186523
5.280577659606934
22.453521728515625
4.6006364822387695
4.399390697479248
4.54388427734375
18.206266403198242
4.881035327911377
4.533883094787598
25.046558380126953
4.567498207092285
12.44436264038086
4.50843620300293
6.722262859344482
11.900428771972656
15.068885803222656
4.969640731811523
5.806879997253418
5.077966213226318
14.777935028076172
5.579676151275635
7.346737861633301
4.958578109741211
22.832622528076172
4.66015625
10.792669296264648
19.998207092285156
10.41451358795166
16.46868324279785
5.751737117767334
4.85086727142334
5.588336944580078
7.8492112159729
5.650428771972656
7.9568657875061035
4.734167575836182
14.330811500549316
4.7503886222839355
18.406064987182617
4.313514709472656
18.908212661743164
19.666011810302734
14.751471519470215
4.560165882110596
6.12346076965332
14.228172302246094
6.423182010650635
7.683160781860352
4.9362664222717285
5.741226673126221
4.974099159240723
5.45398473739624
16.490055084228516
5.828323841094971
4.808207035064697
8.463582038879395
5.076903343200684
5.243290424346924
4.616866588592529
4.534415245056152
15.92696475982666
5.820104598999023
4.496613025665283
4.321420192718506
10.065263748168945
27.410593032836914
10.553810119628906
4.661595344543457
4.763073921203613
4.7831711769104
17.749629974365234
5.3287434577941895
4.988114356994629
5.39747953414917
9.527325630187988
14.638017654418945
15.857634544372559
11.69766902923584
5.250544548034668
5.0224480628967285
28.164073944091797
6.666060924530029
17.536914825439453
5.473204612731934
10.274555206298828
8.527653694152832
5.916050910949707
9.769025802612305
5.638136386871338
15.94300365447998
27.1168155670166
4.828836441040039
5.638053894042969
4.530792236328125
5.076890468597412
4.853874206542969
6.128362655639648
4.2796525955200195
21.6535701751709
4.541505813598633
23.8101863861084
11.47426986694336
5.166135787963867
4.462634563446045
4.83081579208374
8.722105026245117
4.788719654083252
4.3852691650390625
4.587657451629639
4.518982410430908
6.965426921844482
5.400302410125732
4.469348430633545
31.41645622253418
8.609209060668945
15.476116180419922
19.355728149414062
13.271312713623047
14.550491333007812
13.30527114868164
5.836147308349609
6.2149577140808105
6.3275299072265625
9.797966003417969
7.609445095062256
17.413278579711914
10.078930854797363
6.121196746826172
7.618525981903076
21.49421501159668
11.797322273254395
23.432573318481445
5.211488723754883
15.598040580749512
13.209376335144043
15.350332260131836
6.8051438331604
15.086767196655273
15.743545532226562
5.18202018737793
6.162797927856445
16.91705322265625
16.40233039855957
5.692841529846191
6.475146770477295
5.907840728759766
26.581180572509766
6.158478260040283
12.229899406433105
7.4740376472473145
17.033790588378906
16.83514404296875
5.508203983306885
5.515399932861328
6.785671710968018
15.303460121154785
30.215681076049805
11.953219413757324
9.08399772644043
8.822750091552734
19.12375831604004
10.40056324005127
5.686061859130859
8.389909744262695
5.35982084274292
7.264524936676025
6.880612850189209
8.45578384399414
5.472159385681152
7.2803239822387695
6.97897481918335
5.13445520401001
5.442922115325928
5.157773494720459
4.67703914642334
5.452645778656006
6.403013229370117
38.22195053100586
15.349370002746582
4.474893569946289
15.014639854431152
5.011406898498535
4.6370158195495605
5.013237476348877
4.321920871734619
24.55961036682129
4.489729881286621
4.593677520751953
4.490565776824951
4.525956630706787
4.836415767669678
5.691681861877441
4.963647842407227
7.657124042510986
9.414970397949219
25.885093688964844
4.4796624183654785
17.3684024810791
4.517708778381348
4.7356486320495605
6.218653202056885
4.390444755554199
4.385069370269775
4.804620265960693
8.635575294494629
18.51408576965332
11.412032127380371
4.407031059265137
6.622247695922852
8.258851051330566
20.871522903442383
10.720243453979492
18.752866744995117
5.251455783843994
4.663992404937744
6.829950332641602
4.896521091461182
25.299518585205078
4.974420547485352
17.954160690307617
5.770447731018066
4.890221118927002
19.169504165649414
9.06386947631836
4.910858154296875
14.000053405761719
5.954215049743652
5.226239204406738
5.401880264282227
4.939187526702881
6.264962196350098
22.38785171508789
5.000296115875244
4.886198043823242
10.3717622756958
7.573086261749268
9.005441665649414
6.173641204833984
10.203134536743164
24.89092445373535
6.572001934051514
15.013472557067871
6.896734714508057
5.081661701202393
5.576079845428467
6.463496208190918
5.341428279876709
5.839146137237549
6.168665409088135
5.067224025726318
5.67105770111084
4.513949394226074
4.861904144287109
4.37008810043335
16.576383590698242
9.189002990722656
7.634849548339844
14.273398399353027
4.599328517913818
14.643314361572266
12.84288215637207
51.450870513916016
18.984956741333008
4.9902663230896
10.544950485229492
4.795998573303223
10.77628231048584
5.534969329833984
4.839878559112549
5.669377326965332
11.180826187133789
4.758309364318848
6.511384010314941
6.040314674377441
5.758577346801758
8.283774375915527
4.27556848526001
4.565878868103027
5.1849260330200195
14.22900390625
5.046413898468018
5.509207725524902
17.04500389099121
4.598210334777832
4.629857540130615
4.838127613067627
15.700105667114258
15.66403865814209
20.73750877380371
27.708620071411133
4.750033378601074
17.307025909423828
4.861232280731201
14.295635223388672
5.943731307983398
9.948370933532715
7.242598056793213
11.468600273132324
33.56001663208008
6.423544883728027
5.973917007446289
5.561941623687744
11.864325523376465
8.34477710723877
5.539361476898193
16.35614585876465
5.835439682006836
7.389751434326172
17.91179084777832
5.223574638366699
4.77653169631958
4.6824493408203125
10.11747932434082
4.71165657043457
22.53945541381836
11.503044128417969
16.668678283691406
14.4920015335083
5.221641540527344
4.3093695640563965
5.458514213562012
4.655459403991699
5.555734157562256
4.8266143798828125
13.16234302520752
4.414461135864258
4.714306354522705
4.875037670135498
6.097962856292725
7.795629501342773
18.064210891723633
17.076147079467773
4.290279388427734
23.543420791625977
4.577991962432861
10.731792449951172
12.948173522949219
4.686657428741455
15.96196174621582
18.643875122070312
15.569465637207031
22.886491775512695
6.6454033851623535
21.047927856445312
5.979511737823486
8.833813667297363
5.717765808105469
8.83492660522461
11.40780258178711
20.34229278564453
9.109424591064453
6.065859317779541
16.54904556274414
17.96204948425293
5.4971723556518555
5.204343318939209
5.2938947677612305
4.722805500030518
5.02103853225708
9.116809844970703
19.522823333740234
12.483940124511719
6.743891716003418
4.6498494148254395
4.997524738311768
4.656466484069824
8.005755424499512
4.88668155670166
4.926589488983154
4.4817681312561035
4.564167499542236
9.956560134887695
17.434772491455078
4.534915924072266
4.744769096374512
4.769826412200928
5.147240161895752
4.517309665679932
4.599054336547852
5.839639663696289
4.210995674133301
5.044125556945801
14.831977844238281
5.013491630554199
4.433436393737793
7.598286151885986
7.003854274749756
4.694320201873779
5.460189342498779
11.88755989074707
4.6311869621276855
6.430785179138184
6.428441047668457
4.990115165710449
4.860144138336182
11.578810691833496
10.35556697845459
5.137027263641357
27.499914169311523
5.242825508117676
8.534595489501953
11.598052024841309
4.797871112823486
13.83122730255127
20.263944625854492
5.5063796043396
5.270916938781738
5.164986610412598
5.052842617034912
5.177009582519531
11.473008155822754
4.806495666503906
8.550621032714844
27.184463500976562
4.77047872543335
4.919058799743652
11.608243942260742
9.641234397888184
16.613672256469727
4.892479419708252
4.851545333862305
14.640466690063477
4.729898452758789
4.580241680145264
5.216244697570801
4.295594215393066
23.06865692138672
15.285962104797363
4.583643436431885
4.799302101135254
4.89184045791626
15.30158805847168
4.513644218444824
22.233074188232422
19.131181716918945
4.788660049438477
4.614878177642822
7.946438312530518
4.257241249084473
15.921613693237305
4.774691104888916
5.001765251159668
25.23508644104004
4.39659309387207
17.239748001098633
4.461418151855469
4.4028639793396
5.852556228637695
4.461631774902344
9.382268905639648
11.658467292785645
11.78963565826416
5.589051723480225
4.739091873168945
4.799308776855469
16.242218017578125
4.566133499145508
5.750133037567139
4.764943599700928
9.028392791748047
17.270023345947266
5.663017272949219
5.717803001403809
17.58348846435547
18.354265213012695
5.439868927001953
4.723249435424805
17.064830780029297
5.268142223358154
18.7265625
13.814128875732422
7.648358345031738
25.431501388549805
19.061241149902344
4.671915054321289
4.670231342315674
4.852830410003662
32.474273681640625
8.647561073303223
4.647849082946777
4.636546611785889
5.656313896179199
5.087954998016357
8.150406837463379
12.198038101196289
5.169741630554199
4.442155838012695
5.14872407913208
11.265355110168457
13.885445594787598
10.241081237792969
4.433841228485107
6.152141094207764
5.118393898010254
4.264305114746094
4.78465461730957
4.479616641998291
6.139135837554932
14.626646041870117
4.2709059715271
4.765944957733154
5.099184989929199
9.406094551086426
4.511424541473389
12.831507682800293
13.167841911315918
5.437536716461182
5.020779132843018
20.756908416748047
26.449735641479492
6.315540313720703
7.275197505950928
19.3705997467041
4.406274795532227
28.26579475402832
5.515778541564941
23.33598518371582
4.915113925933838
4.907944202423096
33.01287841796875
4.882946968078613
5.097926616668701
7.2970476150512695
8.257834434509277
4.514640808105469
22.69757652282715
6.077784538269043
5.951966285705566
5.618615627288818
8.670618057250977
13.194503784179688
4.7911601066589355
26.64383888244629
5.183149814605713
4.674107551574707
11.190417289733887
4.25445556640625
4.524059772491455
4.6110687255859375
16.882095336914062
26.12237548828125
4.788364410400391
12.479475021362305
6.541624546051025
4.484715938568115
18.606115341186523
4.4559407234191895
5.023690700531006
14.614622116088867
5.237880229949951
13.852845191955566
8.197366714477539
5.239386081695557
23.788143157958984
4.855654716491699
16.724435806274414
4.640020847320557
4.845484733581543
10.012480735778809
4.482105731964111
8.605829238891602
17.734413146972656
6.833487510681152
5.003201007843018
4.819464206695557
4.358032703399658
4.573014259338379
5.073474407196045
8.666169166564941
5.019506454467773
4.808125972747803
4.453733444213867
4.2325286865234375
4.296241760253906
4.613265514373779
4.50277042388916
4.9159321784973145
6.137778282165527
4.566924095153809
4.6101226806640625
4.725576400756836
4.526059150695801
17.855504989624023
13.924511909484863
4.913430690765381
10.170336723327637
4.246079921722412
19.189558029174805
16.88611602783203
4.355584621429443
4.939129829406738
11.86096477508545
8.333686828613281
6.755118370056152
4.637815952301025
4.333842754364014
4.340496063232422
6.628534317016602
4.909560680389404
4.957072734832764
4.379678249359131
4.914517879486084
17.86022186279297
16.986045837402344
4.624684810638428
8.429617881774902
4.405595302581787
4.8010053634643555
5.275421619415283
4.93225622177124
4.340210914611816
4.82487154006958
10.707084655761719
14.570770263671875
10.619057655334473
5.478939056396484
5.069072723388672
14.439085960388184
8.623862266540527
18.60919952392578
13.116252899169922
4.646602630615234
18.930866241455078
16.11895179748535
8.184572219848633
4.318470478057861
5.521260738372803
4.7833170890808105
16.179981231689453
11.306661605834961
16.737865447998047
7.631997585296631
16.132272720336914
4.694665908813477
4.379359722137451
11.989055633544922
5.23300313949585
4.843264579772949
4.7816643714904785
4.715327739715576
11.776217460632324
4.487730979919434
15.880913734436035
9.193014144897461
10.102691650390625
25.294410705566406
5.290050506591797
4.928819179534912
23.947402954101562
5.126074314117432
10.288602828979492
15.469435691833496
22.219480514526367
17.172103881835938
6.362460136413574
5.182832717895508
4.407987594604492
5.235823154449463
4.6089091300964355
17.078418731689453
5.357923984527588
9.894811630249023
9.86585807800293
4.937314987182617
5.022520065307617
4.956644535064697
26.763486862182617
5.830700874328613
17.355464935302734
14.569352149963379
17.755111694335938
16.7186279296875
16.163434982299805
4.97945499420166
6.723817825317383
12.830931663513184
7.722395420074463
17.75193977355957
5.973822116851807
19.03215217590332
5.2878265380859375
11.784948348999023
5.546413421630859
4.453390598297119
4.413015365600586
13.962409019470215
4.460464954376221
16.134069442749023
5.104987144470215
6.976660251617432
4.813347339630127
21.08652114868164
16.088863372802734
4.489818572998047
4.527671813964844
5.744507312774658
6.731680870056152
6.597463130950928
29.27579689025879
24.538787841796875
4.608386516571045
12.689763069152832
4.3727030754089355
4.974332332611084
6.280579566955566
4.4929046630859375
5.7938032150268555
4.827375411987305
5.021542549133301
5.3332200050354
17.465641021728516
15.240433692932129
18.87584114074707
5.011629581451416
4.83443546295166
4.582494735717773
31.3174991607666
4.754602432250977
4.592429161071777
5.878532409667969
15.43308162689209
16.099502563476562
4.661905765533447
4.482308864593506
16.96853256225586
16.09327507019043
9.984282493591309
11.096778869628906
4.567658424377441
6.059245586395264
4.415186882019043
8.002748489379883
10.673933029174805
5.627652645111084
4.2605462074279785
4.72147274017334
4.852203845977783
6.09943151473999
4.204312801361084
15.346304893493652
34.22110366821289
5.363722324371338
7.644479274749756
28.933975219726562
5.519492149353027
4.748638153076172
7.319846153259277
4.807162761688232
17.028507232666016
17.465539932250977
18.661760330200195
4.771376132965088
4.6181840896606445
4.653872489929199
26.673748016357422
5.059204578399658
6.233421325683594
5.966997146606445
4.700804710388184
6.347253799438477
15.789517402648926
4.225653648376465
5.904458522796631
5.1680779457092285
7.120849132537842
12.34791088104248
17.95114517211914
5.006394386291504
16.778240203857422
26.299251556396484
4.48161506652832
4.457525730133057
16.250097274780273
4.81914758682251
4.64392614364624
17.287425994873047
4.8305487632751465
4.578745365142822
10.650168418884277
5.057334899902344
5.9102911949157715
4.8963189125061035
8.585067749023438
4.767024993896484
4.497400760650635
4.937090873718262
19.245635986328125
6.10783052444458
4.536482334136963
6.722754001617432
4.424472808837891
12.991992950439453
22.997913360595703
4.365865707397461
5.826873302459717
