431.3682556152344
430.52471923828125
443.5294494628906
465.3970947265625
459.7567138671875
465.7085876464844
519.4073486328125
528.3229370117188
543.5215454101562
560.5214233398438
584.4878540039062
628.583740234375
666.2274169921875
724.0316162109375
765.1807861328125
851.306640625
825.0601196289062
1001.0472412109375
981.4114379882812
1126.8162841796875
1103.5904541015625
1149.7410888671875
1347.7271728515625
1277.5386962890625
1156.9285888671875
1240.290283203125
1157.98828125
1113.5450439453125
1223.434326171875
1299.48974609375
1042.9202880859375
1203.8372802734375
940.524169921875
499.621337890625
283.0284423828125
278.08465576171875
246.76356506347656
233.5347137451172
357.7348327636719
446.37567138671875
339.7032775878906
304.518798828125
299.9903564453125
254.6929168701172
281.0291442871094
336.8161315917969
277.4588928222656
132.82229614257812
56.150543212890625
85.58586883544922
121.81623077392578
173.644287109375
132.97598266601562
220.20211791992188
203.1246795654297
126.74433135986328
149.25018310546875
174.5669708251953
68.89409637451172
51.7346076965332
49.016624450683594
150.26531982421875
147.6688995361328
85.15570068359375
101.10098266601562
156.11038208007812
87.04080963134766
86.43833923339844
42.330501556396484
118.77225494384766
100.25122833251953
98.96833801269531
57.89228057861328
172.7529296875
204.59190368652344
160.75877380371094
82.01223754882812
77.53492736816406
123.94580841064453
349.14508056640625
141.05087280273438
60.55429458618164
136.72677612304688
62.0383186340332
57.83889389038086
126.2726821899414
46.58739471435547
37.38932800292969
152.6396942138672
65.3736801147461
46.66682052612305
57.64788818359375
149.8557891845703
56.054439544677734
38.4219970703125
59.272071838378906
38.96779251098633
245.83135986328125
247.89657592773438
185.5754852294922
46.316429138183594
88.4355239868164
38.19038772583008
65.57158660888672
215.66603088378906
67.14939880371094
48.12278366088867
124.52195739746094
45.81796646118164
80.76984405517578
19.804643630981445
20.590177536010742
89.36964416503906
40.87776565551758
25.177608489990234
17.195661544799805
93.8294906616211
204.51788330078125
101.58655548095703
43.647220611572266
