139.23052978515625
134.95526123046875
134.0106201171875
140.61521911621094
128.149658203125
138.4435577392578
128.20416259765625
133.0596466064453
131.88323974609375
128.99493408203125
131.1801300048828
127.40640258789062
122.07080841064453
114.80673217773438
111.73088073730469
97.90635681152344
84.06199645996094
65.97879791259766
73.97271728515625
85.28023529052734
74.86988830566406
50.27511978149414
37.14019012451172
23.986797332763672
24.606801986694336
23.958086013793945
25.73468589782715
17.946258544921875
16.931344985961914
18.772905349731445
19.162090301513672
15.173019409179688
21.071754455566406
22.488914489746094
21.288917541503906
23.661901473999023
24.986370086669922
23.361568450927734
14.474916458129883
27.5855655670166
25.224878311157227
15.902671813964844
17.37047576904297
13.102315902709961
18.072446823120117
16.495798110961914
18.716201782226562
19.607606887817383
16.595863342285156
16.296552658081055
15.749369621276855
13.583203315734863
16.604406356811523
14.95747184753418
10.68753433227539
16.62778663635254
14.727372169494629
15.89761734008789
22.28363037109375
15.662541389465332
11.47355842590332
11.05980110168457
20.67864990234375
16.589460372924805
14.130417823791504
12.9358549118042
15.58881950378418
14.859198570251465
10.460665702819824
18.318099975585938
13.336838722229004
14.020648002624512
11.247598648071289
13.651711463928223
12.03982162475586
13.416580200195312
11.782003402709961
11.00568675994873
14.092211723327637
5.264741897583008
14.079292297363281
11.558334350585938
10.259927749633789
11.081705093383789
14.808627128601074
12.545281410217285
12.239745140075684
11.323524475097656
14.399991035461426
15.171507835388184
11.924474716186523
11.232681274414062
12.380217552185059
13.891780853271484
13.770410537719727
11.9425687789917
11.025726318359375
12.617181777954102
16.13016128540039
10.498626708984375
14.522089958190918
11.172795295715332
10.52840518951416
15.578892707824707
14.345184326171875
17.000316619873047
9.329458236694336
13.16833209991455
19.054895401000977
10.437995910644531
9.323467254638672
10.15095043182373
14.101680755615234
11.913226127624512
16.616228103637695
12.968572616577148
10.938562393188477
11.925727844238281
11.796867370605469
17.283361434936523
