65.59355926513672
65.78939819335938
68.20481872558594
69.56645965576172
72.49813079833984
76.85269927978516
88.61038208007812
102.71934509277344
115.89161682128906
137.6291961669922
149.26649475097656
181.56585693359375
228.08349609375
262.17254638671875
335.36761474609375
398.5360412597656
486.84747314453125
582.5538330078125
718.349365234375
840.9908447265625
959.9470825195312
1155.938720703125
1141.433837890625
1366.3837890625
1336.030029296875
1654.9814453125
1889.4761962890625
2050.533203125
2099.134765625
1816.99267578125
1508.785888671875
1296.484375
877.5098876953125
587.29296875
440.8158264160156
448.8840026855469
338.39630126953125
268.7543640136719
251.49407958984375
255.6981658935547
368.0900573730469
521.3614501953125
357.5260925292969
371.7652893066406
326.02947998046875
250.20611572265625
214.0508575439453
183.08432006835938
205.81105041503906
151.40460205078125
317.43994140625
233.96139526367188
203.6980743408203
113.28477478027344
106.25286865234375
358.42669677734375
263.1180725097656
331.16259765625
220.1241455078125
129.95472717285156
241.92742919921875
174.16433715820312
160.9822998046875
94.6328353881836
73.25260925292969
47.70233917236328
182.1420135498047
95.60467529296875
92.98974609375
108.14118194580078
69.28614044189453
58.52262496948242
221.07705688476562
161.16285705566406
53.15829086303711
111.07147216796875
147.6534423828125
71.59722137451172
105.84162902832031
209.9381866455078
128.66122436523438
147.1333770751953
80.98677825927734
97.26048278808594
144.81480407714844
218.0645294189453
152.1471405029297
112.26417541503906
39.00016403198242
50.96711730957031
42.68147277832031
375.11871337890625
323.6889343261719
199.2267608642578
317.1235046386719
70.42880249023438
37.11106491088867
31.385053634643555
36.593021392822266
82.46940612792969
39.27620315551758
218.6180419921875
68.54364776611328
196.5017852783203
79.24858093261719
84.64999389648438
72.76103210449219
177.24673461914062
56.64502716064453
230.37338256835938
97.64332580566406
35.62026596069336
18.62734603881836
191.1387176513672
44.42977523803711
93.76335906982422
26.072629928588867
48.94092559814453
14.682780265808105
129.87448120117188
