278.3216857910156
273.1923828125
266.5687255859375
253.52122497558594
250.36961364746094
236.87815856933594
218.1589813232422
207.97125244140625
195.0360870361328
187.2954559326172
173.58433532714844
165.50401306152344
148.17950439453125
141.3008575439453
128.7719268798828
128.52981567382812
123.78112030029297
115.46118927001953
108.060546875
104.78268432617188
100.40787506103516
91.95655822753906
89.4708480834961
85.71197509765625
86.454345703125
79.21615600585938
78.14049530029297
78.5051498413086
76.65461730957031
71.08024597167969
67.24773406982422
67.11141204833984
62.19633102416992
61.426048278808594
59.15674591064453
57.43910217285156
57.0316047668457
59.48591995239258
53.15617752075195
51.701961517333984
47.73925018310547
50.60356521606445
49.42766189575195
51.86499786376953
48.831153869628906
48.29824447631836
48.192726135253906
43.88644790649414
46.45000076293945
48.22512435913086
47.338436126708984
44.31151580810547
47.08279800415039
47.056854248046875
43.884796142578125
46.711151123046875
43.04728317260742
42.119808197021484
42.49674987792969
42.910545349121094
42.60734558105469
40.97643280029297
43.436065673828125
44.52433776855469
44.783966064453125
43.62971115112305
42.22648239135742
44.743003845214844
45.46938705444336
43.094749450683594
43.72381591796875
42.756465911865234
46.39484786987305
46.030757904052734
45.75880813598633
41.58845901489258
45.15005111694336
45.89317321777344
43.24578857421875
40.361263275146484
43.54018020629883
45.171600341796875
42.08258056640625
45.884765625
43.43014907836914
43.05998611450195
44.07151794433594
44.25602722167969
43.993221282958984
42.577857971191406
42.54719161987305
44.83051300048828
44.84262466430664
42.054954528808594
46.013221740722656
43.571842193603516
44.550968170166016
46.270328521728516
44.2969970703125
43.064422607421875
42.80279541015625
45.213443756103516
45.18950271606445
43.55321502685547
42.165279388427734
43.28887176513672
45.339351654052734
41.612247467041016
43.99101257324219
44.56482696533203
43.436702728271484
42.57957077026367
44.385009765625
45.219024658203125
41.87984848022461
45.358150482177734
43.25602722167969
42.225921630859375
46.25618362426758
44.683231353759766
