129.34710693359375
130.22560119628906
132.68922424316406
139.41278076171875
133.62664794921875
136.9127197265625
133.83021545410156
135.08419799804688
122.47213745117188
135.0162353515625
125.39851379394531
134.65280151367188
121.25337982177734
131.5316925048828
128.70361328125
122.40927124023438
112.31719970703125
115.77616882324219
107.1954116821289
101.43982696533203
94.08885955810547
92.49886322021484
95.14390563964844
81.26490783691406
81.86885833740234
73.23826599121094
68.943359375
63.254634857177734
58.12052536010742
52.51158142089844
47.010494232177734
41.69624710083008
37.81181716918945
33.45774459838867
31.234615325927734
28.425403594970703
25.21419334411621
28.12334632873535
25.767759323120117
24.608970642089844
22.69855499267578
23.223045349121094
26.587852478027344
22.680952072143555
21.996986389160156
22.115373611450195
19.342599868774414
22.70029067993164
18.919876098632812
18.751007080078125
19.7613525390625
18.01020050048828
18.3974609375
18.554040908813477
16.945463180541992
17.179203033447266
15.106934547424316
16.305482864379883
14.790193557739258
13.454830169677734
19.750459671020508
20.699663162231445
13.738635063171387
14.708703994750977
12.160269737243652
13.748022079467773
10.746426582336426
14.082071304321289
13.662216186523438
11.429134368896484
11.06531047821045
14.387862205505371
11.572086334228516
13.737918853759766
10.967576026916504
10.121967315673828
13.260879516601562
13.379522323608398
10.592804908752441
9.10486125946045
10.081886291503906
9.869388580322266
9.999212265014648
9.55252456665039
11.517728805541992
11.322575569152832
11.85414981842041
8.112410545349121
10.103012084960938
10.138022422790527
9.255566596984863
8.052179336547852
11.006464958190918
8.824615478515625
11.069831848144531
12.28773307800293
9.0659761428833
8.04786205291748
10.36159896850586
8.554360389709473
7.2287278175354
11.278494834899902
8.089264869689941
12.684651374816895
9.275279998779297
9.515379905700684
8.78052043914795
7.263205528259277
10.074064254760742
8.882145881652832
8.946825981140137
8.668632507324219
10.966776847839355
7.802765846252441
7.335357189178467
11.48902416229248
10.187275886535645
11.578463554382324
9.592443466186523
20.718244552612305
