25.304885864257812
45.695987701416016
45.33254623413086
45.08289337158203
48.125587463378906
51.221710205078125
49.97447204589844
51.409786224365234
50.29331588745117
50.27921676635742
52.180782318115234
58.862281799316406
53.49342727661133
56.503631591796875
65.042236328125
64.7790298461914
65.0531997680664
69.66448974609375
65.35460662841797
72.08454895019531
86.3194808959961
82.92054748535156
89.6319808959961
89.50074768066406
95.94214630126953
103.24637603759766
93.30072784423828
112.97663879394531
108.33442687988281
109.75473022460938
134.57029724121094
114.49223327636719
127.9873275756836
132.10345458984375
154.09095764160156
166.79815673828125
173.3202667236328
186.70668029785156
175.00607299804688
186.2238006591797
206.58714294433594
196.62928771972656
233.27001953125
227.25650024414062
246.01150512695312
216.50523376464844
261.9291076660156
208.2253875732422
275.5304260253906
292.4647521972656
298.5458068847656
250.5054473876953
266.70281982421875
297.4789123535156
330.6403503417969
287.74627685546875
360.5001525878906
362.8132629394531
300.1760559082031
387.4236755371094
301.0126037597656
375.92266845703125
398.34307861328125
311.76190185546875
350.9842529296875
400.7659912109375
408.7706298828125
413.2220458984375
365.8179016113281
315.4891662597656
332.51409912109375
345.94708251953125
319.3964538574219
381.11529541015625
194.64735412597656
292.035888671875
373.0950012207031
343.5263366699219
332.7102355957031
285.561279296875
298.2727966308594
234.4199676513672
56.938880920410156
149.03346252441406
103.12001037597656
100.73110961914062
88.72427368164062
87.00823974609375
48.94064712524414
118.73860931396484
79.6162338256836
83.9244155883789
135.83380126953125
140.71165466308594
35.84529113769531
171.56597900390625
264.6224060058594
80.79407501220703
47.0870361328125
157.9813232421875
116.48860931396484
98.80699157714844
150.2572479248047
126.56610107421875
174.44216918945312
147.32379150390625
29.94763946533203
196.13450622558594
47.233638763427734
141.5283660888672
79.31632232666016
36.91111755371094
16.77974510192871
53.13906478881836
42.33293914794922
51.828853607177734
45.71662521362305
153.1517333984375
61.95879364013672
112.6549072265625
69.6634292602539
23.669376373291016
104.79911804199219
33.540409088134766
53.84601974487305
58.79914093017578
99.973388671875
42.50808334350586
131.64552307128906
107.76759338378906
118.77925872802734
115.30027770996094
29.96013832092285
54.88272476196289
54.74773406982422
78.79523468017578
43.16057205200195
35.73689270019531
137.25994873046875
91.74983215332031
77.84735107421875
68.01343536376953
78.47417449951172
33.92205810546875
19.506820678710938
34.38114547729492
25.305227279663086
76.90108489990234
45.135379791259766
46.066734313964844
46.82708740234375
38.5212287902832
20.35577392578125
51.060028076171875
36.78376388549805
17.286348342895508
41.67264175415039
77.96893310546875
26.68450927734375
27.576143264770508
27.716651916503906
35.53876495361328
37.1522102355957
40.620819091796875
43.21538543701172
24.24791717529297
27.912267684936523
67.63858032226562
60.93124771118164
36.098487854003906
38.95220947265625
86.22296905517578
54.23334503173828
37.4054069519043
33.286285400390625
63.174468994140625
58.35977554321289
104.55070495605469
62.46466064453125
25.107648849487305
35.44622802734375
18.672771453857422
30.514095306396484
26.960309982299805
16.314916610717773
48.30501174926758
30.469524383544922
32.77761459350586
79.6106948852539
72.75547790527344
86.49420166015625
44.10493469238281
22.730411529541016
9.655241966247559
96.69481658935547
111.47589111328125
81.80116271972656
55.86402893066406
36.91157150268555
61.07990646362305
69.56924438476562
67.5728988647461
48.09141159057617
63.439186096191406
32.77519607543945
44.10689926147461
63.21782684326172
74.73368072509766
40.98442077636719
24.123231887817383
37.35333251953125
25.205202102661133
19.51668930053711
68.12954711914062
50.95497512817383
38.94561004638672
43.72872543334961
61.4400520324707
50.573890686035156
27.482580184936523
48.19102478027344
54.23514938354492
48.91840744018555
52.48870849609375
51.409000396728516
14.867144584655762
23.59919548034668
43.388919830322266
74.32654571533203
20.780956268310547
83.674072265625
16.49343490600586
16.44432830810547
24.51095199584961
50.2452392578125
40.74660110473633
20.03359603881836
39.251678466796875
36.00082015991211
31.868549346923828
21.84549331665039
74.01285552978516
106.57041931152344
74.2578353881836
26.631757736206055
31.326026916503906
40.33121871948242
24.122037887573242
22.61930274963379
16.28217124938965
20.857406616210938
32.23728942871094
39.034706115722656
22.780139923095703
44.10927963256836
23.55636215209961
25.05267333984375
10.003106117248535
15.307584762573242
22.5325984954834
32.6984748840332
23.214637756347656
33.315425872802734
13.720234870910645
55.420902252197266
48.41069412231445
21.923046112060547
24.455801010131836
41.44860076904297
39.369449615478516
54.0841178894043
25.692426681518555
50.511749267578125
44.04621505737305
46.19990921020508
18.001012802124023
35.772857666015625
31.42676544189453
26.69029998779297
20.6709041595459
14.36684513092041
32.96074295043945
49.45286178588867
37.91511154174805
16.417339324951172
29.041378021240234
19.23674774169922
33.012489318847656
21.859560012817383
15.613142013549805
57.095462799072266
56.2526741027832
35.17859649658203
34.48971939086914
23.548114776611328
39.394405364990234
92.39781951904297
74.77606201171875
69.2719497680664
42.13999938964844
50.585506439208984
25.067047119140625
47.59555435180664
58.26901626586914
27.98444175720215
36.43020248413086
65.86682891845703
44.60744857788086
39.81312942504883
24.354257583618164
20.05577278137207
65.14604949951172
25.987199783325195
53.261844635009766
47.785423278808594
32.721405029296875
11.323253631591797
15.73525619506836
18.467247009277344
56.10294723510742
30.611291885375977
24.95444107055664
25.00966453552246
15.091928482055664
20.87727928161621
13.333295822143555
43.90028762817383
30.502098083496094
30.92658233642578
15.49305534362793
23.711984634399414
20.480487823486328
10.139145851135254
17.634584426879883
19.821439743041992
51.70774459838867
33.108001708984375
48.130008697509766
58.83084487915039
12.740099906921387
33.97543716430664
59.08782196044922
40.281272888183594
13.135783195495605
31.019929885864258
53.43383026123047
36.28815841674805
25.18575668334961
16.30018424987793
29.798213958740234
26.071622848510742
29.712020874023438
20.797895431518555
31.941715240478516
17.936494827270508
37.69245529174805
36.54243850708008
27.674327850341797
28.236343383789062
25.287519454956055
43.076236724853516
30.18745231628418
22.405658721923828
33.1728515625
8.207721710205078
27.579946517944336
24.757604598999023
22.276580810546875
25.187910079956055
45.46780776977539
41.638572692871094
29.673967361450195
26.309707641601562
20.492891311645508
38.13876724243164
23.26714515686035
33.53260040283203
65.5729751586914
34.1788330078125
29.639556884765625
18.88067054748535
56.103919982910156
47.889705657958984
38.07371139526367
36.14134979248047
45.678924560546875
31.721946716308594
13.013897895812988
9.4188871383667
37.61661911010742
27.39773178100586
45.92232131958008
12.635641098022461
15.316314697265625
47.379878997802734
59.41958999633789
41.91509246826172
15.44579792022705
26.059980392456055
24.421934127807617
24.872161865234375
23.79610824584961
27.225357055664062
22.86750030517578
28.787174224853516
17.896272659301758
19.254825592041016
24.961963653564453
20.512657165527344
42.14542007446289
21.499889373779297
17.855224609375
32.944114685058594
59.53764343261719
19.328834533691406
14.886625289916992
21.121328353881836
29.470165252685547
22.781282424926758
8.591046333312988
12.734129905700684
17.631343841552734
17.669198989868164
24.307592391967773
17.578203201293945
28.064626693725586
24.791709899902344
32.79230880737305
49.62671661376953
30.534263610839844
19.397233963012695
36.83306121826172
45.258201599121094
47.33443069458008
11.932062149047852
22.48433494567871
21.014522552490234
24.566556930541992
12.960466384887695
36.73497772216797
18.819189071655273
14.262736320495605
15.298163414001465
18.37279510498047
14.516850471496582
23.57782554626465
13.572851181030273
25.032573699951172
19.682762145996094
23.3537540435791
14.622867584228516
9.142924308776855
27.11369514465332
37.75387954711914
20.064958572387695
20.344804763793945
46.59037399291992
41.44576644897461
32.96566390991211
16.488008499145508
53.00278091430664
49.93819046020508
58.83462905883789
26.7685604095459
15.200072288513184
48.11968994140625
69.48652648925781
47.327598571777344
46.7449951171875
30.972415924072266
47.78999710083008
32.85659408569336
26.436439514160156
16.21051025390625
21.05107307434082
28.733951568603516
34.32008743286133
25.8000545501709
37.466678619384766
50.82483673095703
26.08167266845703
22.250877380371094
11.543793678283691
16.051616668701172
37.58873748779297
11.066315650939941
27.76801300048828
12.020236015319824
13.278282165527344
43.00495147705078
16.54178810119629
17.331998825073242
12.705702781677246
29.707868576049805
24.666606903076172
40.959388732910156
35.905975341796875
28.45720100402832
14.417242050170898
30.050920486450195
60.789817810058594
34.13933181762695
14.061556816101074
10.9488525390625
40.98818588256836
40.982574462890625
46.04500961303711
26.92592430114746
39.210121154785156
19.15455436706543
19.9610538482666
12.910419464111328
17.445144653320312
28.012256622314453
17.302127838134766
8.629145622253418
14.27320671081543
10.9669771194458
17.179813385009766
17.644378662109375
21.432058334350586
20.77999496459961
12.517561912536621
16.882450103759766
39.955135345458984
14.011966705322266
11.399333000183105
19.58339500427246
18.269702911376953
10.434562683105469
23.716279983520508
26.572006225585938
15.016118049621582
19.205533981323242
21.50862693786621
19.72406005859375
18.950969696044922
11.545036315917969
38.40061569213867
32.48177719116211
19.524324417114258
28.343252182006836
20.323617935180664
14.210502624511719
27.840055465698242
18.173900604248047
8.68947696685791
18.41914176940918
10.838810920715332
7.593980312347412
5.826900482177734
11.894584655761719
9.032630920410156
5.660755157470703
14.89633560180664
15.694463729858398
27.373498916625977
9.309605598449707
12.363996505737305
20.818923950195312
24.803630828857422
41.24111557006836
15.837079048156738
18.624643325805664
15.408171653747559
8.00100040435791
19.046716690063477
20.14283561706543
41.9366455078125
13.052122116088867
24.380388259887695
19.092802047729492
18.249916076660156
21.5198917388916
24.45291519165039
25.299060821533203
10.659917831420898
15.783035278320312
28.73554801940918
48.14054489135742
15.021553993225098
22.368112564086914
19.55800437927246
40.987091064453125
17.571430206298828
11.542057037353516
22.35030746459961
42.75431442260742
33.664703369140625
17.226505279541016
33.12843704223633
19.62027359008789
18.596416473388672
25.484365463256836
27.115734100341797
42.00326919555664
16.259296417236328
10.2211275100708
34.753665924072266
19.028093338012695
14.528951644897461
9.301065444946289
60.69395446777344
40.028831481933594
32.1258430480957
19.570247650146484
10.573119163513184
37.230045318603516
39.11445617675781
51.646697998046875
17.782501220703125
11.051051139831543
13.070860862731934
13.899343490600586
15.779487609863281
18.096506118774414
32.028961181640625
30.368404388427734
22.178571701049805
23.1560001373291
31.603971481323242
51.69746398925781
34.06962585449219
16.812395095825195
9.28865909576416
25.850900650024414
37.33633041381836
51.19941329956055
13.064860343933105
20.03327178955078
24.153905868530273
15.467239379882812
17.22827911376953
28.754648208618164
19.667644500732422
18.16363525390625
20.541423797607422
17.511457443237305
20.212411880493164
11.794634819030762
57.09817123413086
44.21849822998047
56.61940383911133
33.349395751953125
24.37753677368164
25.42656135559082
28.662677764892578
40.37745666503906
29.29884910583496
9.41872501373291
15.149019241333008
35.91646957397461
63.59037780761719
61.59698486328125
22.263717651367188
24.271133422851562
11.029932975769043
25.497879028320312
37.42052459716797
35.36192321777344
11.754377365112305
11.124563217163086
11.93868637084961
20.856321334838867
16.728891372680664
24.34501838684082
17.996795654296875
16.451311111450195
42.189239501953125
30.709671020507812
26.875181198120117
15.506499290466309
29.549936294555664
12.05310344696045
40.236045837402344
20.407838821411133
15.47229290008545
4.646434783935547
14.837653160095215
21.462203979492188
17.345022201538086
31.73853302001953
14.399740219116211
20.83243751525879
15.036988258361816
10.489848136901855
7.506859302520752
10.598919868469238
32.996891021728516
30.903789520263672
14.01088809967041
20.801979064941406
32.220794677734375
27.97793960571289
17.805776596069336
18.816184997558594
39.740989685058594
48.18564224243164
26.88791847229004
22.1168212890625
14.132329940795898
45.25137710571289
45.57270050048828
24.31075096130371
10.125649452209473
20.44210433959961
12.516877174377441
21.06302833557129
11.409675598144531
19.721832275390625
11.760123252868652
10.132472038269043
29.77925682067871
22.894563674926758
16.451099395751953
10.233654022216797
10.149375915527344
5.272332668304443
17.04791259765625
16.521373748779297
18.0101261138916
11.385942459106445
21.977447509765625
22.36267852783203
38.00185775756836
18.573163986206055
12.881863594055176
21.87229347229004
8.137654304504395
31.038387298583984
25.373239517211914
32.184051513671875
21.626827239990234
10.122562408447266
13.944875717163086
19.443510055541992
13.326449394226074
5.999955177307129
15.79509162902832
13.05072021484375
11.577422142028809
11.131462097167969
38.013423919677734
30.500242233276367
10.148037910461426
11.191064834594727
22.28689956665039
14.200125694274902
10.345025062561035
8.579581260681152
10.794231414794922
9.171618461608887
25.506319046020508
21.708341598510742
19.8334903717041
17.080106735229492
13.136429786682129
15.910090446472168
6.878697395324707
18.666954040527344
45.68663787841797
25.286304473876953
13.9393310546875
5.696250915527344
11.30017375946045
16.20313835144043
25.572269439697266
14.83089828491211
19.026796340942383
6.965263366699219
19.08601188659668
11.742940902709961
12.031328201293945
9.35938549041748
7.143004894256592
18.520751953125
30.408279418945312
37.397953033447266
17.721641540527344
9.973176002502441
22.691667556762695
7.685565948486328
13.913606643676758
27.237977981567383
8.292044639587402
15.772078514099121
6.639719486236572
8.182430267333984
4.871153354644775
23.565399169921875
19.485071182250977
12.411277770996094
7.2762956619262695
11.749221801757812
8.171408653259277
6.101506233215332
8.316634178161621
7.266673564910889
8.468245506286621
27.315431594848633
5.210311412811279
16.56850242614746
25.866329193115234
42.228153228759766
18.163280487060547
17.58639907836914
18.292570114135742
4.555745601654053
22.101179122924805
38.835304260253906
11.9755859375
12.600180625915527
13.005715370178223
47.26472473144531
52.006656646728516
36.0658073425293
23.713693618774414
15.850337982177734
19.403112411499023
37.46394729614258
53.99062728881836
47.49326705932617
32.76540756225586
10.422786712646484
29.8892879486084
5.058349609375
27.151979446411133
16.930057525634766
8.472522735595703
11.65385913848877
13.590784072875977
13.510318756103516
10.882991790771484
9.5248441696167
7.485777378082275
15.850996971130371
41.63847732543945
9.040365219116211
14.928506851196289
15.64848804473877
13.325597763061523
29.77867317199707
20.958271026611328
13.90710735321045
39.10531234741211
42.40119171142578
10.86574649810791
8.196678161621094
15.267552375793457
18.578733444213867
10.890624046325684
22.897249221801758
20.764202117919922
9.655056953430176
10.926986694335938
6.970240116119385
21.828916549682617
10.240178108215332
10.423136711120605
10.480624198913574
12.168754577636719
16.496213912963867
12.57768726348877
26.07209587097168
7.695377349853516
8.539205551147461
6.282135486602783
21.888538360595703
6.418085098266602
7.96536922454834
7.101487636566162
21.83673095703125
6.527076244354248
15.653111457824707
5.848813533782959
7.520050048828125
7.46021032333374
15.257728576660156
22.449867248535156
16.792448043823242
9.154595375061035
32.34364318847656
13.00364875793457
27.261917114257812
10.751669883728027
5.105809688568115
19.1695499420166
23.345754623413086
10.65529727935791
28.797992706298828
16.893754959106445
15.521864891052246
14.346132278442383
24.786466598510742
10.449946403503418
8.738188743591309
11.364119529724121
13.686456680297852
20.069881439208984
17.64885139465332
17.599180221557617
22.668285369873047
18.561723709106445
12.263211250305176
6.083671569824219
15.688641548156738
12.370701789855957
8.27381706237793
8.15025520324707
10.602312088012695
5.99661111831665
11.743695259094238
12.711508750915527
7.941341400146484
13.872259140014648
21.001083374023438
11.229161262512207
8.446359634399414
12.021303176879883
31.328798294067383
32.08254623413086
14.306794166564941
8.982826232910156
16.648099899291992
15.795441627502441
19.749422073364258
37.14380645751953
10.73342227935791
24.801376342773438
22.226932525634766
12.711084365844727
7.7374138832092285
21.09880256652832
21.1279354095459
5.232348442077637
13.477932929992676
6.938348293304443
14.506553649902344
11.148576736450195
8.861166954040527
15.804771423339844
12.173744201660156
13.841057777404785
19.771751403808594
8.636140823364258
5.121079921722412
7.760530948638916
16.906200408935547
9.952486038208008
12.329863548278809
24.414257049560547
20.374040603637695
12.240960121154785
14.63463306427002
8.881919860839844
9.264753341674805
6.807928562164307
10.503612518310547
7.763754844665527
31.99237632751465
30.208114624023438
16.30710792541504
16.524850845336914
5.633655071258545
8.046402931213379
29.62165641784668
33.27799987792969
31.302200317382812
17.950359344482422
14.999350547790527
44.50752258300781
29.86032485961914
23.90831756591797
36.11799621582031
11.879554748535156
17.41818618774414
13.479262351989746
8.41379451751709
3.5238876342773438
6.372630596160889
16.62969970703125
5.816148281097412
10.47974967956543
4.379717826843262
26.514535903930664
22.217567443847656
7.880370616912842
8.827962875366211
7.366251468658447
13.226880073547363
30.32975196838379
22.930648803710938
9.265523910522461
20.930234909057617
4.610967636108398
16.113677978515625
10.574307441711426
17.186161041259766
8.746212005615234
6.336287498474121
9.852997779846191
8.090493202209473
10.167037010192871
13.829928398132324
11.526046752929688
14.991972923278809
11.288606643676758
19.28622817993164
28.153059005737305
28.98821449279785
19.943721771240234
17.60064697265625
3.7754805088043213
12.87855339050293
18.050582885742188
28.427186965942383
27.816699981689453
19.92159652709961
18.94355583190918
11.802289009094238
5.924458980560303
3.2265634536743164
16.749174118041992
38.613914489746094
29.37657356262207
31.916608810424805
13.307001113891602
8.796911239624023
14.710628509521484
13.05055046081543
26.199405670166016
24.323877334594727
7.110572338104248
26.307065963745117
9.236126899719238
17.69474983215332
18.324201583862305
6.77577018737793
25.394411087036133
9.01772689819336
15.913830757141113
10.19696044921875
7.302371978759766
6.550092697143555
21.603830337524414
8.153165817260742
16.24679183959961
6.87291145324707
17.182546615600586
5.597959041595459
4.2839274406433105
9.332294464111328
4.01288366317749
7.440878868103027
19.18454933166504
8.71148681640625
20.045969009399414
19.35378646850586
6.955570220947266
5.722113132476807
17.112850189208984
21.984012603759766
3.7932932376861572
2.568189859390259
5.504254341125488
4.717584609985352
20.421375274658203
10.855478286743164
7.238550662994385
17.302820205688477
10.932063102722168
15.09500789642334
4.724792003631592
10.325353622436523
10.024009704589844
12.857659339904785
14.940165519714355
11.9774751663208
7.88498067855835
12.514799118041992
15.304659843444824
20.461706161499023
17.310516357421875
9.17215347290039
8.335064888000488
5.957915306091309
10.60837459564209
12.470656394958496
6.997256278991699
6.863912582397461
4.069082260131836
6.1076459884643555
21.88225555419922
10.562849998474121
4.455996513366699
7.60768461227417
11.280774116516113
23.5927791595459
3.764495372772217
13.831713676452637
15.437030792236328
9.57186508178711
4.512838363647461
9.887738227844238
19.631427764892578
18.826080322265625
13.659111976623535
14.97587776184082
28.594423294067383
11.223875999450684
18.667285919189453
20.52511215209961
15.598143577575684
13.234477043151855
9.290932655334473
10.910152435302734
7.133223533630371
15.586827278137207
27.72597885131836
12.488852500915527
21.02102279663086
8.998333930969238
4.905253887176514
15.491830825805664
16.45901107788086
8.854893684387207
16.970706939697266
16.88421058654785
13.890618324279785
15.074838638305664
6.304429531097412
6.041399002075195
6.096255302429199
10.500313758850098
2.3032779693603516
10.292163848876953
9.869725227355957
13.54989242553711
12.818389892578125
5.74722957611084
16.160306930541992
12.840047836303711
8.264159202575684
6.304939270019531
4.926854133605957
7.666287899017334
16.092926025390625
8.153950691223145
12.503083229064941
11.196831703186035
52.594970703125
12.94737720489502
10.095792770385742
14.884845733642578
2.7366507053375244
13.144882202148438
16.7666015625
14.599139213562012
5.4899983406066895
18.800113677978516
10.40685749053955
9.359615325927734
5.7012715339660645
2.7742035388946533
15.708983421325684
13.025232315063477
8.480819702148438
4.3325910568237305
12.66800308227539
5.710733890533447
5.972950458526611
11.446759223937988
7.742425918579102
4.691391468048096
3.528834342956543
4.540735721588135
