222.1781463623047
216.7118377685547
219.09422302246094
225.7489471435547
219.43582153320312
220.8275909423828
219.42611694335938
225.39840698242188
215.55845642089844
221.99298095703125
220.71836853027344
219.6588134765625
217.2996368408203
224.0958251953125
224.0775909423828
222.75909423828125
221.10919189453125
222.99014282226562
225.03988647460938
224.07435607910156
227.18417358398438
223.0981903076172
214.1769256591797
222.57701110839844
222.3637237548828
223.04478454589844
222.3177032470703
216.07229614257812
218.15647888183594
226.43447875976562
220.32125854492188
218.8141632080078
222.80686950683594
216.56564331054688
218.16485595703125
221.51564025878906
222.2282257080078
219.74136352539062
220.03228759765625
216.2753448486328
218.34181213378906
217.62376403808594
221.0992431640625
219.61756896972656
212.9629364013672
211.70497131347656
218.63568115234375
218.65219116210938
224.04974365234375
222.50172424316406
220.1263885498047
221.36370849609375
212.49417114257812
212.37042236328125
213.59033203125
217.24703979492188
212.1377410888672
209.84083557128906
214.35484313964844
213.414794921875
216.66575622558594
209.5550537109375
211.9541015625
210.2281036376953
202.1226348876953
206.84011840820312
213.11402893066406
203.04122924804688
207.58929443359375
201.82960510253906
207.88375854492188
206.0546875
206.38128662109375
205.21762084960938
197.81588745117188
194.6002960205078
196.65367126464844
198.05641174316406
191.41253662109375
195.94216918945312
192.05044555664062
191.5343475341797
183.62574768066406
183.9472198486328
183.257080078125
176.34080505371094
178.05441284179688
173.374267578125
173.3715362548828
171.8016815185547
167.80343627929688
165.6858367919922
161.0692901611328
162.82762145996094
155.3143768310547
152.38059997558594
151.31935119628906
147.23643493652344
140.4991912841797
141.4232177734375
134.4095916748047
134.25680541992188
129.80361938476562
125.72789001464844
121.86354064941406
120.45700073242188
114.15738677978516
109.72126007080078
111.4921875
103.29025268554688
103.94779205322266
95.72114562988281
89.07679748535156
90.30397033691406
84.4174575805664
84.45569610595703
79.73361206054688
78.36115264892578
75.65950012207031
73.1113510131836
70.37085723876953
69.16588592529297
68.6153793334961
69.46150207519531
67.83501434326172
67.11182403564453
66.60352325439453
64.33450317382812
65.55972290039062
64.41134643554688
62.64410400390625
61.70565414428711
61.881202697753906
59.949459075927734
59.75959777832031
59.857791900634766
58.57868194580078
57.4057731628418
57.984962463378906
55.76919937133789
55.91508865356445
54.2507438659668
54.90620803833008
53.3867073059082
51.66377258300781
51.977970123291016
51.304786682128906
50.31694793701172
49.15680694580078
47.5886116027832
47.588165283203125
45.55181121826172
45.562957763671875
44.80297088623047
43.72509765625
42.3321533203125
42.18244552612305
41.283748626708984
39.97469711303711
39.894981384277344
38.060428619384766
38.633995056152344
37.052425384521484
37.1523323059082
36.55744171142578
36.85994338989258
35.61527633666992
35.694480895996094
34.94630813598633
33.82929611206055
33.965267181396484
32.60601043701172
32.72519302368164
32.50818634033203
31.024263381958008
31.513038635253906
30.319486618041992
29.657135009765625
28.72019386291504
29.516910552978516
28.445262908935547
27.173751831054688
26.138057708740234
27.256803512573242
26.69700813293457
25.37183380126953
25.059505462646484
23.92987060546875
24.379674911499023
23.950180053710938
23.93231964111328
22.464080810546875
21.828441619873047
21.384920120239258
20.964643478393555
21.42885398864746
20.745927810668945
20.139774322509766
19.429874420166016
18.893524169921875
19.363962173461914
18.593786239624023
18.77079963684082
18.5573673248291
17.667137145996094
17.167531967163086
17.154136657714844
16.61104393005371
16.454294204711914
16.680477142333984
16.424612045288086
16.12183380126953
15.866449356079102
15.44006061553955
15.627845764160156
15.164732933044434
15.084502220153809
14.661235809326172
15.198729515075684
14.961484909057617
14.400920867919922
14.569135665893555
14.307012557983398
14.092379570007324
14.001861572265625
14.04739761352539
13.763888359069824
13.970216751098633
13.720295906066895
13.69581127166748
13.8297700881958
13.842262268066406
13.489250183105469
13.489892959594727
13.639517784118652
13.248635292053223
13.296680450439453
13.282876014709473
12.982711791992188
13.061338424682617
13.167244911193848
12.980191230773926
12.628836631774902
12.841269493103027
12.679465293884277
12.829390525817871
12.490742683410645
12.487717628479004
12.439642906188965
12.762660026550293
12.58139705657959
12.618749618530273
12.432493209838867
12.187620162963867
12.291719436645508
12.448575973510742
12.252964973449707
12.286148071289062
12.12752914428711
12.017450332641602
11.72777271270752
11.822425842285156
11.700604438781738
12.043246269226074
12.066524505615234
11.66656494140625
11.717934608459473
11.556394577026367
11.655552864074707
11.675651550292969
11.629522323608398
11.799336433410645
11.506988525390625
11.555438995361328
11.47127628326416
11.537785530090332
11.493115425109863
11.25379753112793
11.304143905639648
11.205219268798828
11.151861190795898
11.052936553955078
11.053725242614746
11.145974159240723
11.000250816345215
11.02202320098877
11.01838207244873
10.916728019714355
10.842103004455566
11.010714530944824
10.77448558807373
11.104399681091309
10.93591594696045
10.983076095581055
10.718629837036133
10.734479904174805
10.788314819335938
10.951197624206543
10.83654499053955
10.865819931030273
10.641629219055176
10.591941833496094
10.647125244140625
10.625164031982422
10.7269868850708
10.386086463928223
10.361289978027344
10.325135231018066
10.468095779418945
10.514862060546875
10.317708969116211
10.532015800476074
10.202600479125977
10.450672149658203
10.37889289855957
10.443419456481934
10.181410789489746
10.227621078491211
10.121541976928711
10.14029312133789
10.55416202545166
10.436063766479492
10.232651710510254
10.244449615478516
10.390692710876465
10.004838943481445
10.400541305541992
10.205501556396484
9.862399101257324
10.145116806030273
10.003251075744629
10.099180221557617
9.820415496826172
9.819391250610352
10.061071395874023
10.050922393798828
9.66066837310791
9.834832191467285
9.930492401123047
9.55812931060791
9.904293060302734
9.823712348937988
9.65227222442627
9.479486465454102
9.79704475402832
9.84308910369873
9.635536193847656
9.670456886291504
9.708425521850586
9.540507316589355
9.54658317565918
9.40561294555664
9.431509971618652
9.524619102478027
9.491104125976562
9.517361640930176
9.426724433898926
9.29152774810791
9.472333908081055
9.359705924987793
9.35257625579834
9.340383529663086
9.498456001281738
9.466416358947754
9.29539966583252
9.102499008178711
9.22480297088623
9.194703102111816
9.322556495666504
8.981831550598145
8.954136848449707
9.126413345336914
9.040809631347656
8.934345245361328
8.862208366394043
9.109000205993652
8.987380027770996
9.175308227539062
9.147786140441895
8.946102142333984
9.11087417602539
8.95975399017334
8.78391170501709
8.963665962219238
8.96161937713623
8.929534912109375
8.576430320739746
8.910272598266602
8.8215970993042
8.845041275024414
8.700439453125
8.761549949645996
8.718951225280762
8.738058090209961
8.71813678741455
8.623910903930664
8.732678413391113
8.755218505859375
8.818475723266602
8.583318710327148
8.725822448730469
8.530451774597168
8.631257057189941
8.62382984161377
8.505631446838379
8.834406852722168
8.588245391845703
8.663225173950195
8.647099494934082
8.48136043548584
8.672292709350586
8.471576690673828
8.510720252990723
8.594741821289062
8.476126670837402
8.300701141357422
8.542610168457031
8.231194496154785
8.611651420593262
8.657065391540527
8.24570369720459
8.609811782836914
8.543218612670898
8.532041549682617
8.478765487670898
8.529524803161621
8.420909881591797
8.436346054077148
8.525344848632812
8.23253059387207
8.432263374328613
8.202961921691895
8.23379135131836
8.23939323425293
8.178017616271973
8.201325416564941
8.031889915466309
8.002408027648926
8.248855590820312
8.308677673339844
8.205220222473145
7.9951701164245605
8.375880241394043
8.123363494873047
8.194560050964355
8.170279502868652
8.13931655883789
7.989477634429932
8.201404571533203
8.008076667785645
8.092208862304688
8.001364707946777
8.05759048461914
8.175140380859375
8.118083000183105
7.879016399383545
7.947121620178223
7.907481670379639
7.891323089599609
7.862706661224365
7.940493106842041
7.999321460723877
7.810606956481934
7.97279167175293
7.9474382400512695
7.914297103881836
7.948866367340088
7.923203945159912
7.698977470397949
7.881915092468262
7.89467716217041
7.799990653991699
7.760223388671875
7.734152793884277
7.921651840209961
7.826408863067627
7.836039066314697
7.8370771408081055
7.819051265716553
7.70391845703125
7.899152755737305
7.965890884399414
7.633148670196533
7.8338541984558105
7.676548004150391
7.8287224769592285
7.934821128845215
7.604738712310791
7.902956485748291
7.649065971374512
7.791938304901123
7.743894100189209
7.739591121673584
7.642593860626221
7.640196323394775
7.497908115386963
7.665576457977295
7.553956031799316
7.669590473175049
7.689356803894043
7.653548717498779
7.554062366485596
7.582103252410889
7.749953269958496
7.635769367218018
7.623654365539551
7.528354167938232
7.595240592956543
7.492683410644531
7.639393329620361
7.432712078094482
7.353914260864258
7.547367095947266
7.449837684631348
7.577239036560059
7.4085564613342285
7.537542819976807
7.452342987060547
7.320060729980469
7.460607528686523
7.285503387451172
7.43319034576416
7.2756147384643555
7.479039192199707
7.321178913116455
7.566849231719971
7.280129432678223
7.306545257568359
7.43630838394165
7.410725116729736
7.4653778076171875
7.341704845428467
7.520646095275879
7.3811726570129395
7.1421074867248535
7.276539325714111
7.376805782318115
7.1846394538879395
7.141152858734131
7.153401851654053
7.319866180419922
7.184755802154541
7.224555492401123
7.249183177947998
7.302061080932617
7.287394046783447
7.220673561096191
7.144545555114746
7.33027982711792
7.074356555938721
7.213986396789551
7.3196234703063965
7.31111478805542
7.064328193664551
7.107527732849121
7.052377223968506
7.0331926345825195
7.214948654174805
7.3971943855285645
7.02591609954834
7.232728481292725
7.114098072052002
7.0786261558532715
7.047245025634766
6.995081901550293
6.988797664642334
6.97541618347168
6.943696022033691
7.001725673675537
6.928804874420166
6.966933727264404
6.830839157104492
6.996986389160156
7.174574851989746
6.911005973815918
6.939730167388916
7.039196491241455
6.9558610916137695
6.899212837219238
6.801113605499268
6.9183149337768555
7.031425952911377
6.892527103424072
6.9570817947387695
6.715638160705566
6.745486259460449
6.886396408081055
7.12124490737915
6.823944568634033
6.851612091064453
6.942492485046387
6.909655570983887
6.800271987915039
6.958869457244873
6.815929889678955
6.972468376159668
6.776918411254883
6.6533427238464355
6.639948844909668
6.763245582580566
6.789515495300293
6.856585502624512
6.547468662261963
6.95428466796875
6.630244731903076
6.702451705932617
6.793447017669678
6.793807506561279
6.628232955932617
6.650694847106934
6.698928356170654
6.576670169830322
6.6408867835998535
6.720430850982666
6.658919334411621
6.801848888397217
6.7603325843811035
6.570060729980469
6.660412311553955
6.692573070526123
6.599000930786133
6.746614456176758
6.616162300109863
6.466362953186035
6.499862194061279
6.541353225708008
6.460333347320557
6.499332904815674
6.598208427429199
6.771441459655762
6.4536848068237305
6.4942097663879395
6.53394079208374
6.638216018676758
6.637052059173584
6.636287212371826
6.574696063995361
6.448617458343506
6.555310249328613
6.393758296966553
6.513164043426514
6.688199520111084
6.639750003814697
6.594537258148193
6.607470989227295
6.583248138427734
6.478625774383545
6.542233467102051
6.475192546844482
6.40346622467041
6.567171096801758
6.48057746887207
6.401909828186035
6.484569549560547
6.4204487800598145
6.391937732696533
6.597100734710693
6.301279067993164
6.447684288024902
6.58039665222168
6.525630474090576
6.360518932342529
6.559578895568848
6.490525245666504
6.344799518585205
6.4421234130859375
6.305113792419434
6.555644512176514
6.3544182777404785
6.512820243835449
6.335941314697266
6.476654052734375
6.4365010261535645
6.632944107055664
6.354843616485596
6.4585089683532715
6.23813533782959
6.407968521118164
6.452632904052734
6.360485076904297
6.32232666015625
6.46843957901001
6.424501419067383
6.365715980529785
6.34850549697876
6.399029731750488
6.372191905975342
6.303088665008545
6.349052429199219
6.2476582527160645
6.251796722412109
6.256869792938232
6.308216094970703
6.371486186981201
6.424673080444336
6.299949645996094
6.355696201324463
6.253885269165039
6.273860454559326
6.0803542137146
6.228793144226074
6.18276309967041
6.1880998611450195
6.349639892578125
6.340108871459961
6.213870048522949
6.280402660369873
6.147022724151611
6.1681647300720215
6.271670818328857
6.356739044189453
6.225226402282715
6.175995826721191
6.239442348480225
6.333128452301025
6.427913188934326
6.432403564453125
6.3044867515563965
6.171160697937012
6.179083347320557
6.33486795425415
6.256163597106934
6.06575870513916
6.24348258972168
6.311277866363525
6.371601581573486
6.132946491241455
6.1216278076171875
5.968898296356201
6.171622276306152
6.101998805999756
6.234001159667969
6.081121444702148
6.066478729248047
6.101059436798096
6.126869201660156
6.018226146697998
6.110911846160889
5.961599349975586
6.057673931121826
6.074259281158447
6.100433349609375
5.983484268188477
5.99461030960083
6.225991249084473
6.141942977905273
6.073469638824463
6.178977966308594
6.13212776184082
6.029269695281982
6.0949177742004395
6.073770999908447
6.08991003036499
5.833499908447266
6.178386211395264
5.968969821929932
6.1080827713012695
6.21552848815918
6.119905471801758
5.914365291595459
6.070728302001953
5.92643928527832
5.966758728027344
5.9995903968811035
6.04136323928833
6.006486892700195
5.975440502166748
6.039332389831543
6.078060626983643
6.121479034423828
5.963781833648682
6.165893077850342
6.132870674133301
6.068977355957031
5.976202964782715
6.181764125823975
5.948133945465088
5.954570293426514
5.988114356994629
6.145053386688232
5.865262985229492
6.042401313781738
6.066047668457031
5.922680377960205
5.961917400360107
5.779074668884277
5.9359893798828125
6.01108980178833
5.857015609741211
5.801699638366699
6.049820423126221
5.897229194641113
6.007785797119141
6.053012847900391
5.79865026473999
5.945675849914551
5.8708577156066895
5.9846954345703125
5.859189510345459
5.920352458953857
5.835495471954346
5.9272966384887695
5.904662132263184
5.7788166999816895
5.83438777923584
5.767734050750732
5.82391357421875
5.976646900177002
5.860076427459717
5.898460388183594
5.9691009521484375
5.867467403411865
5.870046615600586
5.963512897491455
5.949677467346191
5.918736934661865
5.846534729003906
5.993288040161133
5.866305351257324
5.893087863922119
5.911427021026611
5.934358596801758
5.807136535644531
5.852055549621582
5.942750930786133
5.7356648445129395
5.763615131378174
5.850333213806152
5.781529426574707
5.775145053863525
5.7613444328308105
5.990467548370361
5.871638298034668
5.8688507080078125
5.80703067779541
5.896284580230713
5.929378986358643
5.909050941467285
5.802508354187012
5.9143385887146
5.6709771156311035
5.687545299530029
5.7315826416015625
5.814886569976807
5.772363662719727
5.663211822509766
5.8960652351379395
5.756665229797363
5.922905445098877
5.703320026397705
5.794859886169434
5.825917720794678
5.669892311096191
5.7030134201049805
5.883087635040283
5.8067731857299805
5.808524131774902
5.814295291900635
5.866461277008057
5.713236331939697
5.769155979156494
5.737605571746826
5.619564533233643
5.961790084838867
5.74613618850708
5.833754539489746
5.670445442199707
5.7543182373046875
5.794790744781494
5.746570587158203
5.748142242431641
5.743163108825684
5.7120842933654785
5.8033881187438965
5.693685054779053
5.678408145904541
5.843434810638428
5.79354190826416
5.570492744445801
5.696723461151123
5.702930450439453
5.747314929962158
5.8567047119140625
5.6661787033081055
5.752109527587891
5.6797871589660645
5.826286315917969
5.791064262390137
5.588586807250977
5.654796600341797
5.714888095855713
5.754429340362549
5.743818759918213
5.662971496582031
5.820691108703613
5.694465637207031
5.7299418449401855
5.785431861877441
5.785024166107178
5.565130710601807
5.557981014251709
5.636242389678955
5.652743339538574
5.700517654418945
5.60916805267334
5.681499004364014
5.599181652069092
5.6782145500183105
5.776554584503174
5.549227714538574
5.754426002502441
5.764064788818359
5.509693622589111
5.594662189483643
5.770575523376465
5.516030311584473
5.656930446624756
5.639357566833496
5.830898284912109
5.629476070404053
5.664103984832764
5.592726707458496
5.625771999359131
5.819246292114258
5.634085178375244
5.798194885253906
5.731937885284424
5.648110389709473
5.633248805999756
5.671714782714844
