133.8133544921875
129.06651306152344
127.02674865722656
129.35047912597656
127.44377899169922
123.6153564453125
130.05389404296875
122.12808227539062
120.76276397705078
108.85487365722656
106.33779907226562
102.74844360351562
81.46383666992188
78.81736755371094
73.68338012695312
67.03050994873047
54.62460708618164
43.4542350769043
33.244140625
23.457624435424805
14.707074165344238
10.2672758102417
13.427712440490723
11.215303421020508
22.094844818115234
20.033241271972656
19.168577194213867
18.794179916381836
16.252431869506836
19.47100830078125
15.905047416687012
10.330193519592285
11.834212303161621
9.676589012145996
7.7027788162231445
12.29715347290039
11.30989933013916
9.364296913146973
7.371128559112549
9.73263168334961
10.08903980255127
9.841090202331543
9.00140380859375
8.260485649108887
10.9228515625
8.606208801269531
10.178499221801758
9.502185821533203
10.638126373291016
12.240995407104492
11.77824878692627
11.056279182434082
11.590619087219238
9.758493423461914
13.542089462280273
9.176939010620117
9.607497215270996
9.763320922851562
10.373934745788574
11.493276596069336
6.9825310707092285
7.847466468811035
9.907316207885742
7.363905429840088
8.443010330200195
12.002795219421387
8.391303062438965
11.394918441772461
7.1489410400390625
9.69446086883545
8.446235656738281
7.058526039123535
8.186357498168945
7.892388820648193
9.44432258605957
7.515741348266602
8.68960952758789
9.3596830368042
8.42509651184082
22.009178161621094
7.225292682647705
14.116418838500977
8.602452278137207
9.370296478271484
10.493012428283691
8.249468803405762
8.217392921447754
11.864683151245117
7.457239627838135
8.249822616577148
9.822918891906738
11.056836128234863
11.352262496948242
10.844792366027832
9.98688793182373
8.75183391571045
7.383281230926514
11.59929370880127
7.940755367279053
7.319304466247559
11.260772705078125
10.290872573852539
14.123091697692871
7.278348445892334
9.593729972839355
9.217500686645508
8.781744956970215
10.852360725402832
8.667174339294434
6.685177803039551
10.609491348266602
5.381743907928467
7.737699508666992
8.082391738891602
13.248270988464355
7.358247756958008
10.706049919128418
7.342290878295898
7.450010299682617
11.22121524810791
