129.34710693359375
219.24264526367188
186.5641632080078
144.81390380859375
114.93751525878906
120.47142028808594
118.18791961669922
104.38084411621094
74.27720642089844
49.37847137451172
33.31538391113281
29.998022079467773
37.762821197509766
33.99516677856445
37.597835540771484
21.470727920532227
28.69474220275879
20.58567237854004
30.96234130859375
23.68012046813965
20.41083335876465
22.52735137939453
12.479476928710938
29.00153160095215
14.417582511901855
23.934947967529297
23.785259246826172
16.65208625793457
20.33290672302246
12.445464134216309
13.35763931274414
15.243212699890137
17.107240676879883
13.0200777053833
18.06000328063965
18.663997650146484
13.31702709197998
24.718549728393555
19.81875991821289
17.537405014038086
13.931276321411133
14.751265525817871
18.857593536376953
14.018760681152344
18.109397888183594
11.513664245605469
16.280946731567383
28.512704849243164
15.116562843322754
18.319326400756836
19.564186096191406
15.115015983581543
12.386916160583496
19.85215950012207
14.554205894470215
14.59507942199707
14.190696716308594
12.267431259155273
11.844167709350586
12.942659378051758
20.34564971923828
19.78302764892578
19.04000473022461
19.543237686157227
14.771520614624023
17.250566482543945
14.877152442932129
17.82716941833496
13.507798194885254
14.094209671020508
15.899313926696777
16.41546630859375
11.197324752807617
18.65828514099121
13.838966369628906
10.991358757019043
16.408296585083008
13.866567611694336
12.914918899536133
11.910113334655762
13.944089889526367
12.098753929138184
11.213269233703613
10.063136100769043
14.210420608520508
12.772727012634277
14.058176040649414
8.820672988891602
10.173883438110352
11.643091201782227
10.340448379516602
8.718843460083008
12.372404098510742
10.897890090942383
11.882014274597168
12.625454902648926
9.360387802124023
9.99215030670166
10.338379859924316
8.972766876220703
8.627684593200684
13.243407249450684
8.190446853637695
12.877886772155762
10.987457275390625
10.519624710083008
9.032459259033203
8.341449737548828
12.475303649902344
9.693791389465332
9.354464530944824
9.378223419189453
11.172892570495605
8.851592063903809
7.504236221313477
11.922025680541992
10.817587852478027
12.371186256408691
9.855831146240234
20.0118408203125
