84.68863677978516
87.21286010742188
81.17410278320312
82.3387680053711
81.46035766601562
84.41216278076172
83.92279815673828
83.82572937011719
85.30585479736328
85.98865509033203
85.9356689453125
85.43986511230469
86.10822296142578
88.9520034790039
89.7060546875
92.07515716552734
85.40872955322266
92.3064956665039
91.04313659667969
93.70451354980469
89.1365966796875
96.31260681152344
97.14247131347656
100.31717681884766
99.07901763916016
99.95406341552734
99.40716552734375
102.51026916503906
99.95838165283203
104.27888488769531
102.93672943115234
109.68437957763672
104.11846923828125
99.57367706298828
107.03948211669922
108.66732788085938
106.07830810546875
104.2691421508789
113.4000015258789
105.14899444580078
106.5118408203125
117.65593719482422
114.03945922851562
121.45542907714844
119.21752166748047
121.74908447265625
119.10287475585938
116.00711822509766
119.59626007080078
122.0013198852539
125.34126281738281
127.5988540649414
124.90412902832031
126.65294647216797
136.80078125
128.72872924804688
131.83612060546875
130.6308135986328
123.54964447021484
133.6433868408203
137.56759643554688
139.26832580566406
127.41260528564453
134.51406860351562
139.9153289794922
140.5123748779297
137.6663055419922
142.4091339111328
152.05288696289062
138.029541015625
148.3201141357422
147.95895385742188
157.3816375732422
151.367431640625
151.8984832763672
149.78688049316406
153.67063903808594
153.91433715820312
146.8472137451172
166.99954223632812
152.4658966064453
158.43853759765625
164.245361328125
159.2875518798828
158.8368377685547
157.51531982421875
161.346923828125
162.28073120117188
151.3665008544922
155.50721740722656
160.63023376464844
162.44497680664062
163.67483520507812
157.22085571289062
160.00531005859375
165.45713806152344
166.8931121826172
165.21022033691406
157.1286163330078
166.37062072753906
154.242431640625
172.35643005371094
168.46739196777344
162.15228271484375
159.24717712402344
160.43829345703125
177.12045288085938
162.30612182617188
147.7624053955078
167.2922821044922
176.9002227783203
171.27902221679688
159.0482940673828
170.72689819335938
156.02899169921875
169.82333374023438
177.1216278076172
174.02186584472656
171.823974609375
148.34011840820312
