136.2095489501953
131.34500122070312
138.37826538085938
138.66879272460938
134.83462524414062
131.5313720703125
139.19874572753906
135.41697692871094
139.9523468017578
135.7550506591797
133.2868194580078
133.8046112060547
136.21453857421875
130.97740173339844
130.6586456298828
133.42831420898438
121.03168487548828
134.6970977783203
124.90606689453125
132.27549743652344
128.36831665039062
128.1233673095703
133.87423706054688
126.04972839355469
117.60539245605469
123.95259857177734
123.95390319824219
120.74642944335938
121.84003448486328
114.92152404785156
121.65853118896484
111.74811553955078
117.33963775634766
116.33560943603516
112.1861572265625
105.60895538330078
113.84646606445312
106.88936614990234
105.3827896118164
110.76994323730469
106.12521362304688
104.46180725097656
100.3970947265625
101.29363250732422
100.11748504638672
97.49479675292969
95.5587387084961
95.81099700927734
97.01390838623047
92.39696502685547
91.4534683227539
93.89313507080078
83.58753204345703
93.91937255859375
92.80014038085938
87.34774017333984
77.4926528930664
81.46353149414062
81.95013427734375
82.44268035888672
77.29145050048828
79.72651672363281
78.98566436767578
75.7022933959961
72.19361877441406
72.5477066040039
71.97916412353516
72.51272583007812
68.09890747070312
71.42161560058594
68.77864074707031
69.67364501953125
67.5149917602539
63.367950439453125
61.712432861328125
59.28932571411133
65.20784759521484
64.796875
64.89048767089844
56.58488464355469
61.57017517089844
60.181758880615234
56.04513931274414
56.9727668762207
56.426876068115234
58.21356201171875
55.72211456298828
56.95996856689453
50.895137786865234
52.97937774658203
53.40901184082031
51.586090087890625
50.263343811035156
51.14607238769531
50.13740921020508
49.61744689941406
46.021305084228516
52.33590316772461
52.59056091308594
49.81452941894531
48.48368453979492
46.182735443115234
47.19908142089844
49.62557601928711
50.294677734375
48.17212677001953
48.309329986572266
50.00181198120117
48.62562561035156
47.79039764404297
46.41389846801758
47.66838455200195
47.513938903808594
48.23252487182617
47.778404235839844
47.73768997192383
45.68587112426758
44.523155212402344
44.88411331176758
43.34489059448242
