132.6818389892578
139.4239501953125
132.86778259277344
135.3382568359375
132.88507080078125
141.87973022460938
133.22486877441406
136.68309020996094
137.62852478027344
140.0009002685547
125.66233825683594
130.17108154296875
127.8205795288086
124.92240142822266
138.52366638183594
132.9014434814453
130.82212829589844
134.3874969482422
130.11863708496094
126.1536865234375
125.88616180419922
129.97708129882812
122.7059097290039
129.77345275878906
122.99866485595703
126.1180648803711
119.73731994628906
124.19867706298828
130.00772094726562
120.19219207763672
122.66695404052734
124.83599853515625
121.55943298339844
122.59712982177734
112.06925201416016
116.2229995727539
118.9262466430664
117.2752914428711
117.27249145507812
110.79276275634766
111.92491912841797
105.09264373779297
105.96118927001953
112.63927459716797
106.07701873779297
111.53506469726562
105.75017547607422
106.5787124633789
98.9818115234375
105.31608581542969
96.30413055419922
101.98250579833984
95.54904174804688
101.87890625
92.41000366210938
97.478515625
91.8020248413086
94.34998321533203
91.88114929199219
91.51561737060547
90.29309844970703
90.14887237548828
82.96623229980469
84.39840698242188
80.28475189208984
80.45309448242188
75.51386260986328
77.50548553466797
71.21676635742188
71.62142944335938
63.026947021484375
63.29111862182617
61.91937255859375
58.01179504394531
53.6144905090332
51.44202423095703
47.244606018066406
46.03569412231445
40.11171340942383
42.156009674072266
39.77552795410156
37.02975845336914
32.20323944091797
31.961700439453125
30.932348251342773
30.27315902709961
26.644807815551758
25.519886016845703
25.200584411621094
26.043195724487305
23.973316192626953
21.720195770263672
23.868379592895508
25.31739616394043
22.14720916748047
20.42530632019043
22.465492248535156
21.026857376098633
19.344783782958984
19.681520462036133
17.10785675048828
19.20501708984375
18.882902145385742
19.86223602294922
17.356035232543945
21.008329391479492
18.13823890686035
18.97012710571289
18.697389602661133
17.356611251831055
16.783374786376953
16.496862411499023
19.06974983215332
15.60527229309082
19.09674072265625
17.395498275756836
19.032934188842773
17.858062744140625
18.22391700744629
17.662059783935547
