36.51224899291992
40.208274841308594
40.44950866699219
34.21792221069336
40.27864074707031
41.54315185546875
37.07540512084961
42.397029876708984
36.13258743286133
40.509315490722656
43.230384826660156
31.396337509155273
39.1617431640625
42.08027267456055
43.596431732177734
46.265655517578125
44.519561767578125
44.98234558105469
47.282535552978516
46.46500778198242
50.14802932739258
45.90361022949219
46.897708892822266
43.48765563964844
52.295162200927734
50.101070404052734
46.906612396240234
49.90827178955078
50.53557205200195
53.65827560424805
54.141395568847656
42.67781448364258
55.52306365966797
59.882179260253906
54.938411712646484
61.969940185546875
59.358909606933594
63.2155647277832
63.860328674316406
52.59513854980469
66.7913818359375
67.40277099609375
54.065773010253906
71.29380798339844
65.13135528564453
61.25487518310547
72.62425994873047
73.94226837158203
74.45053100585938
50.7307243347168
80.81800842285156
83.99908447265625
86.5003662109375
43.48460388183594
86.17350769042969
89.421875
88.42005157470703
81.57627868652344
94.30805206298828
91.94322967529297
96.3703384399414
103.99200439453125
98.16326904296875
103.22183227539062
106.49288940429688
111.57036590576172
115.14985656738281
119.75017547607422
116.52872467041016
121.73738861083984
112.73370361328125
101.0146255493164
121.87853240966797
140.6715545654297
124.34532928466797
140.25209045410156
149.80067443847656
153.91375732421875
157.32058715820312
175.2610321044922
176.65768432617188
167.59133911132812
145.67723083496094
138.25682067871094
197.0147705078125
189.78150939941406
218.4071044921875
193.9719696044922
228.17822265625
247.10316467285156
249.79635620117188
222.7229461669922
288.9446716308594
273.9612121582031
251.46388244628906
342.6682434082031
370.8083801269531
398.34088134765625
424.800537109375
495.77740478515625
499.5069885253906
530.5209350585938
505.83734130859375
683.7999267578125
639.453857421875
904.3121948242188
1057.992919921875
1206.6263427734375
1206.524169921875
1308.21435546875
3821.955078125
15270.884765625
30922.576171875
38261.84375
31441.26171875
16448.77734375
7063.3251953125
3141.35498046875
1157.3780517578125
1329.3553466796875
1366.845703125
1507.850830078125
1062.85009765625
1594.41552734375
1361.94384765625
785.8726196289062
1077.86376953125
841.5493774414062
1708.8323974609375
4869.27734375
1048.5418701171875
764.8280639648438
1555.283203125
1653.7589111328125
1589.84375
1638.0738525390625
1480.822265625
2249.827880859375
938.6969604492188
1424.826171875
2429.287109375
1652.0806884765625
426.8460388183594
1350.0513916015625
205.73301696777344
192.00448608398438
383.5264892578125
2854.54296875
1609.2073974609375
1341.2032470703125
2888.699951171875
2744.878662109375
2714.212890625
1588.8509521484375
9032.7333984375
1703.8917236328125
451.54693603515625
1015.0791625976562
1636.0689697265625
808.7064208984375
2987.36767578125
1732.4810791015625
229.7637939453125
1826.5806884765625
315.52862548828125
511.1657409667969
254.8045196533203
978.3143310546875
1535.3372802734375
1009.0404663085938
979.3082885742188
112.6443862915039
2668.921875
2593.944091796875
2161.721435546875
1183.787353515625
661.6131591796875
2420.466552734375
2731.0
3165.25
758.9691772460938
468.4242858886719
2003.24755859375
2197.65625
272.5824890136719
144.39071655273438
1786.5859375
2314.457275390625
957.5457763671875
267.8558349609375
2878.683349609375
3411.236083984375
6002.05810546875
650.8300170898438
423.4116516113281
2294.4873046875
2024.1993408203125
1482.67626953125
1354.033935546875
2087.92041015625
854.7438354492188
3360.741455078125
7091.49560546875
15743.3818359375
13451.4990234375
3992.60888671875
5383.31201171875
1421.1082763671875
1710.3070068359375
1183.134033203125
1495.2227783203125
1269.420166015625
465.051025390625
2516.6416015625
6512.181640625
7478.49462890625
5264.57421875
888.9302978515625
45.6319694519043
2071.772216796875
2292.7763671875
1480.0794677734375
1898.364990234375
1405.5224609375
527.8591918945312
3120.171630859375
6063.3271484375
4422.1748046875
1241.4798583984375
1006.1211547851562
1246.884521484375
427.89605712890625
1726.1658935546875
688.4196166992188
259.3763427734375
1252.478515625
1938.46435546875
677.1159057617188
991.5018920898438
189.1128692626953
1669.4293212890625
2189.9462890625
1713.5479736328125
1497.044677734375
1440.1630859375
2435.5390625
3909.161376953125
408.9580078125
457.4432373046875
166.51206970214844
656.3292236328125
1247.0577392578125
407.3478698730469
402.1617736816406
322.58734130859375
2045.081787109375
1013.2274780273438
805.7223510742188
228.59254455566406
1868.8106689453125
376.94189453125
307.8299255371094
651.737060546875
1489.97021484375
349.74908447265625
1350.36669921875
1307.6949462890625
631.3878173828125
1313.3319091796875
992.9705810546875
725.3976440429688
6000.0146484375
8558.1328125
6657.33154296875
2874.274658203125
1400.757568359375
199.80995178222656
580.7099609375
1564.582763671875
464.495361328125
1420.5784912109375
567.9498901367188
607.7200927734375
241.6451873779297
2043.4351806640625
8007.0693359375
11872.0029296875
6585.607421875
6751.82177734375
1691.1685791015625
197.0636444091797
1086.3714599609375
1388.697265625
1015.9141845703125
873.7637939453125
544.0304565429688
802.91455078125
2033.9915771484375
1679.5687255859375
632.74267578125
583.3045043945312
421.89227294921875
193.7054443359375
2090.15576171875
1204.0050048828125
291.1071472167969
579.9933471679688
609.232666015625
403.9048767089844
830.2667236328125
527.530029296875
838.4835815429688
367.89935302734375
217.50747680664062
2118.209228515625
321.7743225097656
166.62802124023438
230.93966674804688
1129.958251953125
241.04562377929688
1473.7603759765625
1277.5233154296875
1034.0748291015625
1242.882080078125
955.3486938476562
709.0670776367188
2006.7161865234375
1382.7337646484375
1956.9412841796875
1424.6378173828125
1448.8182373046875
231.4346466064453
758.2393188476562
932.4475708007812
284.6087951660156
918.5650024414062
360.53173828125
817.9946899414062
435.5389709472656
181.2834014892578
661.644775390625
2371.542724609375
2245.085205078125
621.87060546875
359.60546875
476.9131164550781
666.3157348632812
610.9990234375
551.4110107421875
73.2557601928711
963.7779541015625
2152.632080078125
3439.085205078125
1847.789306640625
534.9860229492188
303.9008483886719
525.770263671875
834.1392822265625
727.16943359375
164.29611206054688
376.89556884765625
1545.604248046875
2243.004638671875
249.93450927734375
773.6495361328125
140.64317321777344
220.20103454589844
454.9508972167969
875.3866577148438
588.1694946289062
185.1818084716797
908.8214721679688
2189.431884765625
3032.943359375
2150.346435546875
1092.317626953125
120.81694030761719
172.4760284423828
162.09255981445312
502.17236328125
1085.1939697265625
2873.2080078125
580.4000244140625
682.623046875
782.835693359375
764.5672607421875
481.7390441894531
559.2941284179688
1540.446533203125
3446.4619140625
666.9571533203125
394.0904235839844
731.408203125
848.215576171875
881.786376953125
1011.1533813476562
905.8616333007812
803.8671875
612.8538818359375
708.7806396484375
1422.1373291015625
290.3953857421875
118.0548095703125
495.8496398925781
165.92608642578125
233.51263427734375
800.4114379882812
831.1848754882812
815.3600463867188
821.0118408203125
781.8748168945312
110.76641082763672
171.61111450195312
631.4234008789062
1396.41455078125
241.90472412109375
115.0694808959961
342.1728820800781
286.7113952636719
779.5498046875
491.49176025390625
71.05374908447266
281.52752685546875
839.9496459960938
889.5551147460938
978.5242309570312
725.9066162109375
105.83378601074219
528.552734375
692.52587890625
516.4113159179688
217.6232452392578
263.1956787109375
501.2076416015625
529.0147094726562
296.0373229980469
346.1139831542969
361.8702697753906
91.75399017333984
335.3430480957031
630.6769409179688
450.3972473144531
736.927978515625
645.2080688476562
222.79135131835938
620.5762939453125
192.45413208007812
188.72589111328125
212.35841369628906
368.0716552734375
846.2714233398438
586.7073974609375
252.2510223388672
209.80917358398438
585.6669921875
37.754695892333984
698.3102416992188
658.423828125
800.9493408203125
601.357421875
214.6461181640625
248.4115753173828
786.0903930664062
898.0094604492188
539.0863647460938
410.87603759765625
540.4224853515625
297.9160461425781
713.5972290039062
521.009033203125
658.2299194335938
625.978515625
447.12738037109375
164.4816436767578
530.2611694335938
515.957763671875
1348.058349609375
206.90493774414062
408.1537170410156
445.9275207519531
593.4788818359375
652.66455078125
176.73724365234375
317.20684814453125
593.2865600585938
684.6714477539062
719.486328125
1051.806884765625
670.2627563476562
437.7605895996094
62.17421340942383
577.8419189453125
564.737548828125
497.7388916015625
301.7326354980469
276.69677734375
219.4453582763672
686.4403686523438
306.1494445800781
94.0532455444336
177.60528564453125
210.19309997558594
630.6591186523438
124.5825424194336
441.49755859375
497.0394592285156
510.2146911621094
40.312049865722656
480.5636901855469
684.5943603515625
1310.5352783203125
735.4584350585938
400.8962097167969
131.77198791503906
133.47618103027344
37.90721130371094
408.8111877441406
178.53778076171875
119.50554656982422
281.39892578125
474.8952331542969
701.7738037109375
1068.87060546875
623.4909057617188
159.61907958984375
262.9781188964844
548.3648681640625
199.2035369873047
285.5513000488281
1023.0003662109375
423.29107666015625
81.32246398925781
351.5736389160156
380.4305114746094
508.5633239746094
641.0877685546875
491.3792419433594
575.1309204101562
300.0528564453125
275.68023681640625
877.5862426757812
273.6587219238281
318.2293395996094
476.2658996582031
381.01605224609375
64.2144775390625
324.8641662597656
96.85042572021484
531.8165893554688
549.0068359375
686.7989501953125
570.9497680664062
565.3543090820312
362.4477844238281
700.4271240234375
123.89842224121094
262.98956298828125
202.33184814453125
602.86962890625
290.3635559082031
456.49676513671875
534.5216674804688
103.3211898803711
600.6693725585938
377.73046875
605.92138671875
545.3414916992188
260.3336181640625
103.6444320678711
172.10728454589844
223.0650634765625
67.53768920898438
434.3511962890625
50.6507568359375
32.96564483642578
235.17135620117188
132.4491424560547
793.3519287109375
1008.916748046875
218.9994659423828
40.73737335205078
32.77181625366211
505.6694030761719
196.28456115722656
314.7630920410156
300.6101989746094
180.358154296875
156.4351043701172
55.62576675415039
67.50022888183594
272.89605712890625
472.7061767578125
1123.7152099609375
591.3289794921875
406.8138122558594
447.75848388671875
559.7383422851562
579.2122192382812
567.4190673828125
362.0082092285156
244.65029907226562
215.4035186767578
237.91795349121094
584.386962890625
906.73486328125
278.9211120605469
190.47657775878906
255.70091247558594
310.4900207519531
124.62068939208984
178.22943115234375
515.86962890625
157.06521606445312
277.3174743652344
208.7511749267578
70.55914306640625
193.56292724609375
94.3547134399414
338.224853515625
43.99082565307617
269.5011291503906
240.20095825195312
258.6147155761719
84.90412139892578
508.9533386230469
423.4696960449219
222.8450927734375
100.4521484375
150.86334228515625
240.8333282470703
150.55088806152344
286.2855224609375
71.13472747802734
493.31561279296875
581.0237426757812
188.4993438720703
334.5496520996094
443.5104064941406
418.5955810546875
157.28517150878906
136.85638427734375
674.7364501953125
708.3243408203125
1769.2357177734375
986.7908935546875
1080.677734375
250.39698791503906
93.73102569580078
201.39276123046875
257.734619140625
66.49286651611328
138.35520935058594
98.61102294921875
408.05242919921875
87.17733001708984
43.38560485839844
567.7735595703125
260.9449462890625
130.57371520996094
164.50494384765625
416.06488037109375
877.5756225585938
51.768062591552734
295.0522766113281
129.8693084716797
386.03961181640625
61.80711364746094
558.1902465820312
545.0375366210938
27.293113708496094
328.4690246582031
175.16847229003906
500.8042907714844
303.9366149902344
467.74029541015625
353.8401184082031
58.0776252746582
831.9526977539062
174.6157989501953
364.8942565917969
261.1885681152344
159.74148559570312
115.84938049316406
211.5318603515625
196.72042846679688
106.56613159179688
759.3683471679688
105.16434478759766
318.47637939453125
1419.1343994140625
601.0845336914062
331.25347900390625
153.46514892578125
401.4219055175781
390.9225158691406
349.91864013671875
220.41546630859375
189.36361694335938
274.254150390625
282.2620544433594
142.12510681152344
799.005615234375
153.3031463623047
233.2091064453125
246.42764282226562
20.303647994995117
260.1174011230469
319.1541442871094
76.397216796875
342.62908935546875
170.04443359375
1087.0128173828125
58.16401672363281
29.799457550048828
206.92050170898438
458.9610900878906
69.9660873413086
461.66973876953125
454.4920959472656
351.68707275390625
315.1299743652344
480.46673583984375
79.61842346191406
523.324951171875
373.37908935546875
191.14837646484375
1194.4498291015625
190.4788818359375
108.8165054321289
148.33287048339844
245.98866271972656
477.2842102050781
181.02980041503906
210.5857696533203
256.2890625
168.66220092773438
272.5715637207031
156.38206481933594
117.3131332397461
167.2321014404297
56.02995300292969
549.5183715820312
354.2034912109375
356.99163818359375
346.7436218261719
511.5992431640625
485.2114562988281
331.62994384765625
443.0806579589844
217.15621948242188
296.3134765625
202.86700439453125
205.51260375976562
1323.524169921875
54.91604995727539
389.9498291015625
282.8173828125
315.5895690917969
71.43193817138672
381.2497863769531
56.94779586791992
347.00555419921875
90.82928466796875
124.3985824584961
57.29719543457031
18.885419845581055
445.2975769042969
113.14663696289062
228.2196502685547
366.8275146484375
64.92559051513672
71.92920684814453
396.2861633300781
164.01158142089844
409.7829284667969
39.97510528564453
68.55393981933594
316.6851501464844
206.0808563232422
146.59280395507812
83.72785186767578
55.96782684326172
179.23948669433594
233.5445556640625
343.0979309082031
596.1340942382812
200.11590576171875
526.8743896484375
749.3467407226562
281.3655090332031
290.7658386230469
246.40701293945312
219.0382080078125
229.8180694580078
165.22012329101562
85.94979095458984
51.11908721923828
156.08937072753906
375.10235595703125
211.5345916748047
335.9516906738281
362.86773681640625
94.97852325439453
319.708251953125
131.43499755859375
33.083831787109375
296.5732421875
700.3908081054688
552.3959350585938
394.41339111328125
317.23004150390625
268.9059753417969
149.34298706054688
142.64193725585938
18.984804153442383
100.50521087646484
136.99505615234375
201.15492248535156
531.9552612304688
686.65771484375
600.6800537109375
91.0311508178711
134.0769805908203
53.840911865234375
50.54558181762695
176.43914794921875
130.60047912597656
167.5114288330078
883.9752807617188
112.86322021484375
469.51904296875
48.332027435302734
230.8275146484375
654.8499755859375
31.120630264282227
55.199951171875
151.63600158691406
392.5732116699219
263.1220703125
419.5950012207031
239.06932067871094
275.6361083984375
372.440673828125
398.5447082519531
348.77337646484375
261.3055114746094
748.2967529296875
162.03977966308594
168.48171997070312
142.1474151611328
329.53997802734375
212.0724334716797
88.3668212890625
342.34429931640625
309.4278259277344
278.9681396484375
380.07965087890625
145.06532287597656
152.90005493164062
26.593198776245117
687.178955078125
49.21945571899414
169.1770477294922
65.52892303466797
131.9419708251953
377.971923828125
382.8045349121094
383.1906433105469
445.1399230957031
360.79962158203125
294.2932434082031
107.48834991455078
32.34342575073242
296.4031066894531
936.4736938476562
563.7164916992188
634.3218383789062
699.3226318359375
61.06367111206055
43.488067626953125
28.088115692138672
232.09832763671875
123.88875579833984
68.2290267944336
421.654541015625
466.42767333984375
466.27362060546875
484.60498046875
488.86871337890625
496.5210876464844
269.7215881347656
149.26416015625
190.50526428222656
441.5987243652344
141.94851684570312
324.3622741699219
1104.98974609375
450.79583740234375
230.14224243164062
702.3153076171875
48.821128845214844
58.81924057006836
207.2067413330078
196.96743774414062
193.25836181640625
263.0418395996094
257.2423095703125
306.087890625
294.1397399902344
122.89714813232422
176.33628845214844
783.009521484375
830.9765014648438
489.6199951171875
1041.37841796875
793.9663696289062
88.15319061279297
48.07139205932617
82.85065460205078
29.140363693237305
36.31464767456055
354.74407958984375
543.8502197265625
93.19010162353516
244.43858337402344
210.78897094726562
569.2801513671875
256.9345703125
218.16688537597656
111.98335266113281
173.64605712890625
526.7821044921875
255.10189819335938
414.0314636230469
701.5223999023438
221.34971618652344
192.4758758544922
82.86958312988281
240.4064178466797
246.04759216308594
384.44677734375
457.51983642578125
304.8284606933594
365.7325744628906
61.09474563598633
427.4344482421875
454.55328369140625
18.14459800720215
43.97650909423828
125.1700668334961
66.12773132324219
274.41204833984375
91.95861053466797
739.4073486328125
130.37094116210938
208.9365997314453
267.7954406738281
74.81671905517578
47.648414611816406
194.5785675048828
193.2066650390625
156.25193786621094
38.3362922668457
227.30157470703125
215.03530883789062
329.5698547363281
206.35018920898438
90.74153900146484
93.83596801757812
522.580078125
435.9728698730469
676.8280029296875
958.5103759765625
49.14208221435547
175.77593994140625
333.86334228515625
249.38661193847656
66.89312744140625
182.6210479736328
420.8111877441406
152.9048309326172
402.6585998535156
407.6500244140625
377.49090576171875
413.6455993652344
379.05767822265625
303.72784423828125
281.3982849121094
90.54364013671875
579.269775390625
70.48145294189453
63.14038848876953
210.0416717529297
62.468441009521484
288.2326354980469
276.2436218261719
314.0341491699219
315.8133850097656
337.2001953125
23.71993637084961
44.46343231201172
176.78225708007812
136.84715270996094
506.0133361816406
201.52796936035156
277.6692199707031
154.7605438232422
232.11692810058594
59.86062240600586
179.18226623535156
164.6295623779297
353.11767578125
505.67926025390625
53.96330261230469
241.3740692138672
267.07781982421875
239.684326171875
101.46037292480469
150.42478942871094
78.82733917236328
154.48773193359375
37.431373596191406
48.23554229736328
39.63321304321289
449.1685485839844
777.2096557617188
859.6157836914062
45.66989517211914
121.92823028564453
325.5594787597656
91.88086700439453
294.5859375
220.25765991210938
294.680419921875
281.34808349609375
247.54734802246094
165.42510986328125
102.69690704345703
109.66858673095703
156.6412353515625
267.1671447753906
579.5584106445312
192.75279235839844
115.15892791748047
468.3683166503906
184.2740478515625
138.2443389892578
32.11758804321289
142.3880615234375
219.08041381835938
102.28507995605469
195.80087280273438
53.25618362426758
110.2890853881836
1066.3389892578125
268.5211181640625
65.05332946777344
233.71566772460938
182.13475036621094
208.1951904296875
137.81272888183594
236.5635223388672
407.6937561035156
356.5914001464844
92.55377197265625
187.6139373779297
383.1606140136719
288.9264831542969
185.03662109375
57.93205261230469
34.24365234375
46.465824127197266
72.62290954589844
134.7196502685547
188.08799743652344
161.3238983154297
370.52288818359375
100.08102416992188
68.97390747070312
206.6276397705078
131.8855743408203
356.2911071777344
108.66075134277344
50.36756896972656
136.14732360839844
346.8815612792969
162.6112060546875
260.8891296386719
270.24334716796875
62.40833282470703
254.83746337890625
346.4744567871094
295.8398132324219
318.30889892578125
191.1536865234375
175.44602966308594
400.6008605957031
23.962783813476562
136.72035217285156
139.20655822753906
423.8211975097656
96.50502014160156
207.61532592773438
85.08094024658203
220.24598693847656
98.0727310180664
61.55801773071289
128.5701904296875
90.03087615966797
622.9651489257812
124.91301727294922
108.59019470214844
622.5438842773438
33.058937072753906
105.41471099853516
43.02196502685547
39.672786712646484
22.05459976196289
18.572954177856445
21.57306480407715
526.106689453125
27.930871963500977
91.51338958740234
30.799856185913086
65.01136779785156
10.15516185760498
189.2788543701172
26.22677230834961
18.42496681213379
120.20103454589844
62.4329948425293
104.54710388183594
134.7715606689453
343.3457946777344
62.61388397216797
204.53994750976562
196.8024139404297
222.5969696044922
56.73847961425781
19.691097259521484
937.4290771484375
26.8660888671875
74.35910034179688
96.00782012939453
988.174072265625
40.24471664428711
85.12423706054688
24.4182186126709
221.46780395507812
302.62261962890625
95.41962432861328
175.08599853515625
95.7840576171875
158.90347290039062
244.13137817382812
123.65523529052734
116.15975952148438
78.94019317626953
89.8759765625
72.89667510986328
347.4438781738281
172.02899169921875
133.30441284179688
262.60577392578125
162.10678100585938
121.9404067993164
160.0322723388672
225.5636749267578
20.4265079498291
152.68338012695312
177.82757568359375
149.81040954589844
476.1042785644531
29.531341552734375
83.59590148925781
68.4144058227539
70.92066192626953
462.1229553222656
145.75181579589844
91.17274475097656
133.0106201171875
122.80767059326172
272.713134765625
67.27474212646484
314.25726318359375
239.29420471191406
172.69122314453125
113.8727035522461
173.23110961914062
253.8783416748047
747.4970703125
204.76747131347656
261.8591613769531
37.64361572265625
102.4778060913086
93.25267028808594
157.7268829345703
54.433189392089844
191.04473876953125
206.84120178222656
198.0100860595703
126.99600219726562
275.96343994140625
286.6531982421875
19.109363555908203
73.13335418701172
185.35194396972656
117.29531860351562
201.48281860351562
49.40306091308594
476.57177734375
80.80181884765625
64.61808013916016
81.74855041503906
22.729286193847656
64.37870025634766
100.88038635253906
40.06467819213867
58.35590744018555
145.15591430664062
493.0758361816406
322.0538024902344
44.17817687988281
192.1489715576172
157.9585723876953
224.1814422607422
197.7755584716797
100.84010314941406
13.997859954833984
71.62150573730469
970.5778198242188
112.78817749023438
535.4100952148438
52.63131332397461
131.2628936767578
40.752994537353516
136.95919799804688
697.9860229492188
231.51095581054688
26.448135375976562
128.7556610107422
281.4953918457031
156.76864624023438
265.8922424316406
243.291748046875
233.0709686279297
398.6475830078125
135.66629028320312
141.10421752929688
72.99984741210938
35.656349182128906
774.5603637695312
147.1668243408203
355.045654296875
821.6422119140625
708.0380859375
202.9744873046875
224.86636352539062
83.72444152832031
478.6041564941406
216.42996215820312
223.63223266601562
142.41563415527344
205.59556579589844
220.9029541015625
16.7255916595459
232.6995086669922
48.05180358886719
62.01171875
47.415828704833984
22.529808044433594
228.70777893066406
249.51158142089844
425.0828552246094
325.27978515625
851.2024536132812
655.7266845703125
42.243038177490234
491.3825378417969
73.76911163330078
122.79430389404297
115.15666198730469
214.64089965820312
172.9023895263672
169.6017608642578
42.52066421508789
136.76197814941406
85.47962188720703
454.5162658691406
300.150146484375
175.79046630859375
424.0587463378906
32.293514251708984
357.85540771484375
36.32060241699219
125.0793685913086
67.38919830322266
134.76966857910156
153.22463989257812
59.03044509887695
271.0928955078125
45.01652908325195
127.20658874511719
1260.6260986328125
311.11407470703125
13.494061470031738
448.7300109863281
262.2122497558594
35.82302474975586
196.7266082763672
270.13275146484375
247.41334533691406
163.2898712158203
274.86016845703125
139.3392333984375
150.8509521484375
367.3204650878906
86.8688735961914
212.67665100097656
214.78634643554688
96.10369873046875
19.650251388549805
119.87870025634766
158.56353759765625
30.86589813232422
137.90133666992188
131.9299774169922
20.522214889526367
300.3812255859375
450.7080993652344
106.28843688964844
116.63510131835938
37.58669662475586
47.263038635253906
163.60467529296875
241.0592803955078
576.06787109375
77.30484771728516
17.26947021484375
46.02457809448242
107.45146179199219
75.41339874267578
90.76506805419922
166.373291015625
44.63808822631836
348.3021240234375
54.76425552368164
66.1382064819336
60.99563980102539
217.162841796875
85.29930877685547
259.50018310546875
196.8105010986328
183.52200317382812
23.169750213623047
52.40423583984375
25.098493576049805
89.9315185546875
676.84716796875
155.35958862304688
171.7327423095703
102.02862548828125
287.3164978027344
27.958721160888672
252.0240936279297
129.63612365722656
335.2694396972656
34.41441345214844
314.0088195800781
350.1811828613281
320.3099670410156
277.4067687988281
170.0591278076172
194.81353759765625
255.73153686523438
144.5195770263672
99.94113159179688
884.2742919921875
497.77056884765625
121.97100067138672
46.54471206665039
130.86109924316406
610.7150268554688
367.63397216796875
289.6791687011719
96.48921966552734
140.43951416015625
192.20864868164062
128.97747802734375
123.16251373291016
216.70895385742188
73.35043334960938
253.66351318359375
76.80233764648438
47.425235748291016
476.423828125
41.74373245239258
643.8739013671875
260.5339660644531
82.9640121459961
183.6017303466797
156.14364624023438
110.7055435180664
59.942901611328125
104.46157836914062
34.4478874206543
20.654325485229492
120.16809844970703
62.02544403076172
664.3624877929688
133.51718139648438
24.60023307800293
93.32189178466797
5.265769004821777
91.16471099853516
116.18595123291016
38.390193939208984
427.3267822265625
142.2081298828125
196.8526611328125
93.27498626708984
21.589662551879883
467.1188659667969
77.96273803710938
87.3666763305664
41.57954788208008
43.98004913330078
83.38140869140625
520.180419921875
136.8094482421875
106.17717742919922
37.153160095214844
56.6374626159668
79.59171295166016
65.89812469482422
38.65857696533203
38.64641189575195
84.14228057861328
32.687957763671875
24.691871643066406
86.04225158691406
199.55726623535156
149.95269775390625
450.0065002441406
120.66572570800781
94.24503326416016
85.76869201660156
179.42832946777344
403.73919677734375
145.26133728027344
156.20445251464844
122.2559585571289
19.577911376953125
121.04837036132812
16.752452850341797
45.84746170043945
158.9285430908203
30.699604034423828
38.15007781982422
110.95508575439453
101.05350494384766
477.18341064453125
211.89622497558594
128.6667022705078
160.28192138671875
377.595458984375
260.92498779296875
83.8408203125
24.66407585144043
136.94207763671875
70.74476623535156
94.24469757080078
434.8241882324219
45.95159149169922
462.7675476074219
36.05592346191406
470.2608642578125
234.46546936035156
49.77288818359375
72.4026870727539
45.941978454589844
31.315929412841797
13.84276008605957
83.7500228881836
779.4983520507812
153.2608184814453
636.8450927734375
77.46405792236328
406.80096435546875
50.45404815673828
82.11074829101562
66.9697265625
146.69371032714844
98.92611694335938
94.49617004394531
367.122802734375
85.92528533935547
58.003021240234375
31.731365203857422
434.82672119140625
73.03451538085938
36.026424407958984
106.51102447509766
45.17784118652344
330.7088623046875
7.914519309997559
75.26605224609375
129.42774963378906
78.16912841796875
213.68211364746094
148.23562622070312
82.22591400146484
194.73046875
36.449928283691406
339.20391845703125
87.60613250732422
22.44145965576172
37.82002639770508
509.84521484375
601.3049926757812
30.645179748535156
91.8144302368164
36.51381301879883
111.34805297851562
28.2634220123291
60.16135025024414
46.776817321777344
24.823171615600586
89.36751556396484
127.23493957519531
110.42862701416016
305.61468505859375
63.34502029418945
468.59246826171875
181.02752685546875
55.63485336303711
20.744720458984375
129.84889221191406
148.6598358154297
21.283985137939453
107.95359802246094
30.88144874572754
403.5649108886719
132.98910522460938
731.0902099609375
64.61433410644531
50.40174102783203
69.1729965209961
57.056182861328125
80.54655456542969
79.64289093017578
212.07351684570312
23.5342960357666
430.1119689941406
77.5545425415039
280.1462707519531
267.3204650878906
42.860633850097656
148.94703674316406
11.144076347351074
89.77533721923828
45.02886962890625
80.93629455566406
149.29026794433594
129.52609252929688
179.87179565429688
102.23103332519531
141.62274169921875
19.141096115112305
119.56218719482422
101.30059814453125
66.82304382324219
64.82923126220703
116.46327209472656
32.96946716308594
53.83189010620117
450.1463623046875
832.2149658203125
92.2868423461914
232.46153259277344
531.9847412109375
22.484018325805664
168.7563018798828
163.1191864013672
191.81332397460938
220.58380126953125
229.5620880126953
154.61656188964844
291.09283447265625
256.9319763183594
93.63968658447266
213.24082946777344
331.12994384765625
264.9252014160156
240.2142333984375
205.62213134765625
250.068115234375
165.20736694335938
51.28800582885742
448.9290771484375
307.75250244140625
96.9013442993164
58.17083740234375
578.5767822265625
71.00668334960938
89.82192993164062
154.92050170898438
103.9617919921875
25.97517204284668
49.736167907714844
87.69171142578125
20.257905960083008
49.100494384765625
561.4862670898438
29.878496170043945
76.28800964355469
138.50160217285156
231.8319549560547
340.2815246582031
77.59858703613281
600.5238037109375
15.580008506774902
145.41839599609375
127.16803741455078
230.64059448242188
97.32118225097656
198.7650909423828
94.14030456542969
110.93604278564453
52.89710998535156
94.5836181640625
64.2835464477539
202.66329956054688
193.08358764648438
96.5960464477539
134.81036376953125
568.184326171875
1118.5701904296875
56.90214157104492
31.95321273803711
267.4856262207031
37.48235321044922
276.15924072265625
221.81716918945312
184.50375366210938
126.48099517822266
153.62669372558594
232.14483642578125
260.52020263671875
266.4368896484375
214.4476776123047
193.502685546875
168.80764770507812
211.48675537109375
232.95384216308594
168.4858856201172
172.9770050048828
77.55638122558594
77.03392028808594
108.81538391113281
258.5545654296875
24.495460510253906
74.85619354248047
24.792104721069336
357.5052490234375
42.96718978881836
92.73213195800781
32.6494140625
37.39365768432617
197.42189025878906
115.35969543457031
26.216938018798828
74.81890106201172
371.5127258300781
405.4911193847656
654.3787841796875
17.707902908325195
233.9365997314453
105.99054718017578
203.07266235351562
151.2343292236328
119.11865997314453
354.714111328125
196.08775329589844
120.23085021972656
275.34918212890625
421.7525634765625
354.54754638671875
10.741961479187012
53.01541519165039
271.5296936035156
118.97587585449219
554.3739624023438
68.63965606689453
27.651031494140625
109.61952209472656
218.10275268554688
248.47140502929688
28.150732040405273
159.0035858154297
49.72858428955078
57.93919372558594
107.67024230957031
159.06027221679688
158.03207397460938
115.4764175415039
43.47422409057617
133.85279846191406
133.37123107910156
96.58477020263672
119.85863494873047
46.964595794677734
53.76340103149414
74.7311782836914
165.90182495117188
62.46415328979492
286.665283203125
36.11155700683594
65.21614837646484
27.66324234008789
112.17456817626953
345.9920654296875
523.0679931640625
41.91877746582031
50.58538818359375
68.35733032226562
46.975833892822266
36.11035919189453
41.9499397277832
423.95068359375
266.2483215332031
104.74807739257812
49.2529182434082
485.58489990234375
17.612207412719727
56.70121765136719
153.11978149414062
140.45111083984375
87.45594787597656
155.7340850830078
123.0629653930664
66.5409164428711
78.25933074951172
32.56779861450195
49.612876892089844
94.01130676269531
13.252023696899414
64.19589233398438
67.89179229736328
158.25091552734375
535.0467529296875
112.0279769897461
236.47744750976562
98.6918716430664
36.41743850708008
66.06703186035156
123.28678131103516
105.75524139404297
215.335693359375
149.85470581054688
479.9259033203125
78.55633544921875
47.10711669921875
419.7333679199219
39.801185607910156
476.2889099121094
358.5302734375
80.38160705566406
44.705318450927734
15.224520683288574
21.98359489440918
205.18667602539062
73.61419677734375
42.32752227783203
50.197635650634766
146.3121337890625
43.93168258666992
106.19882202148438
83.9066390991211
114.20244598388672
54.60966110229492
72.25370025634766
54.26420593261719
100.9153823852539
84.99754333496094
74.22074127197266
43.99276351928711
417.14227294921875
601.704345703125
14.563206672668457
495.0016174316406
25.940338134765625
13.576746940612793
26.209985733032227
104.82618713378906
113.45018005371094
58.446895599365234
57.303550720214844
191.32968139648438
194.07431030273438
122.79853057861328
26.218416213989258
13.782151222229004
909.637451171875
296.803466796875
95.74479675292969
22.91733741760254
15.474936485290527
29.266014099121094
363.3368225097656
14.630470275878906
224.9339141845703
375.1406555175781
65.99114990234375
135.4693145751953
45.28449249267578
162.96865844726562
49.889469146728516
107.62455749511719
150.4487762451172
175.95799255371094
130.79554748535156
18.631492614746094
17.8586483001709
84.2724838256836
93.87903594970703
68.94470977783203
13.309538841247559
23.096609115600586
64.79228973388672
45.353721618652344
51.528751373291016
51.25569152832031
213.27423095703125
297.0534973144531
171.80029296875
86.0352783203125
259.6055603027344
245.56593322753906
193.41189575195312
94.54264068603516
37.24146270751953
171.26589965820312
289.3146057128906
98.37706756591797
25.299057006835938
186.93186950683594
128.8231964111328
125.0025863647461
26.119224548339844
72.4518814086914
28.71930694580078
67.18607330322266
1294.8460693359375
58.16636657714844
88.34500122070312
303.1617126464844
109.3114242553711
91.75263214111328
17.15266227722168
76.81767272949219
29.54466438293457
387.9311218261719
102.58647155761719
156.82496643066406
285.5295715332031
92.39598083496094
109.07184600830078
34.91743850708008
127.1054458618164
74.93624877929688
380.2713317871094
72.97438049316406
28.9670352935791
20.231468200683594
65.94041442871094
39.5496711730957
911.8072509765625
1107.20849609375
90.15103912353516
369.4288635253906
482.7301330566406
62.83218002319336
12.449502944946289
82.99598693847656
20.16338539123535
18.71613883972168
76.68856811523438
23.5612850189209
187.73129272460938
696.2081298828125
139.8261260986328
73.3501968383789
23.85980796813965
116.0839614868164
12.480257987976074
75.18389892578125
13.347698211669922
119.60222625732422
93.89786529541016
358.8473205566406
42.8879280090332
478.3904113769531
18.022306442260742
100.44878387451172
53.19287872314453
209.13385009765625
78.62594604492188
23.63644790649414
56.251808166503906
59.965938568115234
85.0444564819336
67.07610321044922
141.3033447265625
322.8195495605469
69.63294219970703
258.8980407714844
48.14588165283203
69.64093017578125
134.0587615966797
51.43522262573242
301.26678466796875
86.27938842773438
42.81868362426758
73.97356414794922
39.890159606933594
44.41258239746094
191.61874389648438
92.56924438476562
57.67136001586914
484.1596374511719
42.79270935058594
38.30268859863281
800.1743774414062
30.661558151245117
43.48435592651367
253.8016357421875
158.28094482421875
98.60079193115234
154.020751953125
138.187744140625
207.0032196044922
206.94041442871094
99.62435150146484
195.3590850830078
47.06402587890625
196.2945556640625
75.47978973388672
156.86561584472656
36.081268310546875
77.12158203125
336.3382873535156
266.6114196777344
133.4628448486328
85.80411529541016
107.64207458496094
144.63560485839844
145.41525268554688
164.8801727294922
102.58358001708984
134.6843719482422
123.26818084716797
91.46758270263672
32.8026123046875
19.98023223876953
15.144299507141113
12.316872596740723
93.3858642578125
405.2535400390625
76.97151947021484
32.79145050048828
86.57916259765625
65.69282531738281
217.4295196533203
21.667539596557617
308.8030700683594
56.04503631591797
55.124847412109375
19.17527198791504
29.91523551940918
115.50537872314453
33.953163146972656
20.64046859741211
6.99138069152832
115.97663879394531
88.14094543457031
65.57415771484375
156.5657501220703
26.392414093017578
131.38372802734375
16.383895874023438
352.13983154296875
103.19401550292969
77.06256866455078
30.85581398010254
726.4019165039062
206.98426818847656
111.96195220947266
65.42684936523438
296.1211242675781
45.14947509765625
69.5331039428711
193.56080627441406
143.90333557128906
41.59362030029297
583.4144897460938
187.7113037109375
65.03214263916016
99.1360092163086
110.54334259033203
77.67119598388672
151.86148071289062
109.84271240234375
372.82958984375
67.36920166015625
45.424808502197266
90.15386962890625
62.53091812133789
94.95462036132812
52.00196838378906
13.149758338928223
321.646240234375
15.48184585571289
174.636962890625
50.870826721191406
104.05208587646484
8.02661418914795
38.63003921508789
82.359130859375
473.1429443359375
478.9192810058594
81.37213897705078
68.03013610839844
13.646200180053711
64.29939270019531
34.6496467590332
198.8764190673828
609.3699951171875
57.59973907470703
274.11004638671875
352.6160583496094
130.13291931152344
144.22552490234375
62.82972717285156
138.0986328125
18.41843032836914
93.06117248535156
41.12838363647461
110.88494873046875
41.67870330810547
42.1877555847168
352.87298583984375
37.0174674987793
280.68231201171875
84.23399353027344
32.32068634033203
104.08158874511719
503.26959228515625
150.8587188720703
56.29308319091797
102.90713500976562
487.4681701660156
33.326812744140625
99.68695831298828
22.383220672607422
133.7864227294922
6.951966762542725
23.92034912109375
6.9100871086120605
368.9849548339844
40.8830680847168
143.2244415283203
35.88877487182617
495.107421875
339.5870056152344
27.383724212646484
97.2738037109375
123.85248565673828
377.73797607421875
325.20440673828125
114.66815185546875
121.13795471191406
295.91937255859375
32.18943405151367
98.73136901855469
196.41372680664062
523.3816528320312
100.09963989257812
73.7261962890625
51.65938186645508
194.54965209960938
170.68585205078125
101.4338607788086
156.35723876953125
71.50836181640625
145.0789031982422
74.90843200683594
69.05689239501953
501.4391784667969
390.21160888671875
266.2877502441406
382.3324890136719
553.0980834960938
347.5354309082031
285.9267883300781
46.791656494140625
35.389984130859375
38.76978302001953
102.83519744873047
211.47628784179688
250.68148803710938
168.42752075195312
207.27989196777344
88.99776458740234
254.79966735839844
98.19200897216797
64.0745620727539
219.4339599609375
216.27052307128906
205.84104919433594
75.4318618774414
73.27760314941406
247.73162841796875
140.1223907470703
162.024658203125
403.0768127441406
154.36045837402344
24.705486297607422
94.68576049804688
101.3332290649414
86.54757690429688
40.48845291137695
55.9709358215332
8.355462074279785
69.40068817138672
501.1732482910156
95.8681411743164
326.8359069824219
108.87837982177734
37.109073638916016
36.358314514160156
415.828369140625
451.6566467285156
126.26887512207031
18.885272979736328
27.443567276000977
83.70866394042969
273.20404052734375
302.9281005859375
50.23471450805664
330.0237121582031
119.43439483642578
454.5509338378906
25.231441497802734
23.697372436523438
150.57421875
156.61180114746094
166.1210174560547
295.0601806640625
74.69471740722656
205.32217407226562
194.1067352294922
146.9437255859375
203.38172912597656
33.60654067993164
63.060455322265625
116.30655670166016
431.9979248046875
73.98747253417969
218.99354553222656
107.56047821044922
144.51919555664062
58.611446380615234
142.3574676513672
124.63770294189453
37.35927200317383
55.39291763305664
207.89642333984375
99.70639038085938
565.8657836914062
594.9791870117188
23.99074363708496
202.35287475585938
478.2091064453125
126.9747543334961
59.36371612548828
77.48255157470703
88.82841491699219
12.991276741027832
118.1297607421875
43.03571319580078
35.63187026977539
75.635009765625
36.73133087158203
77.24539947509766
250.96282958984375
80.58036041259766
42.928550720214844
163.36764526367188
75.46785736083984
133.87936401367188
10.87462043762207
201.57383728027344
55.171775817871094
343.606201171875
41.005592346191406
106.59220886230469
52.40851593017578
94.23533630371094
118.49593353271484
95.06788635253906
237.62493896484375
32.856170654296875
187.55557250976562
40.33106231689453
79.82026672363281
86.6811294555664
82.41165924072266
125.00389862060547
77.1034164428711
22.51283836364746
22.72014617919922
97.46036529541016
114.0302963256836
269.4765930175781
140.29409790039062
186.7257843017578
116.6141128540039
76.83988189697266
71.09977722167969
282.0765380859375
61.6821174621582
92.2038345336914
44.465126037597656
196.75221252441406
71.75273132324219
313.4664611816406
46.99870300292969
53.77228546142578
99.74844360351562
31.868783950805664
23.923355102539062
64.09925079345703
2.4895739555358887
100.86297607421875
18.147350311279297
65.41007232666016
17.830596923828125
55.787193298339844
264.7674560546875
62.279415130615234
71.83738708496094
83.36083221435547
114.04080200195312
36.56119918823242
408.65802001953125
39.97978210449219
131.2582550048828
65.48148345947266
79.32794189453125
45.89397430419922
435.58441162109375
37.0887336730957
11.219655990600586
331.4419860839844
89.03422546386719
72.12547302246094
53.26068878173828
14.735374450683594
99.14598083496094
34.6414794921875
95.54581451416016
20.838655471801758
196.79527282714844
30.61362075805664
33.859275817871094
397.3622131347656
76.5978775024414
88.6546630859375
468.2914733886719
96.90711212158203
22.932228088378906
374.65948486328125
67.71414947509766
976.6599731445312
20.2750244140625
12.374696731567383
35.13739776611328
304.9116516113281
123.65192413330078
73.81397247314453
57.45843505859375
78.70210266113281
38.19818878173828
29.664518356323242
13.576948165893555
36.07598876953125
274.6399841308594
41.70090103149414
60.569156646728516
25.192033767700195
95.58325958251953
58.732017517089844
122.52959442138672
22.200517654418945
17.2703800201416
372.2331237792969
49.16079330444336
46.74189758300781
13.467935562133789
8.09337329864502
16.333431243896484
21.87800407409668
54.18573760986328
68.71968841552734
97.35089111328125
295.2867126464844
39.18225860595703
272.8399353027344
42.239234924316406
353.8625183105469
353.0623779296875
136.6102294921875
81.43739318847656
145.528076171875
121.19667053222656
218.33558654785156
153.8973846435547
104.33988189697266
216.03604125976562
29.575891494750977
66.9285888671875
97.86612701416016
143.33226013183594
119.0159683227539
735.7916870117188
47.23320007324219
59.084312438964844
9.766450881958008
6.724517345428467
102.5159683227539
37.61228561401367
19.590900421142578
243.52462768554688
28.350677490234375
74.17037200927734
94.20535278320312
292.6517639160156
16.54269790649414
6.006943702697754
110.0223617553711
41.86009979248047
