82.74268341064453
88.17609405517578
85.17373657226562
88.9759521484375
84.17324829101562
91.9521484375
91.77497100830078
93.53226470947266
98.3885498046875
100.26561737060547
95.73176574707031
106.2005615234375
104.22335052490234
107.38236999511719
127.37181091308594
125.31909942626953
128.63404846191406
137.7672882080078
143.21266174316406
150.07411193847656
160.6619873046875
173.15589904785156
175.3884735107422
196.3736114501953
195.65689086914062
208.6849822998047
222.78199768066406
249.67335510253906
278.35919189453125
285.8673400878906
323.45751953125
364.28466796875
406.98931884765625
468.826416015625
487.45489501953125
584.2645874023438
680.4857788085938
765.0939331054688
1238.802490234375
1577.2215576171875
2012.5074462890625
1465.75927734375
976.3973999023438
704.3338012695312
589.304931640625
584.4266967773438
564.1686401367188
573.9877319335938
502.489013671875
524.5950317382812
423.6517333984375
398.0707702636719
394.54168701171875
408.877685546875
452.51019287109375
364.0440673828125
296.3793640136719
233.22608947753906
248.69154357910156
247.89218139648438
225.594482421875
172.963134765625
95.97638702392578
73.27361297607422
96.8210220336914
94.51632690429688
35.49262237548828
107.9151611328125
64.85569763183594
117.67662811279297
112.35543060302734
72.90874481201172
53.06061935424805
65.84268951416016
64.07711029052734
64.78913116455078
50.28662872314453
40.567710876464844
42.86687469482422
155.30441284179688
21.62866973876953
157.8766632080078
38.066375732421875
23.256742477416992
27.822174072265625
29.101654052734375
123.6373062133789
26.967180252075195
21.9439697265625
127.3543472290039
36.08946990966797
40.130958557128906
17.968711853027344
14.378983497619629
73.31317901611328
82.27429962158203
96.89234924316406
104.15078735351562
128.89404296875
87.5384292602539
41.815277099609375
55.083335876464844
44.846988677978516
80.3491439819336
110.12175750732422
127.87094116210938
108.98462677001953
112.55091857910156
134.4588165283203
43.357521057128906
77.89501953125
40.39505386352539
41.493125915527344
77.657958984375
14.188570022583008
37.06624984741211
22.84003257751465
37.92668151855469
32.46986389160156
49.036773681640625
