128.0646514892578
142.39871215820312
152.6688232421875
145.74758911132812
135.73150634765625
145.57470703125
154.34597778320312
127.40188598632812
146.46224975585938
121.19236755371094
97.87166595458984
140.50205993652344
140.56585693359375
147.7881622314453
128.2052001953125
99.69792175292969
149.6290740966797
142.68414306640625
139.092529296875
131.7919921875
149.8544921875
140.78262329101562
132.06996154785156
143.80238342285156
144.8264923095703
125.5953369140625
137.12893676757812
130.99966430664062
152.0373992919922
152.44769287109375
134.51332092285156
146.33209228515625
129.8926239013672
132.07713317871094
144.94677734375
154.8529510498047
143.2471466064453
125.29133605957031
145.39456176757812
141.32858276367188
125.32940673828125
140.2482452392578
139.44410705566406
140.48358154296875
111.24812316894531
137.1376495361328
137.40333557128906
143.47323608398438
123.97700500488281
121.34544372558594
105.28314208984375
144.88218688964844
128.604736328125
136.49249267578125
129.9791259765625
131.24241638183594
120.41471099853516
128.86648559570312
114.68087768554688
123.03643798828125
138.76116943359375
129.49447631835938
111.29930114746094
117.5861587524414
121.88209533691406
108.54100799560547
120.1064224243164
116.72774505615234
95.08282470703125
110.75769805908203
114.69783020019531
114.99140930175781
71.64443969726562
118.9489974975586
78.80306243896484
93.64009094238281
111.9767837524414
113.7492904663086
109.08043670654297
96.6746597290039
109.97895050048828
108.00550842285156
100.91656494140625
96.93546295166016
92.66191864013672
92.95808410644531
80.85044860839844
87.02951049804688
84.37973022460938
72.61360931396484
70.24483489990234
69.23047637939453
81.69369506835938
75.56572723388672
70.81022644042969
65.16985321044922
63.42084884643555
54.836544036865234
45.94255065917969
49.887245178222656
51.30594253540039
40.303985595703125
51.55730056762695
40.695716857910156
41.35832977294922
40.84346389770508
35.99984359741211
34.31450271606445
33.333744049072266
39.79566955566406
30.435203552246094
27.089757919311523
26.667829513549805
31.082651138305664
27.126678466796875
24.95447540283203
24.97111701965332
23.93418312072754
23.955217361450195
25.745498657226562
23.880393981933594
21.902315139770508
24.519622802734375
23.874441146850586
22.846073150634766
20.677967071533203
17.398099899291992
19.774372100830078
23.579505920410156
21.057592391967773
17.603557586669922
18.412527084350586
16.194904327392578
15.714885711669922
16.270143508911133
18.43441390991211
21.994369506835938
18.591781616210938
17.00849151611328
12.844135284423828
22.02957534790039
11.938980102539062
14.408049583435059
18.427968978881836
11.521271705627441
11.54115104675293
10.3714599609375
13.640846252441406
8.055668830871582
8.846087455749512
11.999821662902832
13.757984161376953
7.765990734100342
6.737879753112793
6.074093341827393
6.523284435272217
5.980679035186768
5.222366809844971
10.245585441589355
8.968270301818848
5.864691257476807
6.455005645751953
7.448750019073486
6.935805320739746
7.740389823913574
7.773016452789307
6.8573408126831055
7.158231735229492
6.796601295471191
5.643007755279541
6.9062819480896
5.43803596496582
5.3134965896606445
5.12076473236084
8.540262222290039
6.495523929595947
6.034054279327393
4.921298027038574
5.483874797821045
6.5568742752075195
7.003801345825195
5.57327938079834
5.596029281616211
4.961566925048828
5.007258892059326
6.304410934448242
6.422542572021484
5.256554126739502
4.9473557472229
5.079347133636475
5.482184886932373
4.890771865844727
4.918225288391113
5.669952392578125
5.426680088043213
4.756020545959473
5.217072486877441
6.085514545440674
4.929087162017822
5.255142688751221
5.348498344421387
5.942239761352539
4.8539228439331055
5.122729778289795
5.055801868438721
5.901879787445068
4.921418190002441
4.997485160827637
5.890635967254639
4.8577070236206055
4.696395397186279
4.441723823547363
4.661361217498779
5.3710174560546875
4.6044440269470215
4.876043319702148
4.927116394042969
5.299969673156738
6.213285446166992
5.2672319412231445
5.315145015716553
4.75675630569458
4.300817012786865
5.020869255065918
4.809044361114502
4.104352951049805
4.160446643829346
4.284083843231201
4.521538257598877
4.456231594085693
4.078858375549316
3.9269866943359375
4.06565523147583
4.425857067108154
4.610653400421143
4.316736221313477
5.362040042877197
4.443643093109131
4.939958095550537
4.74888277053833
5.002723693847656
4.69582462310791
4.725688457489014
3.909541130065918
4.840292930603027
6.962280750274658
5.437157154083252
5.402117729187012
4.3329596519470215
3.746377944946289
4.927638053894043
6.8312835693359375
6.5676655769348145
5.966445446014404
6.084976673126221
5.552371501922607
3.7522006034851074
4.500490665435791
4.386985778808594
5.027582168579102
4.497547626495361
4.51723051071167
4.058222770690918
3.8951416015625
4.046847820281982
10.427226066589355
4.172733783721924
8.434220314025879
3.9225962162017822
4.690777778625488
4.206022262573242
4.119218349456787
3.875311851501465
4.133864402770996
3.920032501220703
3.4229462146759033
3.8537817001342773
3.8972771167755127
4.263225555419922
4.264969348907471
4.319335460662842
4.159498691558838
3.821697473526001
4.038494110107422
3.8631651401519775
4.976140975952148
4.483023166656494
4.329533100128174
3.560290575027466
3.7640018463134766
4.031641006469727
4.028548717498779
4.154852390289307
4.129011631011963
3.5379228591918945
4.110511779785156
3.9375598430633545
3.3925886154174805
4.1703925132751465
3.525930166244507
3.4908854961395264
3.844748020172119
4.158958911895752
3.7280681133270264
3.8428194522857666
3.470149517059326
4.084153175354004
3.869332790374756
3.631023406982422
3.6643869876861572
4.325178623199463
3.653294324874878
3.5075459480285645
3.2875452041625977
3.9631335735321045
3.8971705436706543
3.2743875980377197
3.5320141315460205
2.9936084747314453
3.6749274730682373
3.2782959938049316
3.7324328422546387
3.750333070755005
3.7161450386047363
3.8144373893737793
3.5724406242370605
3.7699897289276123
3.4076240062713623
2.8895070552825928
3.585435152053833
3.5995371341705322
3.7281675338745117
3.4377756118774414
3.284174680709839
3.4053499698638916
4.413819313049316
3.8503806591033936
3.031126022338867
3.4156365394592285
3.508063793182373
3.4991369247436523
3.569369316101074
3.5974178314208984
3.5598881244659424
2.8121893405914307
3.4741408824920654
3.1922757625579834
3.40915584564209
3.5911052227020264
3.287343740463257
3.3975672721862793
3.0961811542510986
3.5051326751708984
3.5053181648254395
3.2701828479766846
3.368002414703369
3.84501576423645
4.375874996185303
4.660157680511475
3.556706428527832
3.289607286453247
3.3896782398223877
3.1986589431762695
3.6382620334625244
3.601682186126709
3.1228909492492676
3.1239638328552246
3.279644250869751
3.3894474506378174
3.3067073822021484
3.852382183074951
3.2781763076782227
4.01176643371582
3.933525562286377
3.1726248264312744
3.952148914337158
4.051921367645264
4.746190071105957
3.9747793674468994
3.787971019744873
3.440565824508667
3.341212749481201
3.575664520263672
3.55329966545105
3.154592752456665
3.543835401535034
3.7267727851867676
2.937105178833008
3.2414751052856445
3.3057706356048584
3.129302978515625
3.5714988708496094
3.3172240257263184
3.2721774578094482
3.3574635982513428
3.1853110790252686
3.365518569946289
3.362037420272827
3.7261903285980225
3.28979754447937
3.2047183513641357
2.998304605484009
3.2541656494140625
3.0942533016204834
3.3896162509918213
3.0502967834472656
3.682971477508545
2.919708490371704
3.587148427963257
3.592355728149414
2.9454855918884277
3.2117533683776855
2.777036190032959
3.337646961212158
2.894550323486328
2.609769582748413
3.2800002098083496
3.1277754306793213
3.1569178104400635
3.0571515560150146
3.2086942195892334
2.916914939880371
3.2231693267822266
2.930417537689209
3.0737226009368896
3.1777710914611816
3.7170422077178955
2.9604952335357666
3.058424949645996
3.126054286956787
3.2348697185516357
3.0562846660614014
2.7045071125030518
3.080789566040039
3.2065443992614746
3.1420977115631104
3.177926778793335
3.18019962310791
3.144127607345581
3.1198298931121826
3.042609214782715
30.91547966003418
3.8921897411346436
3.593939781188965
3.353769302368164
3.0293142795562744
3.373272180557251
3.731584310531616
2.9132797718048096
3.9099953174591064
2.730705976486206
3.116612672805786
3.190086841583252
3.579272747039795
2.9554851055145264
3.119832754135132
3.100649356842041
2.7820374965667725
3.2808148860931396
2.580697536468506
2.732499361038208
3.006615400314331
2.928138017654419
3.0789101123809814
3.4174585342407227
2.66666316986084
3.370896100997925
3.028665065765381
2.8768069744110107
3.695051908493042
3.158632755279541
3.060450553894043
2.521035671234131
2.9261372089385986
3.3430216312408447
3.552227020263672
3.585183620452881
3.2227566242218018
2.8660213947296143
3.0771591663360596
3.515791654586792
3.1276607513427734
3.1286513805389404
3.24004864692688
2.955010175704956
3.068666458129883
3.3509457111358643
2.911933422088623
3.133617639541626
3.3579883575439453
2.932020425796509
3.027678966522217
2.7571725845336914
2.8233275413513184
2.7758848667144775
2.9515674114227295
2.727886915206909
2.776231527328491
2.849973201751709
2.837590217590332
3.0730316638946533
2.8748602867126465
3.0224180221557617
2.8774425983428955
2.630103826522827
2.7484962940216064
3.4960906505584717
3.1478030681610107
2.8691859245300293
2.979771137237549
3.3226606845855713
3.107147216796875
2.7012593746185303
2.8344244956970215
2.9128870964050293
2.760183811187744
2.897324562072754
2.3696415424346924
2.671658515930176
2.7611234188079834
2.870738983154297
2.7299141883850098
2.9694788455963135
2.9208385944366455
2.974763870239258
3.0009567737579346
3.174933433532715
2.7307095527648926
2.2489402294158936
2.82759165763855
2.7047653198242188
2.877717971801758
3.0493786334991455
3.094743490219116
2.942117691040039
2.893613338470459
2.901611328125
2.6426475048065186
2.999560832977295
2.630622386932373
3.028820514678955
2.3975436687469482
3.2172653675079346
2.5202231407165527
2.6778366565704346
2.8794894218444824
2.8043127059936523
2.8927571773529053
2.8526532649993896
3.0223240852355957
3.1647872924804688
3.0753183364868164
2.3988189697265625
2.6030285358428955
2.879102945327759
2.7254467010498047
2.736842632293701
2.59747052192688
2.740278720855713
2.72853946685791
2.7718241214752197
3.2157375812530518
2.8008110523223877
3.029315233230591
2.3436429500579834
3.0611019134521484
2.7763192653656006
2.8712682723999023
2.884284734725952
2.768427848815918
2.5526363849639893
2.758713483810425
2.6658740043640137
2.965170383453369
2.7936770915985107
2.905916690826416
2.467515707015991
2.9108686447143555
2.936558961868286
2.7346317768096924
2.6602306365966797
2.9089012145996094
2.7863967418670654
2.7366838455200195
3.056849241256714
2.86550235748291
2.739673614501953
2.918958902359009
2.8284952640533447
3.0409626960754395
2.9283668994903564
2.7882771492004395
2.9465880393981934
3.121424674987793
3.7018871307373047
3.1351847648620605
2.8821182250976562
2.698378324508667
2.3610787391662598
2.7110438346862793
3.225499153137207
3.3037469387054443
2.9447076320648193
2.977509021759033
2.619969606399536
2.8153772354125977
3.374497413635254
2.910275936126709
3.2188127040863037
2.847956418991089
2.7805120944976807
2.9533233642578125
2.79339337348938
3.168567419052124
2.918774366378784
2.644706964492798
2.0890417098999023
3.0862205028533936
3.001974105834961
2.841869831085205
2.8548364639282227
2.6679506301879883
2.660583734512329
2.554785966873169
2.671815872192383
2.529416084289551
2.798762321472168
2.571854591369629
2.656541109085083
2.537355661392212
2.790170431137085
3.027672052383423
2.8005475997924805
2.7179934978485107
2.665940761566162
2.5934832096099854
2.5696749687194824
2.8628182411193848
2.6771326065063477
2.607271671295166
2.7201735973358154
2.6591694355010986
2.7908473014831543
2.518188714981079
2.4069125652313232
2.690162420272827
2.605412006378174
2.6128406524658203
2.766047716140747
2.7124838829040527
2.686190605163574
2.701111078262329
2.450862169265747
2.8091354370117188
2.6677846908569336
2.428579092025757
2.74237060546875
2.8412630558013916
2.847076177597046
2.712155342102051
2.857926845550537
2.662593364715576
2.5311639308929443
2.25431752204895
2.7011053562164307
2.5110023021698
2.807922124862671
2.821773052215576
2.3370399475097656
2.38574481010437
2.781043529510498
2.447739839553833
2.9231176376342773
2.762596845626831
2.5570900440216064
2.8857929706573486
2.8554279804229736
2.858532190322876
2.641115427017212
2.872734785079956
2.457732677459717
2.6864211559295654
2.5566694736480713
2.9237146377563477
2.417996883392334
2.1812288761138916
2.6949989795684814
2.592683792114258
2.38203763961792
2.555532455444336
2.8368003368377686
2.5304815769195557
2.541490316390991
2.5368213653564453
2.6759910583496094
2.087040901184082
2.2155885696411133
2.4874651432037354
2.0734198093414307
2.4977269172668457
2.2792673110961914
2.3012824058532715
2.5696420669555664
2.4162259101867676
2.418576955795288
2.781832218170166
2.390259027481079
2.6643905639648438
2.7614409923553467
2.663562536239624
2.49757719039917
2.4837706089019775
2.4249234199523926
2.5392074584960938
2.4125077724456787
2.607438087463379
2.5586724281311035
2.4146311283111572
2.6388394832611084
2.3825631141662598
2.5972490310668945
2.245028018951416
2.6769566535949707
2.1792495250701904
2.4919402599334717
2.4024810791015625
2.1290528774261475
2.332627296447754
2.1502277851104736
2.563995599746704
2.153157949447632
2.30342960357666
2.408709764480591
2.3634707927703857
2.4638304710388184
2.559453010559082
2.6504759788513184
2.2813925743103027
2.5241546630859375
2.57122540473938
2.3341128826141357
2.3166754245758057
2.644052505493164
2.466061592102051
2.5923266410827637
2.3978655338287354
2.5439608097076416
3.5896494388580322
2.479048728942871
2.51171612739563
2.550093650817871
2.5582046508789062
2.2914445400238037
2.725846529006958
2.5802178382873535
2.5680556297302246
2.48840594291687
2.473660707473755
2.6241838932037354
2.532810688018799
2.5707290172576904
2.5905587673187256
2.6043930053710938
2.433912754058838
2.696526527404785
2.495082139968872
2.5524113178253174
2.4612300395965576
2.521242141723633
2.543119192123413
2.4553680419921875
1.9212301969528198
2.483874559402466
2.5121400356292725
2.478947639465332
2.0578935146331787
2.2782657146453857
2.383781909942627
2.399332046508789
2.60307240486145
2.41072678565979
2.6117050647735596
2.4689347743988037
2.5879194736480713
2.5366013050079346
2.2836785316467285
2.436967372894287
2.414001703262329
1.9410721063613892
2.337763547897339
2.5620694160461426
1.8620202541351318
2.256986141204834
2.3616042137145996
2.2945022583007812
2.331968307495117
2.2820241451263428
2.357945203781128
2.264875650405884
2.330885410308838
2.5561795234680176
2.277496337890625
2.402209997177124
2.240156412124634
2.393603563308716
2.0365827083587646
2.4259252548217773
2.4460787773132324
2.276916027069092
2.4580647945404053
2.3388233184814453
2.419400453567505
2.1077044010162354
2.247379779815674
2.3266284465789795
2.2398457527160645
2.4482719898223877
2.5498950481414795
2.17191481590271
2.302109956741333
2.142967462539673
2.263350248336792
2.233900547027588
2.411330461502075
2.271963596343994
2.3933067321777344
2.4211676120758057
2.5763323307037354
2.658733367919922
2.1462056636810303
2.236109972000122
2.553388833999634
2.638942241668701
2.095820426940918
2.358187675476074
2.1155614852905273
2.588412284851074
2.409179925918579
2.279634475708008
2.573875904083252
2.5307888984680176
2.395923614501953
2.3698854446411133
2.1197595596313477
2.0461337566375732
2.1534016132354736
2.32507586479187
2.5231544971466064
2.3742592334747314
2.2323665618896484
2.0351006984710693
2.010108470916748
2.7714602947235107
2.3025262355804443
2.289374589920044
2.454256057739258
2.3926188945770264
2.374994993209839
2.364616870880127
1.9909050464630127
2.1289584636688232
2.2752509117126465
2.1718521118164062
2.2289648056030273
2.315584182739258
2.6221694946289062
2.211233377456665
2.2641947269439697
2.206968069076538
2.435246467590332
2.0383191108703613
2.3436717987060547
2.338271141052246
1.9640767574310303
1.9933885335922241
2.005856990814209
2.2916831970214844
2.347694158554077
2.112297773361206
2.31011700630188
2.0183277130126953
2.4637959003448486
2.3373212814331055
2.004579544067383
2.000612258911133
2.2077975273132324
2.196923017501831
2.39591383934021
2.1452481746673584
2.3590469360351562
2.3259100914001465
2.2765820026397705
2.33974552154541
2.3529791831970215
2.0746495723724365
1.8000423908233643
2.414076566696167
2.281681776046753
2.0522420406341553
2.4426562786102295
2.3534257411956787
2.346255302429199
2.4020066261291504
2.6602699756622314
2.055591344833374
2.3434996604919434
2.458070755004883
2.3073654174804688
2.2796237468719482
2.4203524589538574
2.09075665473938
2.5036938190460205
2.0606353282928467
2.0482170581817627
1.9002530574798584
2.2570252418518066
2.1899771690368652
2.324476718902588
2.2499794960021973
2.2549102306365967
2.2731103897094727
1.8985049724578857
2.1107990741729736
2.296428918838501
2.261117935180664
2.3218681812286377
2.2671735286712646
2.3231029510498047
2.3014631271362305
2.146186351776123
2.3363420963287354
2.0542869567871094
2.055537462234497
2.172098398208618
2.1420137882232666
2.1007766723632812
2.4189906120300293
2.2462830543518066
2.2322301864624023
2.3304693698883057
2.235041856765747
2.3561246395111084
2.357116937637329
2.2553532123565674
2.308384895324707
2.433682441711426
2.4663758277893066
2.0373694896698
2.3741207122802734
2.107110023498535
2.1135010719299316
1.913684368133545
2.2874631881713867
2.42030668258667
2.352696180343628
2.1070680618286133
2.418689489364624
2.425501823425293
2.0807175636291504
2.26412296295166
2.3278303146362305
2.123767137527466
2.283107280731201
2.101577043533325
2.300973653793335
2.318856716156006
2.0922060012817383
2.046940803527832
2.093039035797119
1.8888155221939087
2.08708119392395
2.308934211730957
2.1859166622161865
2.14436674118042
2.269868850708008
2.084747314453125
2.344526529312134
2.0668156147003174
2.1748692989349365
2.3324759006500244
2.2141122817993164
1.8996654748916626
2.2419519424438477
2.0005195140838623
2.251269817352295
2.162242889404297
2.030543804168701
2.2704646587371826
2.0200648307800293
1.9153785705566406
2.290646553039551
2.269777536392212
2.254412889480591
2.272519588470459
2.285287857055664
2.2651753425598145
1.823303461074829
2.171381950378418
2.6152989864349365
2.0572304725646973
2.071660280227661
2.2162954807281494
2.26288104057312
2.1901767253875732
2.320431709289551
2.218815803527832
2.185603380203247
2.26643443107605
2.2605814933776855
2.400245189666748
2.082882881164551
1.731105923652649
2.197166919708252
2.153672218322754
2.251952886581421
2.1326417922973633
2.152754545211792
2.044534206390381
2.2398741245269775
2.2609925270080566
2.1312272548675537
2.175934314727783
2.001309394836426
1.9826661348342896
2.231626272201538
1.9046422243118286
2.0483903884887695
1.9836105108261108
1.983091950416565
1.9875167608261108
2.128406047821045
2.3102962970733643
2.0897297859191895
2.2459354400634766
1.9599909782409668
2.164966344833374
2.295701026916504
1.890026330947876
2.313868999481201
1.8540934324264526
2.2406675815582275
2.129153251647949
2.161832332611084
1.9430444240570068
2.1110682487487793
2.06742000579834
2.0714926719665527
2.125953435897827
2.2336478233337402
2.2156615257263184
1.8331334590911865
1.9766359329223633
2.2421882152557373
2.193007230758667
2.2001254558563232
1.88230299949646
2.229457139968872
1.975845456123352
2.2979824542999268
2.2293648719787598
2.0073435306549072
2.1832504272460938
1.8203109502792358
2.3971304893493652
2.155315399169922
2.228187084197998
2.199019193649292
2.222263813018799
1.9589297771453857
1.9482110738754272
2.1544315814971924
2.3053550720214844
2.002166271209717
2.54068660736084
2.067535400390625
2.042604923248291
2.4484360218048096
1.9469268321990967
2.179370403289795
2.3047924041748047
2.121220588684082
1.8874367475509644
2.122101306915283
2.1753268241882324
2.1617655754089355
2.089613437652588
1.8716011047363281
2.080716371536255
2.0595197677612305
2.101240873336792
2.1031951904296875
2.1483116149902344
2.106403112411499
2.1131105422973633
2.1706724166870117
2.1042983531951904
2.313006639480591
2.1424520015716553
1.8661978244781494
2.145324945449829
2.0341248512268066
2.0535359382629395
2.1980111598968506
2.3253185749053955
1.9670523405075073
2.1960461139678955
2.1365761756896973
1.8727996349334717
2.0861599445343018
1.9756317138671875
2.067378520965576
2.095043897628784
1.8945717811584473
2.166762351989746
2.1292953491210938
2.1676087379455566
2.0417375564575195
1.974137783050537
2.124561309814453
2.1690945625305176
2.1096296310424805
2.1235334873199463
2.096328020095825
2.1960432529449463
2.1210365295410156
2.1381359100341797
2.015927314758301
2.133859634399414
2.216545343399048
2.1603047847747803
2.1771066188812256
2.1719021797180176
2.0685200691223145
2.176543712615967
2.1408703327178955
1.917253851890564
1.9631625413894653
2.201202154159546
1.8803634643554688
1.9133602380752563
2.161201000213623
2.0866169929504395
2.2910993099212646
2.3976800441741943
2.071695327758789
1.9950965642929077
2.1301116943359375
2.109395742416382
1.9896479845046997
1.873498797416687
1.9173920154571533
2.1303927898406982
2.188995838165283
1.8056913614273071
1.9606614112854004
2.0033493041992188
2.1233487129211426
2.1728296279907227
2.144529104232788
2.1931941509246826
2.1000325679779053
2.1867775917053223
1.9784791469573975
1.9607524871826172
2.232915163040161
2.0582845211029053
2.137831449508667
2.120899200439453
2.141857862472534
2.1973228454589844
2.0996317863464355
1.9787194728851318
1.9417879581451416
2.1586251258850098
2.2303459644317627
2.213327646255493
