93.50023651123047
98.85964965820312
84.76200866699219
98.0886001586914
100.39006805419922
99.90491485595703
92.18656158447266
86.65680694580078
100.68611145019531
101.60580444335938
103.84806060791016
105.06096649169922
98.60717010498047
100.217529296875
93.00699615478516
109.00017547607422
103.8769760131836
112.42631530761719
100.35302734375
113.65640258789062
112.0546646118164
88.4301986694336
118.42391204833984
123.0916519165039
125.65093994140625
120.03215789794922
123.7269058227539
125.2683334350586
137.5586700439453
120.5582504272461
135.1378173828125
143.33624267578125
140.59837341308594
120.05191040039062
145.4521026611328
141.83482360839844
133.67721557617188
164.38385009765625
141.76536560058594
166.34315490722656
143.95883178710938
157.34451293945312
169.2021942138672
177.8292999267578
181.9593505859375
184.11590576171875
201.700927734375
202.86444091796875
197.47216796875
196.83946228027344
223.2615203857422
168.10723876953125
210.1782684326172
225.37216186523438
218.01097106933594
244.59640502929688
213.01077270507812
217.93191528320312
202.9037322998047
233.35447692871094
266.8478088378906
271.4645690917969
231.691650390625
282.1771545410156
271.76104736328125
241.98411560058594
304.0151062011719
306.7859191894531
301.7164306640625
337.0325622558594
324.29901123046875
313.5772705078125
349.70135498046875
334.09429931640625
317.48748779296875
354.78778076171875
334.2755126953125
350.87103271484375
374.2486572265625
356.4748840332031
380.2178039550781
373.2554931640625
381.7445373535156
378.1530456542969
358.5616149902344
408.88873291015625
410.80126953125
408.1855773925781
415.490478515625
375.2706604003906
359.3244323730469
424.96905517578125
373.7955322265625
445.065185546875
409.3938293457031
430.7178649902344
397.4024963378906
412.5746154785156
467.1077880859375
473.40252685546875
398.77984619140625
467.9477233886719
374.9628601074219
429.08837890625
357.3634948730469
408.54876708984375
456.8374328613281
423.4060974121094
309.882080078125
315.83428955078125
432.5930480957031
382.00811767578125
430.40032958984375
312.943115234375
381.7818298339844
340.55804443359375
170.710205078125
344.35736083984375
306.96820068359375
262.1365966796875
258.7310791015625
311.3328857421875
286.1112976074219
248.32864379882812
33.49835968017578
181.0877227783203
141.52932739257812
176.1038818359375
92.198486328125
73.42575073242188
34.13576889038086
45.99876403808594
52.2335090637207
68.54676818847656
28.787813186645508
239.0641632080078
75.12643432617188
107.43441772460938
59.19456100463867
160.03369140625
61.2293815612793
166.93215942382812
146.10443115234375
42.59531784057617
112.8433609008789
63.35661697387695
53.262264251708984
66.90986633300781
59.60074996948242
59.64128494262695
108.76502990722656
107.03429412841797
76.794921875
112.9154052734375
201.1650390625
56.5152473449707
30.028091430664062
95.92066955566406
68.26708984375
124.30072021484375
31.330961227416992
25.77656364440918
81.91609954833984
30.884145736694336
101.14082336425781
130.420166015625
122.31490325927734
124.3431396484375
169.54945373535156
91.10635375976562
60.826812744140625
71.4148178100586
73.02891540527344
103.14982604980469
108.34795379638672
69.04681396484375
28.50056266784668
48.63046646118164
44.72063064575195
154.027587890625
61.29740524291992
108.77046966552734
75.50652313232422
168.6311492919922
134.00323486328125
36.03099822998047
45.75624465942383
674.9826049804688
51.65375900268555
60.866119384765625
29.92629051208496
44.76165771484375
113.02350616455078
246.41090393066406
38.49415969848633
53.284339904785156
57.91138458251953
40.349239349365234
39.41767120361328
27.600727081298828
42.313777923583984
99.04927825927734
113.80787658691406
44.90885925292969
82.49758911132812
206.07394409179688
82.61322784423828
92.4438705444336
204.47677612304688
51.04340744018555
29.0732364654541
57.75502395629883
89.17144012451172
46.628543853759766
58.4948844909668
168.16232299804688
50.24368667602539
80.79503631591797
20.88521957397461
36.58298110961914
52.0760498046875
135.5426788330078
172.82376098632812
50.20595932006836
111.01537322998047
104.9052963256836
49.37705612182617
126.2413330078125
66.34597778320312
155.65249633789062
117.37114715576172
102.04927825927734
133.97694396972656
99.06645965576172
58.746788024902344
55.060550689697266
32.7795524597168
236.88462829589844
33.40216064453125
28.32855987548828
138.29116821289062
592.6068725585938
108.32354736328125
39.01408004760742
39.006351470947266
12.440507888793945
46.8956413269043
36.73027801513672
164.09603881835938
36.091514587402344
91.04761505126953
115.4322738647461
86.76605224609375
49.96672821044922
17.52530860900879
90.50928497314453
20.035236358642578
27.98356819152832
39.43473434448242
145.36888122558594
114.1043701171875
121.5281982421875
109.41024780273438
91.732177734375
83.8498764038086
91.6878433227539
156.95274353027344
59.876121520996094
21.11234474182129
91.3560562133789
49.022857666015625
39.92993927001953
32.74253845214844
47.250221252441406
100.54119873046875
47.48167419433594
297.9525146484375
49.25727081298828
138.53602600097656
35.784454345703125
23.36630630493164
50.54331588745117
102.14608001708984
10.287062644958496
82.94105529785156
42.622291564941406
131.9639434814453
94.6954116821289
126.71348571777344
146.87060546875
43.48310470581055
78.82582092285156
45.109825134277344
192.39688110351562
14.120182037353516
35.884098052978516
41.245582580566406
231.58448791503906
69.90947723388672
19.2525691986084
36.97237777709961
24.728485107421875
40.78179931640625
31.61742401123047
43.52839279174805
18.63496208190918
134.52378845214844
20.27229881286621
51.942501068115234
13.570157051086426
116.14138793945312
15.154426574707031
54.90502166748047
178.57412719726562
15.848095893859863
149.4735870361328
43.849918365478516
39.0955924987793
33.93442153930664
190.61097717285156
39.241275787353516
92.78292083740234
24.056848526000977
15.149500846862793
56.85401916503906
38.46311569213867
97.22219848632812
48.273353576660156
56.89199447631836
290.7297668457031
44.28969955444336
33.92408752441406
33.22373962402344
17.310441970825195
34.444915771484375
12.744010925292969
37.40538787841797
66.79277801513672
25.457170486450195
27.514028549194336
126.33837890625
94.79536437988281
8.668401718139648
30.3985652923584
36.848976135253906
38.91694259643555
34.239585876464844
55.01075744628906
105.28815460205078
24.353628158569336
110.50357055664062
52.13642501831055
12.289566993713379
22.297449111938477
38.4174690246582
18.095048904418945
11.81875991821289
239.8020477294922
18.970216751098633
18.490806579589844
35.87193298339844
58.12778854370117
116.11300659179688
49.54142379760742
94.29203796386719
35.05972671508789
20.84340476989746
75.05641174316406
136.97067260742188
54.0707893371582
71.48703002929688
65.641845703125
57.97682189941406
28.993999481201172
34.31333923339844
137.8562469482422
80.10575866699219
50.466854095458984
30.61418342590332
14.973454475402832
48.96875762939453
26.268001556396484
45.68253707885742
163.56985473632812
45.84843063354492
16.8590145111084
35.26756286621094
125.94091033935547
14.059006690979004
35.96567916870117
239.52426147460938
43.27665710449219
134.2015838623047
27.701616287231445
36.4093017578125
78.82205200195312
78.12720489501953
59.023380279541016
96.75179290771484
49.467350006103516
53.170440673828125
83.36734771728516
13.998390197753906
62.962242126464844
159.55516052246094
40.492740631103516
45.601043701171875
138.69772338867188
41.20943832397461
77.65923309326172
98.00591278076172
69.54244995117188
95.36318969726562
19.674755096435547
62.71458435058594
45.93193817138672
54.609561920166016
79.82392883300781
12.145787239074707
89.25342559814453
27.952713012695312
93.7242431640625
75.41461944580078
90.5257568359375
25.841773986816406
15.060720443725586
113.43931579589844
61.43000030517578
13.95009994506836
27.557329177856445
68.90342712402344
55.96329879760742
15.342477798461914
68.56072998046875
24.4339599609375
41.40962600708008
46.95279312133789
45.25163650512695
25.27977752685547
19.763578414916992
10.851941108703613
72.97942352294922
25.419981002807617
16.505634307861328
10.016814231872559
51.77648162841797
166.08966064453125
77.02404022216797
53.848297119140625
71.24713134765625
36.69894027709961
72.22109985351562
79.36221313476562
55.22511672973633
52.75379180908203
42.1440315246582
86.9752197265625
49.03608322143555
16.19188690185547
70.5125961303711
37.95220184326172
168.09022521972656
16.45620346069336
41.63689041137695
78.51685333251953
16.476730346679688
15.362916946411133
29.228382110595703
20.174657821655273
55.94408416748047
50.62992477416992
137.5864715576172
60.66305160522461
60.99008560180664
53.77009201049805
82.75439453125
57.307029724121094
23.869150161743164
25.931650161743164
118.42400360107422
30.08850860595703
152.92637634277344
106.99124908447266
13.357311248779297
27.483016967773438
23.723236083984375
31.715322494506836
45.6192741394043
19.78591537475586
45.659881591796875
12.898157119750977
18.084552764892578
22.36761474609375
6.555466651916504
181.26153564453125
51.126800537109375
60.434566497802734
118.13187408447266
38.63427734375
33.107994079589844
33.33967971801758
120.58263397216797
131.82257080078125
137.68023681640625
95.3979263305664
167.1956024169922
33.51203918457031
17.936119079589844
93.24507141113281
61.68901443481445
78.9944076538086
24.043935775756836
105.01823425292969
71.35099792480469
78.94771575927734
44.386417388916016
27.25653839111328
45.75067901611328
60.31101989746094
69.18109130859375
60.0949821472168
97.40100860595703
32.09123611450195
15.734516143798828
95.69058990478516
79.960205078125
108.95816040039062
82.10366821289062
46.30744552612305
17.55599594116211
6.134053707122803
35.878944396972656
47.35374069213867
95.77574157714844
88.20574188232422
49.188201904296875
40.53581237792969
156.081298828125
15.88904094696045
24.86081314086914
16.21282958984375
97.31866455078125
15.766946792602539
94.62348175048828
150.17666625976562
82.16508483886719
133.26470947265625
119.56621551513672
49.49531936645508
67.1507568359375
23.842683792114258
18.10579490661621
34.177425384521484
48.75591278076172
30.79512596130371
15.037413597106934
17.797115325927734
51.239158630371094
278.3246154785156
107.54971313476562
14.792654991149902
52.685848236083984
39.432952880859375
35.00032043457031
26.40709114074707
13.674439430236816
140.6135711669922
18.84593391418457
12.905652046203613
13.162081718444824
24.933483123779297
42.1992073059082
59.10679626464844
23.616409301757812
20.77069091796875
81.18476104736328
185.5207977294922
10.2822904586792
132.6771697998047
39.06343460083008
33.20167541503906
38.77286911010742
35.920135498046875
18.013486862182617
19.60193634033203
48.59779739379883
142.85983276367188
60.427101135253906
21.827987670898438
46.015281677246094
67.53191375732422
129.85195922851562
73.10102844238281
86.98097229003906
22.061695098876953
53.552978515625
8.781047821044922
54.96992492675781
122.3648910522461
70.44116973876953
47.87352752685547
89.5575942993164
58.684356689453125
81.6419448852539
20.920278549194336
61.762481689453125
58.55598449707031
24.15729522705078
57.51913833618164
42.96841812133789
13.022459030151367
51.663482666015625
163.70437622070312
35.43788528442383
36.251094818115234
63.09733963012695
34.05817413330078
17.992734909057617
27.210248947143555
45.720130920410156
151.06455993652344
53.205223083496094
36.27736282348633
38.51642608642578
66.79527282714844
79.8808822631836
18.870981216430664
73.6337661743164
45.21882629394531
117.04521179199219
79.50430297851562
95.81171417236328
34.869476318359375
40.729923248291016
10.939680099487305
179.52745056152344
78.57588958740234
53.40858459472656
144.90870666503906
14.087848663330078
78.26576232910156
55.49859619140625
401.5915832519531
88.63455200195312
29.99102210998535
17.01825523376465
48.19353103637695
12.284759521484375
80.6239013671875
42.668052673339844
29.269655227661133
45.20977783203125
45.108306884765625
10.172209739685059
13.204967498779297
56.995540618896484
8.972192764282227
29.455244064331055
23.792463302612305
10.814990997314453
73.96620178222656
35.41884231567383
25.990787506103516
67.21753692626953
15.40939712524414
16.540401458740234
7.838878154754639
48.71531677246094
55.27119827270508
70.52165985107422
148.17515563964844
74.0976791381836
48.5340461730957
62.11882781982422
13.929534912109375
91.5146255493164
16.497026443481445
50.05470657348633
12.981900215148926
194.05926513671875
58.220211029052734
20.517276763916016
88.80000305175781
30.72097396850586
34.17818832397461
68.43374633789062
66.1523666381836
78.49651336669922
27.950735092163086
110.08788299560547
60.22636413574219
14.349841117858887
33.43408203125
102.48096466064453
14.421341896057129
153.0295867919922
66.57784271240234
65.63624572753906
72.11123657226562
37.45400619506836
38.92243194580078
41.00615692138672
20.97325325012207
55.55092239379883
54.12888717651367
46.65373992919922
36.31342697143555
12.679027557373047
15.091629981994629
36.12888717651367
13.403055191040039
74.46529388427734
55.37748336791992
13.141190528869629
155.92881774902344
22.503190994262695
66.72552490234375
39.53791809082031
17.03306007385254
75.50897979736328
56.204071044921875
93.91592407226562
76.0260238647461
86.95321655273438
71.33723449707031
70.02069854736328
42.13501739501953
85.21947479248047
29.218908309936523
24.444910049438477
42.971412658691406
36.77870178222656
96.50927734375
42.40666580200195
33.80186080932617
65.01695251464844
62.31264877319336
65.48171997070312
50.2856330871582
78.66996765136719
11.840134620666504
104.79151916503906
52.06788635253906
27.31372833251953
35.31832504272461
17.246517181396484
35.753414154052734
13.113248825073242
34.24949645996094
26.551883697509766
17.316614151000977
4.437297821044922
38.48082733154297
176.20057678222656
16.21742820739746
13.193979263305664
27.342266082763672
37.72563171386719
25.11766242980957
33.97919464111328
39.5173225402832
10.664219856262207
40.64705276489258
94.2491226196289
7.218229293823242
29.799026489257812
22.487255096435547
41.76911163330078
23.314992904663086
41.44333267211914
43.12747573852539
19.217113494873047
64.0241470336914
19.97359275817871
27.51076889038086
28.714157104492188
43.770938873291016
17.749046325683594
53.434635162353516
161.95420837402344
74.048828125
27.025768280029297
20.224172592163086
21.21209716796875
48.10471725463867
79.40906524658203
80.08108520507812
70.0671615600586
58.99423599243164
53.15208053588867
32.123409271240234
60.36074447631836
44.61228561401367
10.630941390991211
157.1398468017578
39.75523376464844
16.59231948852539
79.73041534423828
22.65967559814453
80.72252655029297
40.41066360473633
68.28489685058594
80.94527435302734
51.97624206542969
47.495479583740234
44.843387603759766
10.69175910949707
127.02649688720703
74.2859115600586
42.43150329589844
49.86277770996094
39.3307991027832
39.02972412109375
40.91994094848633
156.63754272460938
74.98675537109375
20.201618194580078
28.816328048706055
24.9208984375
21.06316375732422
66.80902099609375
6.937260627746582
20.596189498901367
148.23316955566406
29.812854766845703
110.95296478271484
27.80278778076172
12.730734825134277
28.629701614379883
12.634149551391602
56.507415771484375
44.152137756347656
80.24687194824219
16.190927505493164
16.60400390625
35.55426788330078
68.01616668701172
47.10393142700195
31.124568939208984
50.75963592529297
13.862873077392578
63.37428283691406
13.930536270141602
41.243988037109375
60.72945022583008
111.09378814697266
29.557249069213867
36.76166915893555
135.2620849609375
27.86737632751465
130.17686462402344
73.82093048095703
17.375638961791992
154.07748413085938
77.87059783935547
18.436309814453125
34.05085754394531
39.79127883911133
184.89662170410156
31.897565841674805
44.418209075927734
43.17759323120117
76.28987121582031
50.913543701171875
24.495479583740234
27.71873664855957
28.336870193481445
38.24842071533203
63.62558364868164
37.10354232788086
51.65888214111328
43.19766616821289
20.050945281982422
8.268881797790527
23.695579528808594
13.123220443725586
28.18996238708496
14.66755485534668
22.434356689453125
105.07168579101562
16.997472763061523
8.303088188171387
19.799497604370117
81.37484741210938
4.711575031280518
72.75749206542969
91.36327362060547
29.079195022583008
14.730938911437988
114.97774505615234
184.80357360839844
42.13579559326172
43.49826431274414
121.05182647705078
34.272544860839844
134.83692932128906
22.761886596679688
140.18316650390625
49.95683670043945
51.28861999511719
146.81228637695312
32.90120315551758
56.90737533569336
18.5383358001709
28.214717864990234
49.2737922668457
163.60072326660156
19.81962776184082
14.923229217529297
54.3774528503418
21.975435256958008
42.29050064086914
12.137553215026855
132.70852661132812
25.572357177734375
8.358492851257324
42.99684524536133
18.193580627441406
28.41596221923828
31.694719314575195
104.56420135498047
173.1840057373047
38.056697845458984
83.06726837158203
17.52129554748535
30.728729248046875
106.83042907714844
30.093097686767578
14.513405799865723
82.24285125732422
36.030399322509766
83.29822540283203
23.1241397857666
65.52265930175781
141.162353515625
31.89491081237793
80.85263061523438
38.76499938964844
32.69203567504883
43.224647521972656
44.306312561035156
16.00082778930664
80.07451629638672
22.322322845458984
38.11091613769531
66.64996337890625
29.473133087158203
30.28133201599121
42.5166130065918
42.81031036376953
10.24038314819336
47.73454284667969
37.112701416015625
4.4501953125
16.285818099975586
41.8592529296875
41.618553161621094
13.242756843566895
16.218290328979492
6.109643936157227
11.189931869506836
26.244264602661133
20.17926597595215
79.40830993652344
88.74396514892578
34.833980560302734
73.27947998046875
17.86996078491211
66.92898559570312
69.69852447509766
25.98042869567871
50.93354034423828
54.20347595214844
16.528438568115234
47.070648193359375
14.484644889831543
16.850507736206055
3.7270822525024414
6.068851470947266
40.44424057006836
12.00098991394043
33.889801025390625
36.330101013183594
77.6647720336914
95.79351043701172
9.191102027893066
44.10957717895508
26.806659698486328
11.232712745666504
5.507528305053711
37.428466796875
32.63698196411133
55.87071228027344
67.61944580078125
85.69147491455078
49.914554595947266
13.095987319946289
23.159807205200195
105.0576400756836
30.388914108276367
115.26229095458984
53.266876220703125
23.41779327392578
55.051822662353516
38.093170166015625
30.708532333374023
20.32234764099121
42.160037994384766
12.612630844116211
97.18902587890625
51.03818893432617
84.0093765258789
10.323622703552246
54.35770034790039
43.82078170776367
43.2095947265625
14.786273956298828
81.35832214355469
50.81535720825195
47.52653884887695
25.678424835205078
24.7579402923584
42.972476959228516
30.138837814331055
28.410560607910156
12.92641830444336
193.8308563232422
30.9962215423584
32.201236724853516
134.2093048095703
46.5157470703125
51.79820251464844
85.33197021484375
89.24039459228516
66.10365295410156
16.327075958251953
49.332244873046875
24.031362533569336
65.33247375488281
41.75152587890625
104.395263671875
27.966753005981445
48.82487869262695
15.716632843017578
13.906717300415039
56.59621047973633
51.96494674682617
130.78237915039062
34.32183837890625
52.6084098815918
77.39813995361328
59.077518463134766
72.63407135009766
88.3614273071289
59.6159782409668
26.199527740478516
59.08746337890625
16.474132537841797
95.85226440429688
19.39116096496582
35.32398223876953
68.98640441894531
57.988059997558594
15.647979736328125
21.974931716918945
19.750408172607422
70.31246948242188
23.484804153442383
84.83952331542969
68.81718444824219
27.46538543701172
16.88488006591797
137.85745239257812
41.454349517822266
29.967653274536133
23.667041778564453
55.543251037597656
5.731348991394043
19.916282653808594
154.3511962890625
169.708984375
50.9926643371582
36.36683654785156
30.933427810668945
33.3554573059082
33.16345977783203
36.55277633666992
36.85547637939453
46.5202751159668
53.72079849243164
12.552350044250488
105.54063415527344
87.68561553955078
89.68360137939453
53.979217529296875
25.551191329956055
26.4638729095459
185.07415771484375
39.97658157348633
12.33022689819336
27.546096801757812
135.3245086669922
124.86247253417969
29.979631423950195
27.056541442871094
122.79081726074219
96.28280639648438
44.439979553222656
38.49801254272461
15.235488891601562
44.88288116455078
30.4552059173584
34.7580451965332
78.8404312133789
5.31102991104126
32.39857864379883
8.323325157165527
33.25199508666992
35.394386291503906
16.852834701538086
85.86885833740234
239.79527282714844
15.854650497436523
14.687423706054688
185.61717224121094
33.060028076171875
40.52813720703125
25.122840881347656
66.27840423583984
87.81682586669922
114.13172912597656
77.52447509765625
35.88840103149414
56.73136520385742
37.24570083618164
164.26736450195312
29.988136291503906
7.762392520904541
23.026790618896484
41.61583709716797
20.4355411529541
81.10481262207031
29.468645095825195
27.379959106445312
11.437384605407715
15.604427337646484
82.3653335571289
114.50082397460938
22.956228256225586
122.91999816894531
223.1567840576172
42.329891204833984
30.85664939880371
57.02729797363281
50.24910354614258
32.88314437866211
79.23231506347656
60.572086334228516
12.640535354614258
68.7518081665039
60.4792594909668
5.040090560913086
30.789594650268555
22.698760986328125
33.509315490722656
35.477664947509766
15.973424911499023
67.44783020019531
9.568324089050293
52.70667266845703
9.501070976257324
18.456974029541016
96.28526306152344
153.91766357421875
29.80745506286621
44.14897918701172
