73.51976776123047
72.41334533691406
72.76593780517578
73.52271270751953
77.1657485961914
78.01718139648438
88.56475067138672
97.85070037841797
107.09373474121094
117.451904296875
125.59661102294922
140.8265380859375
156.86167907714844
175.74684143066406
192.5000762939453
206.52914428710938
225.33287048339844
247.5281524658203
282.41259765625
297.43896484375
321.29888916015625
349.0510559082031
338.073974609375
388.439453125
395.1363220214844
422.08856201171875
444.4447021484375
468.3328552246094
487.4978942871094
492.79034423828125
528.1595458984375
494.87249755859375
526.7002563476562
559.7900390625
545.977294921875
560.6398315429688
549.01025390625
552.7401123046875
587.0575561523438
497.43780517578125
554.2380981445312
499.798095703125
513.34912109375
484.6997985839844
481.2521057128906
421.8161315917969
388.76226806640625
338.2202453613281
319.5797119140625
288.4540100097656
178.88003540039062
155.2289581298828
113.00054931640625
97.2872314453125
137.6084747314453
46.75952911376953
108.0251235961914
71.36480712890625
109.21231079101562
112.56532287597656
112.764404296875
100.63044738769531
104.39827728271484
104.75254821777344
88.75968933105469
70.74079895019531
112.5491943359375
71.59534454345703
44.22388458251953
97.44518280029297
58.557193756103516
102.6170883178711
17.806196212768555
42.98938751220703
74.7790756225586
99.63163757324219
95.24547576904297
80.1493148803711
47.16707229614258
27.434856414794922
28.8986873626709
34.53861618041992
35.83864974975586
52.00885009765625
22.398008346557617
40.180511474609375
33.548038482666016
19.954586029052734
15.491469383239746
20.4140567779541
64.61541748046875
71.4583969116211
65.74835968017578
24.749876022338867
47.910797119140625
245.0806884765625
43.04625701904297
36.261837005615234
30.000707626342773
26.969797134399414
15.461256980895996
84.32737731933594
23.013500213623047
97.1465835571289
65.21268463134766
82.45414733886719
46.082847595214844
17.033161163330078
55.4188232421875
35.071922302246094
26.383840560913086
75.46106719970703
57.00450897216797
45.378536224365234
69.58416748046875
19.089881896972656
29.452831268310547
19.837255477905273
24.235721588134766
88.31281280517578
