24.78232192993164
25.804113388061523
22.078628540039062
25.57231330871582
26.41620445251465
26.480104446411133
24.950204849243164
23.52088737487793
28.350248336791992
29.020477294921875
30.377702713012695
31.55712890625
30.346826553344727
31.80504035949707
30.07391357421875
36.70259094238281
36.19948959350586
40.16691207885742
37.1151008605957
43.32941436767578
43.97003936767578
35.74281692504883
49.428497314453125
52.941219329833984
55.49225616455078
54.42111587524414
57.984588623046875
60.25056838989258
67.75489807128906
60.871795654296875
69.9255599975586
75.96661376953125
76.20387268066406
66.31977081298828
82.18215942382812
81.78669738769531
78.8448257446289
98.91199493408203
86.77368927001953
103.901611328125
91.86710357666016
101.68353271484375
111.00399780273438
119.23619842529297
123.56515502929688
126.77769470214844
140.6494598388672
143.53607177734375
141.8417205810547
143.1649627685547
164.01358032226562
125.24263763427734
158.0779266357422
171.2832794189453
167.96942138671875
190.1045379638672
167.74327087402344
173.157470703125
162.8907928466797
188.97547912597656
218.04983520507812
223.31216430664062
192.0724639892578
235.83724975585938
228.69967651367188
206.1255340576172
259.85809326171875
264.2372741699219
261.1568298339844
293.51605224609375
284.98046875
278.4110412597656
310.5801696777344
298.4278564453125
286.22540283203125
320.564697265625
304.8799133300781
321.21636962890625
344.2674865722656
329.6859436035156
353.844970703125
348.9232482910156
358.8832092285156
357.4353332519531
340.7112731933594
389.3194885253906
392.9023132324219
392.8813781738281
401.3327941894531
365.0310974121094
352.3689880371094
415.74273681640625
367.6240539550781
438.4189758300781
405.87689208984375
428.53326416015625
397.4657897949219
414.4376220703125
469.1861572265625
477.26708984375
406.40142822265625
476.5237731933594
387.20257568359375
441.54632568359375
374.43231201171875
425.3341979980469
475.3768005371094
444.5685729980469
334.6155700683594
342.3558349609375
458.5370178222656
408.93829345703125
459.6011047363281
342.7655029296875
413.98614501953125
372.3854675292969
207.86669921875
380.0357360839844
344.3180236816406
299.9534606933594
298.9481201171875
352.1849670410156
328.359619140625
292.5009765625
75.04902648925781
224.2581024169922
187.7757110595703
224.12030029296875
135.97047424316406
116.98667907714844
71.83995056152344
85.98114013671875
87.50110626220703
97.38744354248047
42.28278732299805
237.0004119873047
69.40845489501953
112.66260528564453
67.03473663330078
187.585693359375
92.53173828125
203.06846618652344
186.9532928466797
46.81680679321289
157.36614990234375
109.34333801269531
34.92324447631836
36.85495376586914
30.730527877807617
34.686588287353516
143.16990661621094
94.81637573242188
68.98372650146484
107.31782531738281
220.3879852294922
60.19895935058594
36.8477668762207
110.52013397216797
66.45679473876953
150.42347717285156
38.57098388671875
14.17487621307373
103.17311096191406
33.52273178100586
119.42271423339844
122.23809051513672
146.36361694335938
144.50692749023438
1589.3897705078125
110.14219665527344
60.608482360839844
67.97858428955078
86.53548431396484
95.3996810913086
97.44761657714844
93.00862884521484
17.470632553100586
78.66643524169922
27.052019119262695
145.01040649414062
45.229915618896484
94.96099853515625
62.421546936035156
130.1259002685547
126.57705688476562
34.715484619140625
29.223051071166992
123.79679870605469
56.568206787109375
64.82012939453125
35.27088165283203
50.25749969482422
90.44121551513672
233.91729736328125
45.1298828125
54.6399040222168
52.770206451416016
60.67631912231445
18.683000564575195
35.58134841918945
19.15955352783203
25.34017562866211
69.9146957397461
20.47015953063965
49.26576232910156
795.3002319335938
74.6953353881836
86.4886474609375
217.00181579589844
40.795860290527344
26.491228103637695
41.06300354003906
90.947509765625
64.4446792602539
30.743572235107422
11.276195526123047
19.65094757080078
78.7114486694336
18.544105529785156
25.80589485168457
41.837100982666016
122.4371566772461
156.82872009277344
41.190460205078125
93.12800598144531
83.73826599121094
19.50117301940918
62.289852142333984
41.28318786621094
119.48544311523438
105.48362731933594
95.8754653930664
104.9372329711914
90.71856689453125
63.68709945678711
60.2398681640625
17.487548828125
215.29029846191406
26.603164672851562
23.24019432067871
122.67118072509766
165.44644165039062
117.66947174072266
29.029895782470703
22.64958381652832
12.103412628173828
53.415279388427734
47.542579650878906
122.48883819580078
22.14371681213379
42.792510986328125
45.96104431152344
33.13448715209961
88.71774291992188
67.18936920166016
40.21600341796875
25.164464950561523
14.791242599487305
25.72144317626953
101.44124603271484
61.5185546875
68.0688247680664
48.45090103149414
49.42449188232422
23.855979919433594
110.63932037353516
183.59686279296875
88.07052612304688
25.532058715820312
52.81804275512695
33.51799774169922
23.284969329833984
32.03145217895508
32.23472213745117
79.67147064208984
40.09383773803711
38.82573318481445
36.59237289428711
116.54779815673828
41.418792724609375
33.69047927856445
31.734182357788086
96.75808715820312
14.502562522888184
83.43309783935547
35.89425277709961
143.08103942871094
55.8777961730957
81.30050659179688
81.3740005493164
9.873130798339844
30.820987701416016
64.8017578125
212.53250122070312
45.09269714355469
24.3941650390625
13.763019561767578
230.8483123779297
72.3705062866211
25.30772590637207
24.81909942626953
26.804515838623047
22.678857803344727
25.569095611572266
54.65915298461914
21.101604461669922
116.19518280029297
32.562435150146484
59.756649017333984
17.531238555908203
85.30694580078125
15.994022369384766
36.96358871459961
169.96719360351562
37.019046783447266
146.53431701660156
71.54793548583984
42.14024353027344
31.788433074951172
165.5856170654297
52.834442138671875
105.16753387451172
42.597740173339844
13.54085922241211
70.66236877441406
44.871002197265625
89.46038818359375
34.761985778808594
41.98825454711914
283.7951354980469
41.548492431640625
41.04376220703125
42.386226654052734
10.542420387268066
27.96137237548828
13.765111923217773
39.27193832397461
57.36019515991211
39.037498474121094
36.37559127807617
99.33860778808594
75.78911590576172
32.331756591796875
43.067447662353516
46.746681213378906
19.900592803955078
56.16780471801758
30.219148635864258
74.28121948242188
48.51914596557617
65.17049407958984
34.98722457885742
38.682552337646484
52.73340606689453
59.550628662109375
11.947982788085938
12.369105339050293
226.74107360839844
13.311216354370117
21.367246627807617
51.27350997924805
45.94725799560547
130.62896728515625
36.047088623046875
97.36376190185547
44.65349578857422
10.198390007019043
67.96560668945312
127.97599029541016
56.71182632446289
80.46134948730469
39.61215591430664
78.49991607666016
13.182007789611816
61.755821228027344
100.71473693847656
50.09233474731445
66.93376159667969
47.01773452758789
15.360849380493164
60.32189178466797
38.15320587158203
38.25515365600586
166.50494384765625
43.70801544189453
18.093029022216797
21.528766632080078
154.605224609375
38.79852294921875
18.76641273498535
244.83816528320312
30.51298713684082
151.70994567871094
29.09235382080078
39.38332748413086
66.6679916381836
72.55831146240234
63.30268096923828
96.39158630371094
49.66193771362305
49.78675842285156
81.79647064208984
19.119197845458984
69.09690856933594
147.53041076660156
22.960037231445312
36.76372146606445
121.84822082519531
50.259132385253906
66.4469223022461
91.87744140625
61.067726135253906
83.60731506347656
9.765344619750977
59.65305709838867
35.75910186767578
60.49353790283203
90.18626403808594
11.525359153747559
91.17424011230469
27.182212829589844
92.09972381591797
75.0174560546875
98.96483612060547
29.674121856689453
8.827568054199219
131.056396484375
70.86498260498047
27.30045509338379
32.70871353149414
76.92076110839844
58.69625473022461
22.134340286254883
58.159786224365234
36.563846588134766
59.23086929321289
26.759897232055664
71.65957641601562
33.71489334106445
12.931463241577148
18.290868759155273
75.4332046508789
28.10247230529785
32.79130935668945
11.66822338104248
67.36904907226562
194.39846801757812
100.37907409667969
42.307350158691406
60.909332275390625
28.51809310913086
78.27684783935547
69.36093139648438
44.89875030517578
51.02486038208008
45.58945846557617
85.92477416992188
49.123016357421875
15.057489395141602
73.29061126708984
49.60891342163086
161.98890686035156
20.75319480895996
51.10171890258789
73.6987533569336
20.424827575683594
28.877962112426758
23.15053939819336
24.999643325805664
45.840641021728516
64.65410614013672
158.91226196289062
44.41879653930664
37.16914749145508
38.367027282714844
63.038818359375
39.293155670166016
42.15754699707031
14.062694549560547
132.08900451660156
8.514476776123047
166.29429626464844
105.73565673828125
20.09381103515625
37.772369384765625
22.515371322631836
42.588321685791016
50.616676330566406
26.65818977355957
35.48927688598633
31.972015380859375
10.638215065002441
9.410314559936523
12.722378730773926
177.81045532226562
50.728904724121094
70.14745330810547
130.2476043701172
58.533363342285156
56.38835144042969
56.44192123413086
90.60485076904297
84.48999786376953
101.14429473876953
54.89311981201172
134.72972106933594
11.133373260498047
29.764331817626953
86.164306640625
42.753841400146484
82.18360900878906
20.63487434387207
109.13546752929688
73.14710235595703
65.20292663574219
47.261268615722656
14.151695251464844
33.77186965942383
48.12248229980469
60.260162353515625
71.65174102783203
104.94762420654297
36.87009811401367
20.482030868530273
94.3736343383789
77.37648010253906
104.08543395996094
97.53197479248047
43.635868072509766
16.214529037475586
6.815695762634277
45.258453369140625
52.06819152832031
89.16357421875
82.00299835205078
43.8085823059082
55.18036651611328
174.5559539794922
19.372989654541016
40.02804946899414
25.604862213134766
100.36638641357422
17.70793914794922
92.72137451171875
150.58787536621094
83.75055694580078
126.84672546386719
117.64663696289062
49.73971939086914
78.71484375
29.992595672607422
16.137680053710938
33.94762420654297
46.270172119140625
24.77320671081543
18.180660247802734
17.86389923095703
46.26156997680664
302.15118408203125
104.6275405883789
20.348421096801758
61.00339126586914
24.687828063964844
33.29588317871094
28.585508346557617
17.876548767089844
159.0044403076172
22.154098510742188
10.127854347229004
11.498093605041504
37.198360443115234
46.79660415649414
37.23707962036133
31.44668960571289
20.800518035888672
68.9024429321289
178.1192169189453
25.60665512084961
121.58656311035156
49.04563903808594
40.67898941040039
46.963138580322266
36.021636962890625
11.929527282714844
16.43532371520996
52.6742057800293
161.92306518554688
80.8808364868164
21.408376693725586
57.25634765625
84.73724365234375
147.50523376464844
94.7887954711914
97.6671371459961
17.20858383178711
39.362693786621094
9.85930061340332
47.72305679321289
133.8504638671875
68.79322052001953
55.594058990478516
93.40022277832031
62.579254150390625
78.52965545654297
26.642484664916992
74.24588012695312
46.06906509399414
35.06019973754883
75.125244140625
58.075748443603516
33.95735168457031
41.33755111694336
149.5211944580078
57.41496658325195
54.047149658203125
59.98965072631836
26.420034408569336
9.649346351623535
25.697603225708008
52.41212463378906
165.48838806152344
64.24205017089844
46.16529846191406
21.837743759155273
56.51998519897461
75.39239501953125
14.06202507019043
60.24395751953125
35.031211853027344
103.3301010131836
74.56956481933594
90.8338394165039
30.60995101928711
36.69071578979492
5.457252502441406
186.22885131835938
75.1023178100586
47.965755462646484
143.2525634765625
22.2985897064209
75.53768157958984
54.654136657714844
425.3463439941406
98.62613677978516
35.00544738769531
22.42974281311035
45.9266357421875
15.845819473266602
80.7466049194336
36.59912872314453
21.10372543334961
46.55512619018555
48.830936431884766
11.069512367248535
12.70236587524414
59.17462921142578
15.557242393493652
23.830913543701172
31.919353485107422
8.279994010925293
77.7219009399414
27.374483108520508
31.969146728515625
76.01832580566406
14.088998794555664
22.964200973510742
11.639540672302246
67.71041870117188
67.21344757080078
79.16719055175781
169.1350555419922
56.69477844238281
67.2294921875
44.1087646484375
28.756126403808594
81.06261444091797
19.560150146484375
40.59865951538086
20.54973793029785
210.64163208007812
62.41884994506836
25.002134323120117
94.06867980957031
30.997499465942383
39.6439208984375
87.19556427001953
53.01918411254883
96.61378479003906
19.872188568115234
104.0860366821289
73.04136657714844
32.57530212402344
54.26985549926758
83.49630737304688
17.353809356689453
161.44850158691406
62.811397552490234
67.82921600341797
81.14134216308594
36.71588897705078
32.44865417480469
34.610870361328125
22.44449806213379
54.94148254394531
51.59832000732422
59.5639533996582
25.282522201538086
7.650484561920166
4.091075420379639
46.491180419921875
21.82302474975586
81.79227447509766
57.74043655395508
19.121328353881836
166.59976196289062
31.200855255126953
68.688232421875
41.316734313964844
28.747604370117188
75.7701416015625
51.55474090576172
95.85326385498047
70.80433654785156
97.9034652709961
76.72929382324219
77.08399200439453
51.541412353515625
92.45696258544922
27.86894416809082
30.34295082092285
44.162353515625
31.06052589416504
101.10481262207031
46.734619140625
32.530113220214844
77.62699127197266
63.781925201416016
68.01423645019531
56.471187591552734
77.23406219482422
11.570256233215332
115.74032592773438
53.4513053894043
21.3197021484375
43.86509323120117
12.916964530944824
45.17789077758789
13.119258880615234
36.8901252746582
24.832473754882812
22.229846954345703
7.0010294914245605
40.96126937866211
189.6772003173828
20.322959899902344
18.578739166259766
23.668352127075195
32.56673049926758
35.7337532043457
40.733177185058594
39.63204574584961
18.514909744262695
46.82041549682617
105.4382095336914
7.217918395996094
36.0673828125
22.653629302978516
39.247310638427734
27.97235107421875
37.064483642578125
45.344913482666016
33.726863861083984
64.99661254882812
20.737834930419922
37.10032272338867
34.621307373046875
45.615299224853516
15.434165000915527
69.4974365234375
176.29788208007812
73.07359313964844
32.08523941040039
20.983688354492188
25.464649200439453
43.61359405517578
81.62205505371094
86.10701751708984
68.64028930664062
56.17405319213867
52.06654357910156
25.311180114746094
68.43871307373047
44.328697204589844
17.259592056274414
178.50341796875
42.928749084472656
20.41705894470215
89.3984375
26.549610137939453
88.5714340209961
43.34180450439453
65.82923889160156
88.12557983398438
53.1540641784668
48.24616622924805
46.8203239440918
12.947901725769043
142.57565307617188
81.25526428222656
43.862754821777344
52.4697265625
35.807220458984375
42.290489196777344
45.32465362548828
170.01321411132812
85.62046813964844
21.431623458862305
29.712236404418945
31.4078311920166
24.293134689331055
70.52526092529297
8.565712928771973
20.461267471313477
162.43148803710938
33.369049072265625
127.80210876464844
23.01019859313965
13.710731506347656
34.52803039550781
10.178973197937012
65.60401153564453
57.990360260009766
95.09492492675781
26.68297004699707
19.252347946166992
32.916038513183594
89.84361267089844
41.05311965942383
25.861116409301758
51.348960876464844
22.70232582092285
75.44844818115234
16.69378662109375
40.41795349121094
76.10092163085938
108.952880859375
33.99138641357422
42.501705169677734
145.01600646972656
35.323638916015625
137.5369415283203
82.37071990966797
18.81778907775879
163.40411376953125
82.6341552734375
20.647079467773438
41.52748489379883
47.495750427246094
192.43235778808594
33.22261047363281
49.27857208251953
53.43449783325195
83.79607391357422
54.46562576293945
18.919021606445312
28.497976303100586
30.587284088134766
47.98960876464844
72.26594543457031
37.43657684326172
57.82301712036133
44.14741897583008
21.494871139526367
7.855517864227295
22.006017684936523
17.717161178588867
27.885860443115234
19.532773971557617
24.11737823486328
114.48595428466797
13.76626968383789
6.4838480949401855
18.200197219848633
92.99211120605469
12.008161544799805
79.10359191894531
111.01932525634766
19.123798370361328
15.626445770263672
130.43934631347656
203.7217559814453
46.18077087402344
50.846866607666016
134.4124755859375
41.72172164916992
153.1969451904297
27.766925811767578
153.05963134765625
48.359066009521484
55.00992965698242
160.50250244140625
34.2752799987793
57.044437408447266
23.16910171508789
28.00006675720215
53.04764175415039
180.5155487060547
16.328750610351562
18.304197311401367
54.90962600708008
29.00558090209961
45.74235153198242
16.104835510253906
146.0234375
30.7576847076416
16.680278778076172
43.14732360839844
18.15362548828125
36.05363082885742
37.44300842285156
119.85498809814453
189.53753662109375
48.469566345214844
88.71067810058594
18.72649574279785
34.88482666015625
119.99720001220703
25.609018325805664
19.637866973876953
92.5074462890625
42.7196159362793
89.24840545654297
30.14507484436035
70.91102600097656
152.33251953125
30.526762008666992
93.2779541015625
39.22443389892578
23.22198486328125
48.24959945678711
42.105560302734375
24.75897979736328
94.81965637207031
27.68351173400879
44.80937194824219
68.10116577148438
31.262136459350586
37.08924102783203
46.06525802612305
49.92985916137695
12.438386917114258
48.71324157714844
40.64601516723633
4.066102504730225
24.025115966796875
49.9122314453125
44.80483627319336
14.67963695526123
20.627849578857422
3.8291940689086914
8.636503219604492
36.06913375854492
16.603757858276367
87.15843963623047
91.10803985595703
34.376155853271484
78.15752410888672
22.130212783813477
72.9559326171875
76.166259765625
31.986433029174805
56.066585540771484
62.35786819458008
19.02997398376465
54.280189514160156
16.013574600219727
18.453126907348633
4.724091053009033
6.719490051269531
37.668819427490234
13.140152931213379
31.867816925048828
37.607242584228516
79.37311553955078
105.53495025634766
11.069751739501953
45.95196533203125
31.865589141845703
15.08411693572998
6.861291408538818
43.63680648803711
34.26361083984375
63.4804573059082
78.59627532958984
90.17367553710938
53.23249816894531
10.912660598754883
30.160451889038086
119.24666595458984
35.78072738647461
130.8634033203125
62.16624450683594
26.62566566467285
58.48772048950195
45.68475341796875
34.9483757019043
23.9469051361084
46.215484619140625
15.208248138427734
102.15460205078125
62.9661979675293
98.6591567993164
6.923730850219727
62.92951583862305
46.21739196777344
48.04779815673828
20.099876403808594
84.77814483642578
52.60977554321289
48.9992790222168
22.456052780151367
31.076231002807617
41.115196228027344
36.1172981262207
27.23133087158203
13.298628807067871
216.63331604003906
35.90625
34.17362976074219
147.33108520507812
57.48058319091797
50.27983856201172
90.7294692993164
94.58108520507812
69.3191909790039
22.03657341003418
58.16219711303711
32.724365234375
67.9137191772461
49.91078567504883
110.67428588867188
34.7679328918457
45.761253356933594
13.95220947265625
21.812728881835938
63.5919189453125
65.5691146850586
142.28302001953125
39.460060119628906
54.27778625488281
86.64217376708984
59.6077995300293
73.67374420166016
100.68474578857422
66.73565673828125
33.741539001464844
59.08683395385742
18.979787826538086
102.01210021972656
19.589309692382812
38.45490264892578
66.96157836914062
59.489341735839844
24.29483985900879
28.954999923706055
23.753265380859375
78.95034790039062
28.641834259033203
94.95049285888672
80.18973541259766
33.619056701660156
24.23879051208496
147.55018615722656
46.75301742553711
37.2288932800293
31.475757598876953
63.049476623535156
7.3073954582214355
22.98098373413086
170.13644409179688
186.09268188476562
58.80466842651367
44.12925338745117
36.11033630371094
41.761898040771484
33.91486358642578
41.80001449584961
43.264923095703125
51.89139175415039
63.43803024291992
15.904674530029297
108.62481689453125
98.12088775634766
94.81951141357422
58.666908264160156
33.35630416870117
34.295196533203125
197.8570098876953
48.72945785522461
15.22526741027832
34.48567199707031
148.6326141357422
133.67665100097656
34.745147705078125
31.25384521484375
132.70022583007812
98.24354553222656
51.10039138793945
40.12439727783203
15.270281791687012
48.621734619140625
42.8948860168457
36.825382232666016
82.7388916015625
6.262727737426758
29.675195693969727
10.928468704223633
33.59885787963867
40.265663146972656
20.32215690612793
94.42741394042969
262.4254455566406
19.906328201293945
16.614154815673828
208.39630126953125
32.847537994384766
48.04458236694336
26.167491912841797
65.46858978271484
95.14458465576172
125.35948944091797
81.73353576660156
39.195152282714844
53.620540618896484
44.63909912109375
178.40061950683594
30.970277786254883
5.242156982421875
27.33205795288086
50.03309631347656
19.270973205566406
83.83189392089844
29.252777099609375
26.013412475585938
12.068405151367188
14.63685131072998
89.32837677001953
127.6634521484375
20.72002601623535
132.97486877441406
252.0693359375
44.25186538696289
25.71710205078125
58.92827224731445
54.816986083984375
36.05842971801758
98.95692443847656
63.527957916259766
14.196429252624512
72.50542449951172
64.39942169189453
5.461307048797607
33.63336181640625
27.04986000061035
34.75029373168945
40.09503173828125
20.233745574951172
71.8426742553711
11.012435913085938
47.147335052490234
10.17103385925293
21.16961097717285
104.06883239746094
167.89166259765625
27.923171997070312
50.70320510864258
