65.59326934814453
65.78939819335938
68.20462036132812
69.56478118896484
72.49419403076172
76.84515380859375
88.5970230102539
102.6968765258789
115.85650634765625
137.5696563720703
149.17843627929688
181.4168701171875
227.81422424316406
261.743408203125
334.54736328125
397.16070556640625
484.4458923339844
578.5899047851562
711.7207641601562
830.8072509765625
944.9440307617188
1133.130859375
1113.9027099609375
1326.111572265625
1274.2078857421875
1493.1949462890625
1683.337158203125
1899.39892578125
2091.430908203125
1975.3609619140625
1781.3070068359375
1659.200439453125
1211.0970458984375
737.1602783203125
502.8897399902344
400.5600891113281
339.25811767578125
333.33856201171875
387.446533203125
180.36199951171875
259.42645263671875
436.1658630371094
361.7113342285156
433.52325439453125
317.7205810546875
239.40936279296875
191.8405303955078
181.76686096191406
264.4754943847656
259.965576171875
159.73304748535156
91.663330078125
86.72451782226562
79.70549774169922
93.22814178466797
292.13299560546875
166.2207794189453
194.35914611816406
101.53520965576172
203.29029846191406
276.7149658203125
110.00872802734375
35.44384765625
260.385986328125
172.35382080078125
136.0842742919922
171.9873809814453
112.3670425415039
275.7819519042969
139.61016845703125
156.80255126953125
45.63245391845703
141.7720489501953
43.55349349975586
156.4558868408203
223.05503845214844
235.8264923095703
156.95750427246094
72.95213317871094
151.79022216796875
121.10938262939453
186.92269897460938
67.52413940429688
164.95042419433594
74.8132553100586
157.64169311523438
109.96416473388672
92.53813934326172
44.45896911621094
32.33382797241211
70.21713256835938
293.0745544433594
237.7438507080078
128.50167846679688
221.901123046875
59.884681701660156
60.27717971801758
27.51515007019043
21.905189514160156
45.14295196533203
59.68330001831055
151.96917724609375
37.64920425415039
139.4618682861328
44.23862838745117
57.79833984375
77.10664367675781
168.9565887451172
52.100948333740234
205.8865203857422
74.84696960449219
50.46635818481445
30.65192413330078
154.2361297607422
57.449710845947266
72.40182495117188
23.423480987548828
40.41087341308594
14.340073585510254
113.15043640136719
