22.89109230041504
23.80876922607422
23.29582405090332
23.86127281188965
24.04863166809082
26.348886489868164
26.08576011657715
28.13541030883789
29.6914005279541
31.90465545654297
30.692060470581055
33.257076263427734
34.10243225097656
34.927791595458984
39.43500518798828
39.99391174316406
41.17305374145508
43.04195785522461
44.172237396240234
44.705718994140625
46.35407257080078
49.07595443725586
48.85630798339844
52.23218536376953
51.95492935180664
54.482723236083984
54.335391998291016
57.75690460205078
60.73188400268555
59.7542839050293
62.115570068359375
64.95018005371094
65.37886810302734
67.96000671386719
64.70698547363281
68.79248809814453
71.81517028808594
73.78045654296875
75.16510009765625
74.36177062988281
77.15361022949219
75.05944061279297
76.93806457519531
82.9125747680664
80.99090576171875
85.05326843261719
84.33338165283203
86.62085723876953
84.98768615722656
89.5416488647461
85.89044952392578
91.06652069091797
88.28131866455078
94.98188781738281
90.24232482910156
95.9984359741211
94.5398178100586
96.69548797607422
97.15021514892578
99.61749267578125
99.851806640625
101.73178100585938
98.48189544677734
102.42793273925781
101.6961898803711
104.00721740722656
100.92295837402344
106.75304412841797
105.01250457763672
108.50183868408203
102.89850616455078
106.52948760986328
107.829833984375
109.647216796875
108.17864990234375
110.85466766357422
108.97928619384766
109.8266372680664
108.08917999267578
120.20425415039062
112.91658782958984
106.40125274658203
113.1439437866211
113.20388793945312
113.4926528930664
112.89810180664062
120.2167739868164
115.99327850341797
116.99722290039062
108.81864166259766
114.34265899658203
114.73452758789062
113.989501953125
111.89871978759766
116.06360626220703
117.26526641845703
117.24828338623047
121.12381744384766
122.77513885498047
121.9422836303711
121.87960815429688
124.16594696044922
121.34546661376953
121.34745025634766
121.95104217529297
118.41948699951172
122.18986511230469
118.79081726074219
116.79051971435547
122.6109619140625
119.60511779785156
122.99738311767578
118.33484649658203
126.0080337524414
119.93204498291016
120.69499206542969
116.09681701660156
121.32757568359375
121.7494888305664
123.37940979003906
