132.68186950683594
138.45347595214844
131.8550262451172
134.10089111328125
131.47903442382812
139.9414825439453
130.7757110595703
133.5078582763672
133.33163452148438
134.49380493164062
118.97429656982422
120.59436798095703
116.08554077148438
109.89688873291016
115.64623260498047
105.71142578125
97.27086639404297
91.45490264892578
78.54078674316406
64.58573150634766
52.112152099609375
44.44957733154297
39.93834686279297
35.46738815307617
40.27705764770508
38.99718475341797
31.38983154296875
19.304311752319336
16.881608963012695
17.00807762145996
14.300297737121582
13.865042686462402
13.790956497192383
11.8303804397583
19.765117645263672
13.966055870056152
13.627416610717773
12.979211807250977
13.96188735961914
25.10196876525879
12.032575607299805
17.544048309326172
16.223432540893555
10.035444259643555
14.254073143005371
18.494115829467773
14.160653114318848
12.717116355895996
17.001502990722656
15.40412712097168
15.46044635772705
17.775278091430664
17.03689956665039
11.815299034118652
15.789424896240234
10.561450958251953
14.518613815307617
14.129642486572266
13.71079158782959
12.440258979797363
10.864474296569824
14.906224250793457
18.09122657775879
13.602139472961426
16.946102142333984
14.572702407836914
14.435619354248047
12.616455078125
13.38691520690918
14.730268478393555
17.530033111572266
14.724760055541992
15.70456314086914
14.146561622619629
12.607382774353027
13.620186805725098
12.731694221496582
15.28541374206543
13.901731491088867
10.918554306030273
16.525388717651367
18.83835792541504
12.852019309997559
13.214517593383789
12.787328720092773
14.72139835357666
11.524526596069336
10.211836814880371
11.817636489868164
15.439057350158691
15.886908531188965
10.830114364624023
15.958366394042969
19.23651695251465
11.097086906433105
13.295201301574707
18.338878631591797
13.72107982635498
16.293989181518555
15.406397819519043
10.610483169555664
13.433530807495117
11.544172286987305
12.788418769836426
10.666020393371582
17.560564041137695
11.327265739440918
14.877972602844238
15.475284576416016
15.148398399353027
12.3018798828125
10.900979995727539
12.801664352416992
9.745182991027832
15.669962882995605
13.757275581359863
15.354909896850586
12.563596725463867
13.084660530090332
11.04789924621582
