29.955419540405273
30.441486358642578
30.690378189086914
31.018205642700195
31.560644149780273
32.21934127807617
33.20488739013672
34.007965087890625
35.30648422241211
36.78489685058594
38.42118453979492
39.85673904418945
41.39350509643555
43.093910217285156
44.40533447265625
45.920310974121094
47.29402160644531
48.52418518066406
49.750511169433594
51.081363677978516
51.60633087158203
52.95499801635742
54.093868255615234
55.05428695678711
56.108802795410156
57.740577697753906
58.514747619628906
59.539344787597656
60.664100646972656
61.98348617553711
63.176063537597656
63.52622604370117
65.01260375976562
66.03411102294922
66.91178894042969
68.1068344116211
68.58274841308594
69.4714126586914
70.74980163574219
71.09449768066406
72.6829605102539
73.40369415283203
74.25088500976562
75.17302703857422
76.38133239746094
76.93010711669922
77.25910186767578
78.11490631103516
78.97413635253906
79.56890869140625
80.98113250732422
80.82076263427734
81.9465103149414
82.62850952148438
82.45518493652344
83.87413787841797
84.229248046875
84.87295532226562
85.80863189697266
85.45968627929688
86.7074203491211
86.66991424560547
86.97811126708984
87.62158203125
88.17530822753906
88.68641662597656
89.49629211425781
90.05086517333984
90.51216888427734
90.65611267089844
90.46524810791016
90.82466888427734
91.25737762451172
91.98433685302734
91.34351348876953
92.28968048095703
92.55955505371094
92.6985855102539
92.05149841308594
92.73033905029297
92.97472381591797
93.79630279541016
93.27241516113281
94.07056427001953
93.32731628417969
94.64311218261719
94.02290344238281
94.07711029052734
93.81116485595703
94.59638214111328
94.33438873291016
95.33323669433594
94.68135070800781
