139.23052978515625
134.9697265625
134.0354766845703
140.67300415039062
128.27420043945312
138.69647216796875
128.67477416992188
133.8873748779297
133.3255615234375
131.365234375
135.05335998535156
133.46934509277344
131.6143341064453
130.00511169433594
135.708740234375
135.39332580566406
133.99417114257812
135.7340087890625
127.35466003417969
129.3947296142578
127.03900146484375
132.1494598388672
133.42552185058594
134.24282836914062
131.2014923095703
131.00021362304688
133.85166931152344
128.41419982910156
130.66014099121094
128.21145629882812
128.1954345703125
131.91207885742188
127.9771957397461
114.40577697753906
125.27066802978516
126.24156951904297
125.72176361083984
121.50447082519531
125.28773498535156
130.6295928955078
121.3447265625
123.61100769042969
117.58355712890625
121.59989929199219
123.67974090576172
122.16807556152344
117.0116958618164
117.32469940185547
116.0018081665039
116.75106048583984
120.24909973144531
118.20072937011719
118.40068054199219
115.6068344116211
119.41200256347656
112.85276794433594
116.0856704711914
116.07321166992188
112.11197662353516
113.57786560058594
116.7824478149414
114.84845733642578
108.50104522705078
107.30022430419922
110.03779602050781
106.12337493896484
107.18081665039062
110.9247055053711
110.51033782958984
104.95314025878906
108.71971893310547
108.57206726074219
114.80439758300781
110.6839599609375
106.234130859375
102.5132827758789
105.69679260253906
103.5725326538086
101.49220275878906
104.81565856933594
104.14647674560547
108.26139068603516
106.75817108154297
103.45221710205078
104.00580596923828
101.34722137451172
100.55941009521484
99.00648498535156
96.64002990722656
97.2021484375
100.21563720703125
97.20927429199219
102.77536010742188
99.4812240600586
94.07534790039062
97.64522552490234
97.76040649414062
98.98223114013672
97.380126953125
98.34957122802734
90.19355773925781
101.8849868774414
101.0440902709961
93.79976654052734
94.77963256835938
98.10306549072266
102.03427124023438
90.76707458496094
81.0769271850586
95.37950134277344
98.52092742919922
98.4054183959961
85.7006607055664
97.56523132324219
89.97319793701172
95.20056915283203
97.80314636230469
100.31769561767578
96.14920043945312
81.71240997314453
