136.20948791503906
130.29478454589844
137.224365234375
137.28982543945312
133.23631286621094
129.57003784179688
136.531982421875
132.1699676513672
135.92771911621094
130.826904296875
127.18212127685547
125.95439147949219
126.48758697509766
118.537353515625
115.39928436279297
113.97889709472656
99.4393539428711
104.79113006591797
92.253173828125
90.29765319824219
83.45227813720703
76.7055892944336
66.8305435180664
55.32962417602539
46.65704345703125
37.549171447753906
32.49240493774414
28.809406280517578
26.564592361450195
34.42279052734375
21.853252410888672
28.67228889465332
22.12112045288086
23.458599090576172
10.947935104370117
19.14458465576172
11.341341972351074
19.814664840698242
19.27137565612793
14.082686424255371
19.204317092895508
22.07052230834961
16.625972747802734
19.76749038696289
20.06291961669922
18.327960968017578
16.42876625061035
13.287724494934082
10.693899154663086
13.125028610229492
12.547420501708984
15.473505020141602
13.509592056274414
13.438248634338379
12.807887077331543
18.014694213867188
19.19978904724121
15.887007713317871
20.438100814819336
13.39631462097168
15.897127151489258
11.883153915405273
12.334528923034668
11.08870792388916
14.791003227233887
15.11722469329834
16.39646339416504
12.920248985290527
15.266569137573242
12.042973518371582
9.293089866638184
15.746091842651367
13.672624588012695
15.644621849060059
15.97775650024414
14.637137413024902
14.237701416015625
11.425583839416504
9.96465015411377
18.415504455566406
12.383344650268555
14.866842269897461
16.29195213317871
11.70779037475586
13.832961082458496
11.928801536560059
14.97729778289795
11.16604232788086
15.754047393798828
15.963306427001953
11.10284423828125
18.13170051574707
18.429399490356445
13.615583419799805
12.772113800048828
11.66628646850586
14.999114990234375
13.865520477294922
12.942471504211426
13.130269050598145
14.440226554870605
14.501543998718262
21.257238388061523
16.756996154785156
11.101568222045898
16.153268814086914
11.712043762207031
12.929561614990234
15.619900703430176
13.301777839660645
9.972959518432617
9.738261222839355
13.827508926391602
13.202961921691895
10.004961967468262
9.726985931396484
13.274529457092285
20.937110900878906
19.82901954650879
11.756046295166016
