132.6818389892578
139.5667724609375
133.01910400390625
135.51292419433594
133.09347534179688
142.15443420410156
133.55606079101562
137.11495971679688
138.1790771484375
140.7032012939453
126.45719146728516
131.17616271972656
129.01670837402344
126.32365417480469
140.33091735839844
134.9983673095703
133.24314880371094
137.1910400390625
133.28970336914062
129.6671142578125
129.82090759277344
134.43658447265625
127.43074035644531
135.19180297851562
128.670654296875
132.42800903320312
126.31854248046875
131.61534118652344
138.14443969726562
128.57504272460938
131.74716186523438
134.73841857910156
131.9091339111328
133.7669219970703
122.97853088378906
128.24072265625
131.87588500976562
130.99771118164062
131.5894012451172
125.40692138671875
127.38066864013672
120.34318542480469
121.91343688964844
130.36708068847656
123.71431732177734
130.41116333007812
124.78693389892578
126.43981170654297
118.80147552490234
126.59107208251953
116.78589630126953
124.34197998046875
117.31721496582031
126.02202606201172
115.44696044921875
122.79399871826172
117.03841400146484
120.7579116821289
118.9451675415039
120.24893951416016
119.6776351928711
121.1104507446289
113.83702087402344
117.74555969238281
114.68951416015625
117.25369262695312
112.45265197753906
118.84199523925781
113.55654907226562
117.60067749023438
107.87969970703125
112.62247467041016
114.04684448242188
113.93474578857422
110.74222564697266
112.93878173828125
109.57685852050781
111.13931274414062
105.74180603027344
121.78754425048828
112.68364715576172
104.05619812011719
108.7663345336914
109.21183013916016
109.33612823486328
108.3497543334961
115.68839263916016
109.150634765625
110.88487243652344
100.6312255859375
105.7424545288086
104.22789001464844
104.63233947753906
102.64376068115234
106.31493377685547
106.36153411865234
107.4475326538086
109.83734130859375
110.75035095214844
110.38194274902344
108.96166229248047
112.12771606445312
108.41422271728516
107.31237030029297
107.60516357421875
104.9020767211914
108.803955078125
104.31462097167969
100.10292053222656
106.97892761230469
104.23043823242188
107.62113189697266
102.66671752929688
110.07075500488281
103.57991790771484
104.18426513671875
98.86248016357422
104.29696655273438
104.02635955810547
106.9426040649414
