122.2822494506836
148.7023468017578
148.5044708251953
116.00167846679688
148.46646118164062
151.87142944335938
121.29788970947266
156.10365295410156
121.7881851196289
140.02435302734375
154.63442993164062
103.8927230834961
124.62764739990234
137.1771697998047
144.8227081298828
159.8520965576172
142.61573791503906
142.5852813720703
154.1898651123047
141.70220947265625
160.89593505859375
132.29917907714844
133.50360107421875
116.65724182128906
153.4146728515625
138.05902099609375
118.1183090209961
130.73208618164062
131.05088806152344
141.7724151611328
141.7705535888672
102.01806640625
134.39462280273438
151.13888549804688
121.68473052978516
152.41159057617188
133.37705993652344
149.4148712158203
143.57012939453125
109.03902435302734
148.08029174804688
146.37062072753906
100.27542877197266
149.7952880859375
126.56160736083984
113.32696533203125
141.34994506835938
141.10263061523438
138.8712921142578
82.99004364013672
149.67791748046875
154.02658081054688
157.4486846923828
68.86323547363281
145.40786743164062
150.2991943359375
138.70062255859375
120.97350311279297
148.3984375
134.2253875732422
141.40924072265625
155.0894317626953
133.65237426757812
138.5476531982422
142.54051208496094
146.0557098388672
149.38914489746094
152.6157684326172
139.3681640625
140.5611114501953
117.42894744873047
102.95191955566406
120.56878662109375
148.4103546142578
110.39447021484375
131.25106811523438
139.40138244628906
136.61085510253906
134.38278198242188
152.029541015625
143.49195861816406
119.19233703613281
87.00152587890625
89.05380249023438
128.8551788330078
116.41368103027344
132.75955200195312
102.21807861328125
121.91715240478516
127.68218994140625
117.03070831298828
91.00391387939453
125.97035217285156
103.18267059326172
82.91136932373047
118.98228454589844
121.87962341308594
118.25686645507812
115.98953247070312
129.68508911132812
111.09341430664062
100.16273498535156
81.97858428955078
102.06066131591797
82.4090805053711
100.1176528930664
96.7489242553711
85.19827270507812
64.04998779296875
69.03683471679688
72.56409454345703
115.66178894042969
166.53170776367188
192.4270782470703
163.27798461914062
108.68238067626953
74.76289367675781
55.16115188598633
47.32106018066406
50.85335159301758
47.67970657348633
51.996002197265625
37.851585388183594
48.163970947265625
36.2586555480957
41.392887115478516
34.665157318115234
29.86479949951172
29.480632781982422
46.46733093261719
27.00446891784668
26.898441314697266
25.350893020629883
26.595870971679688
41.73426055908203
21.052942276000977
20.594594955444336
38.931785583496094
13.164862632751465
11.554706573486328
33.38794708251953
13.916382789611816
7.539402484893799
8.051728248596191
5.8963847160339355
5.0676960945129395
5.203384876251221
21.71966552734375
8.341473579406738
20.74603843688965
17.09902572631836
15.458854675292969
11.666876792907715
6.454640865325928
50.55813980102539
6.060115814208984
5.58515739440918
11.282129287719727
30.915983200073242
23.381080627441406
19.351961135864258
12.17795181274414
17.947946548461914
8.483997344970703
5.481362342834473
6.097361087799072
5.788147926330566
5.316004276275635
5.7125444412231445
5.678437232971191
27.023517608642578
13.95522403717041
18.535783767700195
19.031543731689453
13.510114669799805
8.889815330505371
6.994936943054199
8.52358627319336
10.361495018005371
29.20665740966797
6.268736362457275
27.795303344726562
14.217141151428223
16.047136306762695
15.874695777893066
17.70500373840332
10.520316123962402
31.192825317382812
6.08157205581665
5.759593963623047
9.48505973815918
9.38421630859375
32.86388397216797
4.850466251373291
8.693145751953125
19.550270080566406
21.4189510345459
22.67227554321289
17.426912307739258
15.686243057250977
6.0342841148376465
15.072492599487305
21.22098731994629
87.25778198242188
79.21724700927734
15.067856788635254
58.850250244140625
11.824929237365723
16.20234489440918
13.318498611450195
13.75122356414795
9.86982250213623
5.8111348152160645
8.9655122756958
20.633588790893555
23.86276626586914
16.960464477539062
5.896716594696045
19.364551544189453
18.160940170288086
27.378007888793945
19.18199348449707
18.55230712890625
11.596263885498047
7.738953590393066
13.033982276916504
21.851789474487305
17.13401985168457
9.403692245483398
8.193472862243652
12.302947044372559
28.21341323852539
14.154570579528809
12.714507102966309
10.046972274780273
10.687033653259277
11.567554473876953
6.487197399139404
6.729496479034424
13.84988784790039
12.095344543457031
34.554908752441406
15.041704177856445
12.196715354919434
9.55115032196045
35.68130111694336
44.56793975830078
5.067625999450684
4.638144493103027
4.308724403381348
4.966586112976074
7.552384853363037
6.4863080978393555
5.634861946105957
4.769074440002441
34.878700256347656
7.023848056793213
6.058825969696045
5.239631175994873
26.538644790649414
4.9737019538879395
4.7323713302612305
4.9186272621154785
6.88842248916626
4.613907337188721
9.01441478729248
11.865646362304688
22.489044189453125
9.703043937683105
6.975681781768799
5.209265232086182
54.17252731323242
56.40640640258789
36.88567352294922
11.95969009399414
11.400028228759766
22.749998092651367
28.880298614501953
27.227277755737305
17.84348487854004
24.84784507751465
13.957958221435547
9.274975776672363
6.194381237030029
12.352212905883789
63.54615020751953
107.1324691772461
33.43281173706055
63.064056396484375
12.500407218933105
6.934492111206055
12.10667610168457
18.37629508972168
11.365957260131836
9.17414665222168
6.167174339294434
7.497809886932373
11.617767333984375
9.372482299804688
5.392929553985596
5.899863243103027
5.237786293029785
4.388053894042969
30.217573165893555
7.464621543884277
4.66347074508667
5.537010669708252
5.832772731781006
5.08026647567749
6.063327312469482
5.2509565353393555
7.906834125518799
5.260265827178955
6.583089828491211
28.496946334838867
4.887638092041016
4.8132405281066895
4.529528617858887
10.049599647521973
5.028088569641113
34.72208023071289
16.250728607177734
13.036078453063965
17.52234649658203
10.85969066619873
6.787410259246826
24.48971176147461
8.814922332763672
12.162729263305664
9.802315711975098
23.89472007751465
5.931132793426514
8.429842948913574
10.310908317565918
29.37309455871582
9.808087348937988
26.347030639648438
8.926846504211426
5.553269863128662
4.794524669647217
5.699427604675293
15.899694442749023
16.94007110595703
5.922978401184082
5.16642427444458
5.1233344078063965
20.990577697753906
6.081744194030762
5.525519847869873
4.153636932373047
6.34148645401001
14.218042373657227
34.918975830078125
27.823898315429688
6.2272820472717285
17.504016876220703
8.394118309020996
9.525208473205566
8.706860542297363
6.001046180725098
5.628771781921387
18.647621154785156
30.503379821777344
5.169225215911865
23.824016571044922
19.794639587402344
19.473125457763672
18.887104034423828
12.691474914550781
7.52803373336792
7.680480003356934
8.337944030761719
18.947233200073242
30.11205291748047
17.00693130493164
9.127041816711426
5.66002082824707
6.543533802032471
8.152741432189941
5.6202497482299805
26.320276260375977
58.84679412841797
19.5174560546875
8.29638957977295
9.907097816467285
9.035579681396484
5.716655254364014
5.365457057952881
10.56350326538086
44.504539489746094
5.710477352142334
5.98410701751709
29.122203826904297
13.025941848754883
17.393020629882812
21.814434051513672
17.430904388427734
13.47107982635498
8.484745979309082
25.20693016052246
34.189945220947266
5.604006290435791
5.703044414520264
14.914024353027344
8.182258605957031
6.487359046936035
16.499441146850586
17.929359436035156
17.874221801757812
15.169737815856934
11.73580265045166
8.018396377563477
4.934466361999512
7.345296859741211
30.074935913085938
5.503303527832031
7.102378845214844
12.716888427734375
13.359238624572754
13.446420669555664
8.561707496643066
17.31148910522461
6.414310455322266
14.750736236572266
8.074535369873047
10.075489044189453
7.940372467041016
5.0226593017578125
15.90494441986084
9.065035820007324
8.545954704284668
24.51810073852539
6.9995574951171875
8.04553508758545
7.191164016723633
9.248748779296875
5.386749744415283
5.341948509216309
4.860121726989746
6.93209981918335
8.129654884338379
28.52166175842285
26.40947723388672
9.542661666870117
13.403895378112793
8.90456771850586
17.224903106689453
4.991678237915039
4.790465354919434
5.0097527503967285
8.622204780578613
6.192758560180664
5.302940845489502
5.905731678009033
7.962303638458252
27.251203536987305
12.341936111450195
12.37906551361084
15.585776329040527
9.9130277633667
6.858582496643066
6.137569904327393
9.249212265014648
9.535690307617188
7.205880641937256
7.003997802734375
24.209571838378906
9.092697143554688
12.732129096984863
10.542783737182617
11.883140563964844
10.168779373168945
7.489529609680176
4.587026119232178
6.441598415374756
6.627059459686279
34.096290588378906
6.159525394439697
6.656368732452393
6.940767765045166
8.572674751281738
17.41852378845215
4.52432918548584
4.981950283050537
6.205750465393066
7.3692121505737305
7.155211925506592
29.993789672851562
27.594390869140625
7.578643321990967
22.8658504486084
13.857848167419434
10.684713363647461
9.255913734436035
5.722201347351074
6.521894454956055
4.813065052032471
12.093606948852539
6.436285495758057
5.344311714172363
5.347456932067871
23.250185012817383
12.18218994140625
13.82892894744873
8.526190757751465
9.673527717590332
8.137325286865234
4.283102512359619
6.928798198699951
6.786387920379639
13.857232093811035
7.8366379737854
5.847524166107178
5.23832368850708
5.073777675628662
15.258511543273926
7.562777996063232
7.8399481773376465
5.5809783935546875
5.31878662109375
6.870316505432129
8.787714004516602
13.269679069519043
7.065636157989502
4.876010417938232
5.400636672973633
8.34947395324707
6.00335168838501
5.342134475708008
38.03226852416992
6.2729644775390625
4.549020767211914
16.125125885009766
24.0595703125
9.286230087280273
13.381073951721191
9.614180564880371
12.572404861450195
6.779128551483154
5.593682765960693
30.812341690063477
5.5797624588012695
5.155709743499756
6.388207912445068
6.461437702178955
4.304604530334473
24.276830673217773
22.652606964111328
11.014761924743652
13.053732872009277
18.567760467529297
13.28914737701416
12.094392776489258
6.897748947143555
35.331787109375
4.86676549911499
5.249635219573975
5.2692036628723145
24.00272560119629
25.84839630126953
8.8073148727417
11.55639934539795
20.634092330932617
15.83674144744873
9.416483879089355
14.262613296508789
11.4217529296875
7.298206806182861
5.005646705627441
5.40959358215332
5.322518825531006
4.276239395141602
11.874715805053711
4.829010009765625
5.284777641296387
5.173412322998047
4.430649280548096
21.59789276123047
24.989770889282227
4.59727668762207
4.284745216369629
4.9377593994140625
26.82261848449707
4.863776206970215
6.469751358032227
16.75322723388672
5.276587963104248
4.918854236602783
4.367056846618652
4.216193199157715
4.742424488067627
6.278472423553467
30.1600399017334
21.590669631958008
22.65770149230957
10.351728439331055
12.670681953430176
13.577091217041016
13.03872299194336
7.664977073669434
6.192183971405029
5.326535224914551
5.173247814178467
8.32254409790039
23.485292434692383
5.093249797821045
7.831148624420166
6.2161054611206055
6.5463786125183105
25.452272415161133
13.972843170166016
11.18727970123291
9.547445297241211
6.112332344055176
15.195229530334473
4.608365058898926
4.991111755371094
4.6252665519714355
6.6551971435546875
5.333106994628906
5.777109622955322
5.466748237609863
6.1979475021362305
5.544111728668213
13.37292194366455
6.344460964202881
4.5955705642700195
4.312770366668701
4.27630090713501
4.876861095428467
4.4802093505859375
6.591921329498291
4.500037670135498
17.45677947998047
28.582164764404297
7.033238887786865
7.192693710327148
8.537500381469727
7.7848920822143555
5.056122779846191
4.103971004486084
11.704858779907227
8.644142150878906
49.6292724609375
12.676631927490234
24.721494674682617
4.661652565002441
4.595592021942139
4.819442272186279
5.170721530914307
7.3459930419921875
5.927124977111816
5.32255220413208
20.708223342895508
4.880827903747559
4.2170257568359375
16.573963165283203
5.184170246124268
12.133155822753906
5.04476261138916
33.52989959716797
31.64542007446289
8.386313438415527
8.951228141784668
20.421405792236328
8.892717361450195
18.721099853515625
15.840670585632324
15.413554191589355
23.049665451049805
33.387603759765625
20.09880256652832
14.783988952636719
13.7881441116333
11.366776466369629
8.374326705932617
5.273366928100586
38.566471099853516
4.790578365325928
5.810251235961914
5.639113426208496
6.3147969245910645
4.521971225738525
5.350962162017822
5.524462699890137
4.354567527770996
34.96676254272461
4.324926376342773
5.9964752197265625
61.98528289794922
27.38385581970215
6.965136528015137
7.39381742477417
8.384368896484375
7.801355361938477
26.72332000732422
5.0853962898254395
5.61806058883667
5.883469581604004
5.46950101852417
5.033638000488281
35.21038818359375
5.007162094116211
4.969855308532715
16.537294387817383
10.636483192443848
6.1152424812316895
6.194429874420166
4.352024078369141
10.05739688873291
5.030917167663574
36.12575912475586
4.4044294357299805
5.0949225425720215
6.224928855895996
9.61259937286377
18.156721115112305
10.425690650939941
10.6011323928833
7.8864240646362305
7.815833568572998
26.945735931396484
4.933773040771484
9.988520622253418
6.4133076667785645
4.51370096206665
38.600032806396484
4.786267280578613
4.652911186218262
4.404109477996826
13.097291946411133
21.81685447692871
12.70553207397461
5.036936283111572
5.745434761047363
4.707780361175537
5.606983184814453
6.425774574279785
5.553216934204102
5.046189308166504
4.380006790161133
29.12713050842285
17.605770111083984
9.758062362670898
9.940131187438965
15.618281364440918
13.798879623413086
8.613296508789062
10.528118133544922
6.513275623321533
19.418344497680664
5.548998832702637
5.500526428222656
49.919281005859375
4.471917152404785
17.133373260498047
6.498798847198486
6.613986968994141
14.773438453674316
8.283060073852539
10.361894607543945
7.277713775634766
4.514815807342529
5.025805950164795
4.401989936828613
4.382028102874756
24.90874671936035
4.331089019775391
5.138737678527832
20.93004608154297
4.535049915313721
4.850757598876953
14.912825584411621
5.087061405181885
9.928215026855469
5.3085551261901855
4.5685930252075195
12.820515632629395
5.117907524108887
4.942984580993652
5.838687419891357
4.274314880371094
4.738440036773682
5.048645496368408
16.492368698120117
24.236352920532227
4.932703495025635
27.7567081451416
32.30607986450195
6.305598735809326
6.454277515411377
5.164180755615234
5.517055511474609
5.793315410614014
4.542893886566162
4.5199761390686035
3.886390447616577
5.785719394683838
13.014172554016113
19.103946685791016
6.742616176605225
7.869022846221924
13.48046875
7.017674922943115
4.649932384490967
5.207703113555908
7.3476691246032715
18.2308292388916
8.237709045410156
6.643801212310791
5.938253402709961
6.339897155761719
4.705824851989746
5.2360005378723145
4.749615669250488
6.087026596069336
4.575797080993652
4.904329299926758
26.316993713378906
29.996906280517578
22.690683364868164
5.21251916885376
5.137081146240234
4.203768253326416
5.053927898406982
4.570619106292725
4.927403450012207
4.821613311767578
28.656757354736328
4.8355817794799805
14.822674751281738
5.124514579772949
5.787210464477539
17.083702087402344
4.724196434020996
6.075325012207031
4.558080673217773
20.493030548095703
5.808654308319092
23.300058364868164
6.2066779136657715
20.138395309448242
8.716059684753418
8.898425102233887
9.215555191040039
5.949811935424805
30.638498306274414
5.362992286682129
4.934073448181152
4.4523468017578125
9.623250961303711
17.207359313964844
6.693093776702881
7.46411657333374
7.01185417175293
7.060380935668945
28.207979202270508
6.069465160369873
4.729957103729248
4.206970691680908
33.640621185302734
4.046595096588135
4.902567386627197
4.431985855102539
11.078817367553711
8.65711498260498
9.35482406616211
10.088411331176758
11.566630363464355
8.416878700256348
6.685120105743408
4.6844706535339355
4.050383567810059
5.17524528503418
21.65532684326172
8.318032264709473
9.319046974182129
11.97641372680664
4.185710906982422
4.441220760345459
5.182994842529297
33.28485107421875
15.857427597045898
28.44462776184082
13.872397422790527
17.45598793029785
20.298120498657227
19.999860763549805
19.442813873291016
18.3861026763916
15.470382690429688
10.820517539978027
5.929797649383545
16.67267417907715
5.012780666351318
6.488292217254639
37.04015350341797
8.456949234008789
5.356705665588379
35.4332389831543
4.695582866668701
5.81048059463501
5.4813151359558105
17.256834030151367
6.764997482299805
6.333130359649658
24.570444107055664
7.395970344543457
6.913000583648682
5.301974773406982
5.1980814933776855
29.909133911132812
30.20265769958496
7.350379943847656
35.891151428222656
38.7403678894043
4.290867328643799
4.068836688995361
4.480902671813965
5.460377216339111
4.003712177276611
34.0220947265625
30.340560913085938
12.254270553588867
6.945704460144043
5.76373291015625
41.09991455078125
7.1060380935668945
5.278524875640869
4.721551895141602
5.128563404083252
11.383871078491211
5.517632961273193
7.005802631378174
15.461638450622559
4.98667049407959
5.117023468017578
4.376526355743408
5.809944152832031
12.968619346618652
29.60655403137207
31.668581008911133
8.381479263305664
10.563565254211426
21.593223571777344
13.373594284057617
14.893440246582031
25.93512725830078
7.874176025390625
6.53624153137207
16.307876586914062
6.633739948272705
4.947592735290527
40.02451705932617
5.281206130981445
6.087674617767334
8.015715599060059
5.162295818328857
5.266571521759033
5.504444599151611
5.4934983253479
21.522480010986328
17.134830474853516
6.680703163146973
5.981815814971924
8.10297679901123
5.967558860778809
4.2804436683654785
4.1689019203186035
13.205619812011719
11.220734596252441
18.31209945678711
43.113494873046875
4.302245140075684
5.815075397491455
18.172712326049805
5.920429229736328
18.07866096496582
20.72530174255371
14.043641090393066
20.208614349365234
15.847436904907227
15.366338729858398
13.895393371582031
14.167516708374023
12.254921913146973
8.795036315917969
29.946603775024414
5.232935428619385
37.62904739379883
5.204307556152344
4.617918968200684
8.722183227539062
4.469698905944824
16.991899490356445
6.645527362823486
8.125198364257812
8.03551959991455
8.547072410583496
7.6848602294921875
5.27410364151001
5.37054443359375
5.490930557250977
15.814929962158203
4.985834121704102
6.185011863708496
4.704205513000488
8.112260818481445
4.301950931549072
5.658142566680908
5.0070343017578125
29.582677841186523
25.15774154663086
6.681576251983643
6.992421627044678
6.577822208404541
6.5152587890625
4.461399078369141
14.477537155151367
8.72662353515625
5.495246410369873
4.531744003295898
4.572923183441162
4.056233882904053
16.743980407714844
42.078609466552734
39.39890670776367
4.328156471252441
4.3457489013671875
28.591812133789062
15.862554550170898
7.7822465896606445
8.350144386291504
7.751025199890137
7.4930572509765625
6.3649139404296875
5.266688823699951
4.287547588348389
4.5084075927734375
4.562636375427246
5.377867221832275
10.739013671875
5.10415506362915
4.464695930480957
18.651865005493164
5.255461692810059
5.002526760101318
6.0575852394104
5.134079456329346
5.711623668670654
5.185295581817627
8.87624454498291
4.139588832855225
5.173218727111816
43.07667922973633
6.066478252410889
4.195516586303711
6.156792163848877
11.232600212097168
5.715209484100342
13.853068351745605
21.753725051879883
12.384134292602539
11.371284484863281
12.400111198425293
8.07064437866211
12.029892921447754
8.323513984680176
5.975318431854248
10.199294090270996
5.046627521514893
5.239665508270264
4.464848041534424
5.819756031036377
5.536658763885498
5.0729570388793945
16.118741989135742
4.094188213348389
4.097191333770752
5.505561828613281
4.541785717010498
26.31403923034668
4.155954837799072
4.280826091766357
4.967639446258545
28.25620460510254
4.8587565422058105
26.340150833129883
6.971206188201904
15.436321258544922
7.287453651428223
9.868498802185059
8.81065845489502
8.28817367553711
5.2296013832092285
11.042552947998047
25.022502899169922
4.475955963134766
9.071200370788574
10.5165376663208
27.853635787963867
4.771721839904785
5.504885196685791
15.623796463012695
6.248255729675293
4.7345967292785645
4.535630226135254
4.67648458480835
4.8882598876953125
26.43380355834961
4.503789901733398
4.916205883026123
33.80432891845703
4.1693115234375
4.408318519592285
4.736069679260254
4.64270544052124
3.887941360473633
4.0980916023254395
3.9619860649108887
30.181488037109375
4.146031379699707
4.4164228439331055
5.096049785614014
4.080039024353027
4.893592834472656
7.832004070281982
4.674447059631348
4.250584125518799
5.147271633148193
4.152250289916992
4.352251052856445
5.195066452026367
17.567319869995117
4.512362003326416
5.276855945587158
5.305391788482666
6.2201032638549805
4.486678600311279
4.4935407638549805
46.23759460449219
4.306300640106201
5.117241859436035
4.2068634033203125
57.698020935058594
4.126744270324707
4.815246105194092
7.2707014083862305
5.791807174682617
25.709033966064453
5.145596981048584
14.097307205200195
12.936797142028809
4.846456050872803
6.693157196044922
5.853295803070068
5.055331707000732
4.771728515625
4.658388137817383
4.528549671173096
12.38295841217041
5.900787353515625
5.615267753601074
27.527666091918945
5.03248405456543
5.234926223754883
5.528125762939453
6.071774959564209
7.346138000488281
4.680360317230225
13.253715515136719
4.9298295974731445
16.818872451782227
4.2932329177856445
4.736992359161377
4.617966651916504
5.192520618438721
38.08762741088867
9.331615447998047
6.438726425170898
17.642457962036133
4.943371772766113
8.088873863220215
7.2237725257873535
8.73499584197998
6.297542095184326
5.72310209274292
4.952066898345947
5.295668601989746
5.895908355712891
36.97196960449219
5.160548210144043
6.011073589324951
4.234122276306152
4.551272869110107
4.137840747833252
11.174317359924316
5.576559066772461
5.582520484924316
5.820763111114502
5.727457046508789
4.4785871505737305
12.607803344726562
13.04006290435791
4.447876930236816
4.823986053466797
8.02713394165039
4.429239749908447
7.3372483253479
4.4819536209106445
31.263999938964844
4.807203769683838
4.1449995040893555
4.12880802154541
8.100584030151367
4.004443168640137
4.995946407318115
4.0711445808410645
4.439302444458008
6.382669925689697
18.615488052368164
13.024385452270508
4.851384162902832
5.5834527015686035
5.019102096557617
6.132136344909668
5.746485710144043
4.759205341339111
4.216947078704834
4.5676798820495605
37.9501953125
4.432185649871826
33.16031265258789
4.4054155349731445
4.514928817749023
5.559789180755615
4.660205364227295
47.66739273071289
22.734935760498047
13.109440803527832
5.674627304077148
8.29349422454834
22.05410385131836
7.921435356140137
7.268085479736328
6.37580680847168
23.835603713989258
4.787134170532227
4.926355361938477
4.342945575714111
3.8671045303344727
36.36397171020508
4.673090934753418
7.714298725128174
38.78799819946289
34.16608810424805
5.301459312438965
8.722311019897461
4.2377848625183105
29.09609031677246
23.160415649414062
6.750485420227051
5.478085517883301
6.317948341369629
6.521403789520264
12.008017539978027
6.373444557189941
4.739694595336914
4.645029544830322
3.8478951454162598
4.021247863769531
5.658616542816162
5.518215179443359
9.041974067687988
7.036706924438477
34.89562225341797
34.34712600708008
4.086234092712402
32.006797790527344
4.098518371582031
4.768392086029053
4.826786518096924
5.936139106750488
5.961742877960205
5.558537006378174
6.735311031341553
4.396745204925537
4.809114456176758
24.45195198059082
14.488656997680664
5.633170127868652
17.17049217224121
4.1921234130859375
23.076725006103516
6.917745590209961
4.6332573890686035
6.394685745239258
4.772124290466309
5.065847873687744
4.362227439880371
26.765066146850586
4.097944259643555
5.649316310882568
69.88092041015625
17.34528160095215
4.049358367919922
26.836101531982422
30.497262954711914
12.79317569732666
5.601809024810791
8.06197738647461
7.295042514801025
8.808525085449219
7.915278434753418
6.65366792678833
5.154922008514404
22.842798233032227
4.279223918914795
8.529383659362793
6.9487409591674805
4.417579174041748
3.9844658374786377
4.911702632904053
5.3054304122924805
4.143761157989502
4.476464748382568
4.477934837341309
4.777096271514893
17.5134220123291
30.776968002319336
4.654313087463379
7.703172206878662
3.9678027629852295
5.264468193054199
5.012876510620117
19.092954635620117
34.07759475708008
4.105850696563721
4.637048721313477
4.967972278594971
5.837834358215332
4.308548927307129
4.719211101531982
6.103423118591309
4.399435043334961
11.307405471801758
4.318054676055908
4.1681060791015625
5.255160808563232
5.865249156951904
4.768608093261719
6.872928619384766
5.742366313934326
5.246160507202148
4.027935981750488
4.255439758300781
3.9651482105255127
4.063070297241211
37.795066833496094
4.505285739898682
5.449788570404053
4.343129634857178
17.702598571777344
10.968910217285156
7.307596683502197
24.368896484375
9.976221084594727
23.5936336517334
9.943086624145508
11.495781898498535
10.599417686462402
8.809137344360352
8.851539611816406
6.299889087677002
27.60196876525879
5.27898645401001
4.887346267700195
64.48309326171875
28.212854385375977
5.882452487945557
4.403213977813721
5.041459083557129
33.01573181152344
23.44099998474121
24.04056167602539
4.50828742980957
5.3304123878479
6.7775187492370605
4.710011005401611
4.9960713386535645
5.903372287750244
4.467606067657471
10.925643920898438
4.206635475158691
4.1878228187561035
28.10157585144043
4.365984916687012
33.457115173339844
23.852222442626953
5.343410968780518
5.72500467300415
5.287134647369385
4.823250770568848
4.579153060913086
4.427635669708252
4.7451043128967285
3.756422519683838
4.6744184494018555
4.569374084472656
31.615018844604492
5.86378288269043
4.34857702255249
4.280276775360107
3.81784987449646
4.7158732414245605
4.5144124031066895
4.7335524559021
23.229873657226562
4.742028713226318
15.716764450073242
4.636193752288818
6.96768045425415
34.263526916503906
4.201056957244873
4.318602085113525
3.9844980239868164
4.421507358551025
4.523817539215088
22.052396774291992
4.792330741882324
4.554975509643555
3.9071996212005615
4.2571539878845215
4.436387062072754
4.712867736816406
4.471632957458496
4.617622375488281
4.211854457855225
3.9648890495300293
3.973694324493408
4.767605781555176
6.291030406951904
5.651541233062744
33.41140365600586
4.4864397048950195
4.43850564956665
4.335026264190674
11.007716178894043
32.270896911621094
4.902021408081055
4.769506931304932
4.4652581214904785
4.101186275482178
10.44076919555664
4.034799575805664
4.255954265594482
6.245777606964111
4.053940296173096
4.2371931076049805
4.268829345703125
4.29005241394043
29.140609741210938
5.95805549621582
4.7694621086120605
5.126588344573975
17.5623779296875
25.44896697998047
4.411658763885498
4.631697654724121
4.686422348022461
4.131406307220459
4.723486423492432
21.355125427246094
4.3854875564575195
19.723299026489258
4.031665325164795
27.41398811340332
10.257085800170898
4.513892650604248
4.732170581817627
4.081780433654785
4.193173408508301
3.8555874824523926
4.16603422164917
36.36562728881836
4.886802673339844
31.229080200195312
4.080711364746094
33.18852996826172
4.98853874206543
5.314833641052246
4.16303825378418
5.223287105560303
5.393619537353516
6.358520030975342
18.376708984375
4.288895606994629
4.097152233123779
4.148361682891846
24.286298751831055
4.0930914878845215
3.875828742980957
4.99241828918457
4.229703903198242
25.07345199584961
3.8970694541931152
7.2393412590026855
9.29564380645752
4.312498569488525
6.031854629516602
5.045826435089111
4.678810119628906
5.7581257820129395
4.387074947357178
26.648591995239258
4.313251495361328
3.948132276535034
4.6714277267456055
18.548046112060547
27.18980598449707
4.13372278213501
4.307229518890381
4.095614433288574
6.124088764190674
4.11958122253418
4.143731594085693
4.505651950836182
3.8778164386749268
4.474180698394775
12.967589378356934
4.70672607421875
29.998268127441406
4.143782138824463
30.336923599243164
5.5216383934021
4.521107196807861
4.414676189422607
4.814470291137695
5.135594844818115
4.66776180267334
4.365168571472168
4.153335094451904
17.10866355895996
5.553442001342773
37.937950134277344
4.135670185089111
4.7652058601379395
4.8286943435668945
5.300145626068115
4.335909843444824
5.2323479652404785
18.88607406616211
3.8698244094848633
23.651609420776367
4.5365705490112305
12.780976295471191
12.881209373474121
3.958388566970825
5.186298847198486
4.426516532897949
6.968712329864502
10.17628288269043
13.221369743347168
4.805745601654053
4.771120071411133
5.498093605041504
4.519491195678711
5.376858234405518
6.830225467681885
13.392141342163086
7.142219066619873
4.44393253326416
4.7217230796813965
4.413791656494141
4.081875801086426
4.096551418304443
32.60948181152344
47.021392822265625
4.331249713897705
7.441442966461182
40.589630126953125
3.886988878250122
14.33724308013916
6.643937110900879
24.95805549621582
28.63396453857422
6.780578136444092
11.132238388061523
9.574946403503418
8.496233940124512
16.31209373474121
7.511229515075684
11.082889556884766
8.135151863098145
7.938539028167725
6.8944010734558105
7.4209675788879395
5.054098129272461
4.478513240814209
26.270803451538086
16.81840705871582
4.473730087280273
4.426535129547119
33.26648712158203
4.512742519378662
4.274094581604004
4.918973922729492
4.208027362823486
4.345522880554199
3.904226541519165
4.169530868530273
4.0801920890808105
4.349022388458252
30.576980590820312
4.016270637512207
4.053287029266357
5.2223429679870605
19.48625373840332
27.957088470458984
4.6566596031188965
31.501981735229492
4.30226993560791
15.065852165222168
4.6320085525512695
6.453339576721191
5.242829322814941
6.14892578125
4.247071266174316
4.6693830490112305
4.839955806732178
4.6252055168151855
4.234472274780273
5.718259811401367
5.214414596557617
4.419954299926758
4.53452730178833
21.500181198120117
64.43714904785156
4.23439884185791
3.822356700897217
18.82801628112793
4.8999152183532715
26.09073829650879
6.195023059844971
6.19997501373291
5.01071834564209
23.424089431762695
7.280731201171875
23.418031692504883
7.695766448974609
6.812548637390137
30.456756591796875
6.0007171630859375
6.044423580169678
6.433559417724609
14.72152042388916
5.2822113037109375
4.904116153717041
4.2302703857421875
4.344509601593018
19.296436309814453
3.96329927444458
4.241332054138184
4.052806854248047
10.581985473632812
4.553688049316406
5.162052631378174
4.4933013916015625
5.504245758056641
6.658655643463135
4.391584396362305
4.162700653076172
4.130159378051758
29.608509063720703
31.7719669342041
49.133243560791016
5.468982696533203
26.355627059936523
4.372863292694092
6.044098377227783
5.414072513580322
4.899393558502197
23.984975814819336
5.4512176513671875
4.8871917724609375
13.557869911193848
13.223325729370117
29.690195083618164
5.11465311050415
4.401737213134766
27.466833114624023
4.530904769897461
41.074954986572266
5.493989944458008
5.6237664222717285
5.246984004974365
24.792396545410156
12.628484725952148
3.8829987049102783
5.040226936340332
10.461579322814941
5.093451499938965
4.236673831939697
16.778528213500977
20.54258918762207
5.462046146392822
6.94843864440918
4.7007341384887695
4.643136024475098
4.485023021697998
4.630906105041504
4.27727746963501
4.272416591644287
6.006875514984131
5.224740982055664
4.154837131500244
13.81943130493164
3.8050544261932373
6.8040242195129395
4.337987422943115
4.552028656005859
20.06391143798828
33.25699996948242
4.5466084480285645
5.067643165588379
4.31186580657959
4.078287124633789
4.212791919708252
3.920189619064331
18.295299530029297
9.321443557739258
5.206811428070068
4.8140034675598145
26.95488739013672
4.000543594360352
3.8198018074035645
8.074028968811035
10.997332572937012
4.462693691253662
4.841135025024414
4.715456485748291
4.699221611022949
4.350511074066162
4.259289741516113
4.270749568939209
4.1722893714904785
3.9486749172210693
7.348231792449951
4.304690837860107
8.312836647033691
33.557987213134766
8.908135414123535
9.628259658813477
4.5809645652771
4.283517360687256
7.294376373291016
5.3701677322387695
4.3524956703186035
5.888192653656006
4.668360710144043
28.906328201293945
4.224262714385986
4.233848571777344
25.982938766479492
4.075314044952393
24.393543243408203
25.821327209472656
4.364933013916016
4.821793556213379
3.84763765335083
3.871021032333374
10.93796157836914
4.365194797515869
4.832287311553955
4.686288356781006
11.468331336975098
6.775950908660889
4.248783111572266
8.309081077575684
8.0228271484375
4.01516580581665
4.5264787673950195
4.528709888458252
4.307595252990723
4.308527946472168
4.183502674102783
4.140270709991455
33.41390609741211
32.139644622802734
3.95582914352417
26.66102409362793
4.499913692474365
6.404076099395752
4.0803399085998535
4.756158828735352
4.661708831787109
3.99459171295166
4.401661396026611
17.494182586669922
5.6383280754089355
4.384893894195557
4.3646240234375
4.007843017578125
53.812442779541016
11.941835403442383
4.265259742736816
4.510912895202637
3.8226232528686523
4.354150295257568
25.2419376373291
3.932753801345825
17.95891571044922
21.848407745361328
5.115283966064453
5.108336925506592
6.759365081787109
5.300482749938965
4.175330638885498
4.833463191986084
4.932848930358887
5.37283182144165
4.464758396148682
5.117510795593262
4.136650085449219
4.138452053070068
4.482537746429443
4.268566608428955
4.289851665496826
4.050372123718262
4.888680934906006
4.549391269683838
5.019899368286133
4.396993637084961
16.32331657409668
25.82444190979004
5.156916618347168
4.69325590133667
29.731891632080078
6.688777446746826
15.65153694152832
6.62683629989624
9.577594757080078
5.235586643218994
18.962995529174805
4.4880475997924805
9.905980110168457
5.540847301483154
4.859661102294922
5.73063325881958
7.992651462554932
4.521707534790039
4.159587383270264
4.749927997589111
80.47169494628906
4.139811038970947
4.239224433898926
12.083526611328125
4.396280288696289
4.350129127502441
4.282699108123779
5.474047660827637
4.0298662185668945
21.554933547973633
8.071084976196289
4.881490230560303
25.15550422668457
4.131507396697998
4.7516045570373535
4.345119476318359
4.74288272857666
4.18570613861084
32.55228042602539
4.696559906005859
3.9153707027435303
4.055624008178711
4.827336311340332
3.9041919708251953
46.777122497558594
71.8060302734375
4.194394588470459
13.465213775634766
18.021486282348633
4.614988803863525
3.8666436672210693
4.307916641235352
4.060317516326904
4.078207492828369
4.735158443450928
3.986506223678589
11.77676010131836
42.63718032836914
4.77289342880249
4.34065055847168
6.595632553100586
12.766357421875
4.011830806732178
4.134002208709717
3.936513662338257
4.503905773162842
4.547935485839844
18.881038665771484
3.8752031326293945
34.92988204956055
6.613499641418457
4.190779209136963
4.1800127029418945
8.291057586669922
5.716686725616455
3.95943284034729
4.017524242401123
4.433653354644775
4.347043514251709
4.455847263336182
5.203298568725586
23.61353302001953
4.0858635902404785
16.133621215820312
4.1385273933410645
4.533267498016357
5.316929340362549
3.9546189308166504
18.027698516845703
4.071075916290283
4.066041469573975
4.5875349044799805
4.08923864364624
4.043964385986328
9.072551727294922
4.103562831878662
4.322020530700684
26.34562110900879
4.74002742767334
3.922048568725586
61.28217315673828
3.917670488357544
5.062551498413086
18.181079864501953
5.65206241607666
4.503185272216797
5.258470058441162
5.328954696655273
5.860527992248535
27.03424644470215
4.689183712005615
5.639877796173096
8.60592269897461
5.569581985473633
9.923604011535645
12.447519302368164
4.457929611206055
4.555769920349121
31.639257431030273
24.565567016601562
4.48999547958374
10.323033332824707
4.454819679260254
5.140771865844727
4.906165599822998
10.169793128967285
4.315506458282471
4.861806869506836
4.698198318481445
4.370458126068115
5.2353196144104
5.1434526443481445
4.534207820892334
3.8309507369995117
4.790565490722656
16.046842575073242
5.113134860992432
4.2847208976745605
4.045007705688477
4.3125481605529785
10.188130378723145
3.9547369480133057
16.115070343017578
7.022836208343506
4.111942291259766
3.901122808456421
4.020630836486816
4.682775020599365
4.264989852905273
5.004693031311035
4.044332504272461
8.304134368896484
4.592638969421387
4.282322406768799
4.843413352966309
3.9269356727600098
4.573270320892334
4.367121696472168
19.395565032958984
6.197710037231445
4.130852699279785
4.297338962554932
43.73015213012695
5.897236347198486
4.773500442504883
4.314857006072998
28.057287216186523
4.203135967254639
4.452293395996094
24.578418731689453
4.78351354598999
4.373978137969971
38.43681716918945
5.450078964233398
12.351085662841797
12.028738021850586
4.397032737731934
4.531351089477539
4.807664394378662
8.032906532287598
29.2154483795166
4.44186544418335
4.217251777648926
4.680063724517822
4.277848720550537
4.302877902984619
4.424810886383057
3.99455189704895
13.758076667785645
4.370710372924805
5.602320194244385
4.101579666137695
4.555870532989502
4.067365646362305
3.974391460418701
4.622043609619141
35.15021896362305
28.791290283203125
4.323159217834473
4.299429893493652
4.0348100662231445
5.22168493270874
4.428587436676025
13.935279846191406
33.05555725097656
4.6554179191589355
21.732521057128906
25.191160202026367
4.785964488983154
4.814709186553955
6.097193241119385
4.93397331237793
4.339713096618652
4.587499618530273
5.930508136749268
4.436314582824707
5.865373611450195
5.794344902038574
16.449304580688477
4.3153767585754395
14.760564804077148
4.306422233581543
4.451972007751465
5.874319553375244
27.948366165161133
4.847344875335693
4.145594120025635
5.284700870513916
26.132770538330078
4.800243377685547
4.584586143493652
4.419838905334473
5.032503128051758
3.9813456535339355
3.997908353805542
4.159033298492432
25.639663696289062
4.616245746612549
4.848099708557129
4.215460777282715
32.6829948425293
28.077152252197266
3.7465789318084717
4.190093517303467
11.935538291931152
23.446245193481445
29.328134536743164
4.578468322753906
4.468494415283203
15.098579406738281
13.495877265930176
4.290079116821289
17.62922477722168
32.67449188232422
4.261392593383789
4.777007102966309
5.439830303192139
5.7085347175598145
12.098782539367676
4.520493984222412
18.129932403564453
4.675128936767578
4.82496976852417
4.357901573181152
4.217953681945801
35.9522590637207
29.1356143951416
13.102286338806152
18.69466781616211
37.483154296875
28.068613052368164
17.004737854003906
4.968305587768555
4.203322887420654
4.274574279785156
4.781858444213867
5.9622416496276855
25.02163314819336
5.298719882965088
5.869002819061279
12.683356285095215
25.810544967651367
4.427028179168701
6.361796855926514
6.157657623291016
6.890900611877441
6.132637023925781
5.984082221984863
4.803032398223877
33.05886459350586
4.925346374511719
5.110665798187256
21.554424285888672
13.176146507263184
6.727843284606934
4.357277870178223
4.4046454429626465
4.457221031188965
4.204617500305176
4.511960029602051
5.008094310760498
4.257219314575195
28.673755645751953
4.138747692108154
18.2760009765625
4.612371444702148
3.8541884422302246
4.055056571960449
21.603412628173828
18.288312911987305
7.980752944946289
5.031255722045898
4.483791351318359
4.634798526763916
19.548437118530273
26.545394897460938
4.2597336769104
30.384180068969727
5.232211589813232
30.50345802307129
7.703268527984619
8.512927055358887
14.19901180267334
5.396307945251465
5.046581745147705
24.694578170776367
4.729423999786377
20.895902633666992
6.128863334655762
4.893445014953613
6.126659870147705
5.793844223022461
4.823309421539307
4.767716884613037
24.685606002807617
4.076035022735596
5.984264373779297
4.294890880584717
4.785355567932129
4.058010578155518
4.585067272186279
4.492195129394531
4.15833854675293
4.608794689178467
8.938223838806152
4.908262729644775
28.93393325805664
31.36393165588379
4.251487731933594
5.840999603271484
31.81498146057129
4.7788405418396
4.142118453979492
3.934584140777588
5.180383682250977
4.030450344085693
4.4611735343933105
4.507207870483398
4.431276798248291
4.023942470550537
4.854054927825928
4.241324424743652
21.313570022583008
4.236233711242676
4.515426158905029
9.744089126586914
4.242387771606445
9.874052047729492
4.157185077667236
9.997354507446289
5.608224868774414
14.625615119934082
3.9640910625457764
4.362579822540283
5.546175003051758
4.70474910736084
4.6757659912109375
4.2358293533325195
19.865619659423828
4.411232948303223
8.246232986450195
4.797910213470459
4.447094440460205
5.229974269866943
5.895514011383057
4.683101654052734
4.306675434112549
5.769775390625
4.077093601226807
7.469157695770264
4.467233657836914
14.212907791137695
4.8051934242248535
12.550519943237305
5.0123677253723145
4.638261795043945
4.120045185089111
18.471271514892578
4.836267948150635
4.374077796936035
4.449947834014893
13.907390594482422
4.1205949783325195
22.989011764526367
4.749667167663574
3.8218746185302734
4.526320457458496
4.539719104766846
4.294951438903809
4.161317348480225
3.8106369972229004
4.257373332977295
4.581560134887695
4.726582050323486
4.523707389831543
4.410762786865234
11.094669342041016
4.163807392120361
4.121401309967041
4.7281904220581055
4.766800880432129
4.2082109451293945
33.5488166809082
3.9182779788970947
7.818854331970215
4.336676120758057
4.467401027679443
4.2805304527282715
23.17227554321289
3.770904302597046
3.7460274696350098
21.368486404418945
4.108850479125977
3.955630302429199
7.690362930297852
4.889861583709717
4.472164630889893
5.700541973114014
4.471126556396484
4.2342424392700195
13.354363441467285
4.7162981033325195
4.857233047485352
32.06854248046875
4.069298267364502
4.281344890594482
28.940021514892578
5.106441020965576
4.075892448425293
25.56810760498047
4.063324451446533
60.49057388305664
4.032677173614502
4.060082912445068
4.340590953826904
19.864482879638672
7.523846626281738
4.724759101867676
3.9880728721618652
4.1543779373168945
4.009212493896484
4.015934467315674
3.9921181201934814
6.303184986114502
10.535344123840332
4.133142948150635
7.093348503112793
4.104007244110107
4.18172025680542
4.353265762329102
4.594254016876221
5.180318832397461
5.197648525238037
19.091447830200195
4.019165515899658
4.396036148071289
3.8400118350982666
4.174890518188477
4.333279132843018
4.486437797546387
5.133872985839844
5.53624153137207
4.753627300262451
16.669153213500977
4.555817127227783
15.751630783081055
3.9795610904693604
15.76144790649414
33.17945861816406
11.333971977233887
4.545241355895996
5.1120734214782715
4.621837615966797
6.10734224319458
5.037769794464111
5.261349201202393
25.403230667114258
7.790897846221924
4.7874674797058105
4.429525852203369
5.3482346534729
5.110396862030029
44.79096221923828
3.8503403663635254
4.191250801086426
3.75325345993042
4.37857723236084
5.196529388427734
4.011134624481201
4.074232578277588
8.294952392578125
4.001470565795898
4.6689558029174805
4.064155101776123
15.884559631347656
4.171141147613525
3.879055976867676
4.292484760284424
3.806284189224243
