135.81863403320312
137.95555114746094
130.44894409179688
137.58277893066406
136.2498016357422
137.84278869628906
133.21041870117188
136.7485809326172
132.1313934326172
133.7383575439453
134.01695251464844
138.19097900390625
121.47158813476562
125.69723510742188
119.32418060302734
119.74868774414062
111.45071411132812
102.49456787109375
102.4013900756836
102.12322235107422
87.22818756103516
82.8956298828125
69.68399047851562
67.68229675292969
55.08100128173828
48.184566497802734
43.158260345458984
41.384979248046875
41.012088775634766
41.96958541870117
46.19486999511719
45.02486801147461
39.755043029785156
32.93815994262695
35.776615142822266
29.22913360595703
26.715391159057617
23.89321517944336
22.62104606628418
20.92331886291504
26.380428314208984
22.698549270629883
21.516023635864258
25.443758010864258
22.31369400024414
24.421836853027344
22.912866592407227
23.063491821289062
17.827905654907227
21.357038497924805
22.68191909790039
21.15956687927246
23.27896499633789
18.448610305786133
19.76804542541504
19.70977210998535
20.416109085083008
17.76067543029785
23.286285400390625
17.310901641845703
19.83853530883789
15.145069122314453
18.082847595214844
20.953983306884766
15.689558982849121
16.51923370361328
18.996179580688477
18.632007598876953
17.04526138305664
22.315685272216797
24.46381187438965
17.110342025756836
18.683090209960938
9.920336723327637
18.032855987548828
20.439239501953125
14.210844993591309
20.22719955444336
17.659069061279297
16.307464599609375
15.430107116699219
21.508106231689453
15.949246406555176
15.0083646774292
19.757701873779297
16.64576530456543
15.178302764892578
16.074459075927734
15.91996955871582
18.32257652282715
17.64592933654785
13.83104419708252
13.67557430267334
15.416637420654297
16.481693267822266
12.976802825927734
14.676886558532715
16.72877311706543
16.22607421875
14.814657211303711
15.173013687133789
11.451876640319824
19.297971725463867
14.103894233703613
16.957317352294922
15.885858535766602
13.569839477539062
14.848735809326172
14.24352741241455
12.60747241973877
17.65948486328125
18.981332778930664
13.505268096923828
16.384166717529297
14.90964126586914
18.78668785095215
15.070637702941895
14.397849082946777
19.31352424621582
20.307226181030273
