431.86932373046875
431.13238525390625
443.47979736328125
464.896240234375
459.62139892578125
465.86279296875
519.560546875
527.140380859375
543.0494384765625
560.3560791015625
584.1190185546875
628.2896118164062
667.0018920898438
723.6392211914062
765.5858154296875
849.8742065429688
824.7135620117188
1000.3685913085938
980.7556762695312
1126.3349609375
1102.1470947265625
1149.26318359375
1347.368408203125
1276.7366943359375
1156.401123046875
1239.5885009765625
1157.18017578125
1113.113037109375
1218.693115234375
1296.87548828125
1043.5804443359375
1205.89501953125
942.8797607421875
502.9761657714844
282.3283386230469
273.5748291015625
244.6527099609375
233.17295837402344
356.4117736816406
445.2614440917969
337.8152770996094
303.1622619628906
298.7781066894531
253.97276306152344
280.6541748046875
333.86541748046875
273.6472473144531
130.92526245117188
56.948516845703125
87.78880310058594
118.36569213867188
169.5216522216797
137.60797119140625
217.94671630859375
199.0320587158203
126.36444091796875
149.42588806152344
168.4933319091797
65.0126953125
55.19218444824219
46.90108871459961
149.01783752441406
144.68008422851562
81.39530944824219
102.442626953125
153.91233825683594
81.31425476074219
88.9654769897461
39.413665771484375
122.02031707763672
102.53614807128906
102.09705352783203
59.946414947509766
178.89617919921875
212.75765991210938
169.81668090820312
78.00141906738281
74.88717651367188
119.4273452758789
350.22686767578125
140.7273406982422
62.05860137939453
138.31942749023438
62.75748062133789
59.51296615600586
127.49473571777344
44.416770935058594
38.0770149230957
154.10467529296875
66.4375
46.11333465576172
63.60531997680664
155.9105682373047
53.725440979003906
35.30861282348633
55.39122772216797
40.84538650512695
249.38230895996094
251.8940887451172
189.6672821044922
42.5880241394043
91.35481262207031
36.48469924926758
68.52249145507812
217.10350036621094
68.4289321899414
43.431861877441406
124.04513549804688
41.92140579223633
81.91621398925781
19.269655227661133
19.7719669342041
92.38101196289062
45.09756851196289
28.62917137145996
14.584925651550293
96.90868377685547
207.80250549316406
102.60942840576172
46.171871185302734
