344.39874267578125
368.2486877441406
357.6686096191406
383.7906494140625
372.34344482421875
427.5662841796875
447.88824462890625
485.63409423828125
545.9976196289062
591.1556396484375
608.736328125
731.9151611328125
765.29345703125
842.389404296875
1094.612060546875
1123.0277099609375
1208.1265869140625
1360.5352783203125
1444.7042236328125
1520.0135498046875
1606.968994140625
1693.7567138671875
1735.490966796875
2101.9765625
2133.070068359375
1842.3818359375
1676.4918212890625
1060.6890869140625
658.1399536132812
350.2562561035156
279.36175537109375
381.09124755859375
283.61041259765625
333.8016357421875
549.6738891601562
491.4111022949219
476.23980712890625
431.7609558105469
366.2484130859375
296.5538635253906
256.3603820800781
183.14190673828125
89.44883728027344
306.7197570800781
123.86101531982422
190.72427368164062
243.92367553710938
277.375244140625
296.4896240234375
202.3700714111328
202.6547393798828
262.89202880859375
192.9269256591797
333.7121887207031
85.8218765258789
63.427459716796875
266.3330078125
198.65638732910156
111.84927368164062
120.75165557861328
133.6449432373047
139.6018524169922
161.49900817871094
73.0384750366211
91.94573974609375
142.093994140625
95.46102905273438
155.2808380126953
61.09684371948242
151.8213653564453
238.87112426757812
147.8111572265625
84.56319427490234
65.64729309082031
74.72775268554688
109.0860824584961
63.724761962890625
45.46298599243164
70.8585205078125
295.3268127441406
39.2148323059082
297.0404357910156
75.82987213134766
63.78498458862305
36.510135650634766
26.58929443359375
245.59764099121094
49.64817810058594
45.3964958190918
233.0108184814453
68.21111297607422
114.06610107421875
89.8226547241211
73.04307556152344
83.56503295898438
120.33880615234375
175.91464233398438
198.79441833496094
281.65802001953125
213.82437133789062
123.56587219238281
167.48297119140625
24.651851654052734
66.78760528564453
147.42706298828125
190.98281860351562
163.05857849121094
201.9024658203125
243.916015625
82.58743286132812
165.43084716796875
54.65773010253906
111.1711654663086
111.6153793334961
20.7230281829834
46.64834213256836
48.996829986572266
54.34360122680664
64.28563690185547
103.50038146972656
