136.2095489501953
131.344970703125
138.37826538085938
138.66880798339844
134.83468627929688
131.53140258789062
139.19882202148438
135.41708374023438
139.9525604248047
135.7554168701172
133.28713989257812
133.80484008789062
136.21463012695312
130.97706604003906
130.6575469970703
133.4258575439453
121.02667236328125
134.68692016601562
124.89022827148438
132.2464599609375
128.32806396484375
128.06182861328125
133.77525329589844
125.91244506835938
117.42367553710938
123.6756820678711
123.57705688476562
120.2327651977539
121.12741088867188
114.02799224853516
120.37056732177734
110.13790893554688
115.14413452148438
113.53399658203125
108.38676452636719
101.00542449951172
107.2281723022461
98.93882751464844
94.84769439697266
96.64073944091797
88.13640594482422
81.7448959350586
70.93045043945312
64.41581726074219
55.74299621582031
52.02638626098633
61.37537384033203
65.23241424560547
60.789215087890625
55.17622375488281
43.3038444519043
40.88533020019531
36.88551330566406
40.9999885559082
41.130096435546875
40.33236312866211
33.52070999145508
32.94395446777344
32.540916442871094
28.074182510375977
28.96531105041504
26.273134231567383
25.22722053527832
25.313329696655273
25.16837501525879
24.98372459411621
24.629470825195312
23.843280792236328
23.65549087524414
20.905868530273438
18.630027770996094
20.02264976501465
20.51576805114746
21.75953483581543
21.941482543945312
19.226226806640625
20.09428596496582
17.651031494140625
17.201364517211914
23.83360481262207
17.763961791992188
19.31418228149414
21.286195755004883
17.065536499023438
17.624998092651367
16.75453758239746
19.321863174438477
16.643226623535156
19.05812644958496
19.167465209960938
15.84583568572998
19.102659225463867
21.196462631225586
18.036062240600586
17.705339431762695
17.039386749267578
19.001535415649414
16.0456485748291
16.808752059936523
16.40688133239746
19.61716651916504
16.451763153076172
22.92027473449707
19.10881805419922
14.541125297546387
18.172975540161133
15.990785598754883
16.07461929321289
18.835891723632812
17.56393814086914
14.374180793762207
14.531383514404297
16.85688018798828
16.80167579650879
14.548279762268066
14.447032928466797
16.784404754638672
22.442380905151367
20.04635238647461
13.25487232208252
