136.2934112548828
140.55763244628906
137.584716796875
134.4320831298828
134.89251708984375
127.66022491455078
136.09518432617188
139.0680694580078
139.59852600097656
136.68032836914062
132.39724731445312
132.67535400390625
133.14804077148438
136.454345703125
134.75363159179688
127.44610595703125
124.18380737304688
122.72040557861328
127.76941680908203
119.91890716552734
117.41912841796875
111.92525482177734
94.67514038085938
94.75666809082031
86.69792175292969
73.95406341552734
67.58834838867188
58.888248443603516
53.28791046142578
55.766536712646484
51.31464385986328
61.21793746948242
44.79025650024414
33.69489669799805
32.957035064697266
27.395917892456055
23.371973037719727
23.287996292114258
22.06716537475586
23.418912887573242
18.17438507080078
18.490488052368164
17.80503273010254
16.172977447509766
13.426705360412598
16.538209915161133
20.644052505493164
17.792156219482422
15.430870056152344
13.39454174041748
23.3223819732666
17.76072883605957
18.993284225463867
17.362154006958008
16.979333877563477
11.271791458129883
18.82392692565918
9.804957389831543
14.090126991271973
13.471951484680176
12.863485336303711
10.196609497070312
16.960481643676758
9.520713806152344
11.508841514587402
14.094855308532715
9.9844331741333
16.27543067932129
15.604674339294434
11.670716285705566
16.727581024169922
13.749814987182617
16.56048583984375
15.72584056854248
11.444695472717285
8.857908248901367
10.52309513092041
11.250714302062988
12.443514823913574
10.138218879699707
15.76120662689209
11.96962833404541
12.55356502532959
15.349733352661133
11.774502754211426
11.29234504699707
12.98694133758545
16.390310287475586
11.067208290100098
12.093156814575195
8.569646835327148
16.253326416015625
17.48052215576172
11.761017799377441
17.087078094482422
14.348119735717773
10.970284461975098
11.279524803161621
13.909089088439941
17.333938598632812
13.850268363952637
12.51980972290039
14.257318496704102
10.409090995788574
9.094596862792969
11.337872505187988
10.552593231201172
12.154200553894043
10.04375171661377
16.399274826049805
15.314128875732422
8.31175708770752
10.906649589538574
14.52328872680664
9.51169204711914
12.472309112548828
11.317708969116211
11.605132102966309
12.413694381713867
6.056929111480713
