24.757036209106445
25.75888442993164
22.043943405151367
25.51282501220703
26.382831573486328
26.427204132080078
24.915916442871094
23.481643676757812
28.2918758392334
28.959333419799805
30.329328536987305
31.485271453857422
30.28960418701172
31.77303123474121
30.028860092163086
36.636043548583984
36.13972854614258
40.09164810180664
37.042728424072266
43.25175857543945
43.87545394897461
35.66420364379883
49.34315872192383
52.86498260498047
55.37336730957031
54.30548095703125
57.862266540527344
60.13974380493164
67.62285614013672
60.74018096923828
69.77732849121094
75.81063842773438
76.0505142211914
66.18426513671875
82.03645324707031
81.60449981689453
78.70427703857422
98.7406997680664
86.5847396850586
103.70787048339844
91.71479797363281
101.48222351074219
110.77387237548828
119.02113342285156
123.32464599609375
126.52311706542969
140.4105987548828
143.3171844482422
141.6178436279297
142.97109985351562
163.81019592285156
125.05924224853516
157.84759521484375
171.0269012451172
167.72854614257812
189.83750915527344
167.53993225097656
172.95306396484375
162.7032928466797
188.74615478515625
217.79086303710938
223.06695556640625
191.84237670898438
235.59413146972656
228.46177673339844
205.9227294921875
259.6060791015625
263.9831848144531
260.917236328125
293.25439453125
284.72491455078125
278.1747131347656
310.3199768066406
298.17926025390625
285.9947204589844
320.3021545410156
304.621826171875
320.9568176269531
343.9897766113281
329.4226379394531
353.56719970703125
348.6575012207031
358.6197204589844
357.17840576171875
340.470947265625
389.03887939453125
392.6250915527344
392.6242980957031
401.06561279296875
364.83868408203125
352.22467041015625
415.51177978515625
367.4442443847656
438.17919921875
405.6980895996094
428.3531188964844
397.33599853515625
414.32977294921875
469.02008056640625
477.1144714355469
406.3761291503906
476.4512634277344
387.2890319824219
441.6043701171875
374.6521301269531
425.5271301269531
475.54437255859375
444.854736328125
335.1321105957031
342.9140930175781
458.9879455566406
409.5221862792969
460.20477294921875
343.63031005859375
414.8509826660156
373.42364501953125
209.3121795654297
381.2788391113281
345.7435302734375
301.6124572753906
300.74041748046875
353.992431640625
330.3594665527344
294.7435302734375
77.91289520263672
226.9371337890625
190.78660583496094
227.14146423339844
139.2949981689453
120.46662902832031
75.72787475585938
89.61837005615234
91.55325317382812
101.43207550048828
44.804996490478516
233.20672607421875
65.10687255859375
109.54591369628906
64.90584564208984
185.4759979248047
90.40122985839844
201.55770874023438
185.76116943359375
45.76322937011719
157.02206420898438
109.37789916992188
32.894996643066406
37.553672790527344
29.062034606933594
32.29163360595703
146.48216247558594
93.36929321289062
67.00685119628906
103.1021957397461
224.90733337402344
57.90507507324219
37.25404739379883
109.18290710449219
67.22852325439453
149.5709991455078
40.08522033691406
15.214339256286621
104.4818344116211
32.887672424316406
120.12238311767578
121.89924621582031
146.78697204589844
144.94520568847656
963.3238525390625
109.38861083984375
58.298492431640625
66.38773345947266
88.55870056152344
93.65107727050781
95.01449584960938
95.13909912109375
16.336450576782227
81.66973114013672
26.661396026611328
143.27880859375
42.692787170410156
93.56429290771484
61.42599105834961
129.41416931152344
125.79119110107422
33.35676193237305
28.749265670776367
123.17084503173828
58.53270721435547
66.6649398803711
36.55067825317383
50.613380432128906
90.03733825683594
233.38729858398438
47.094661712646484
55.01475143432617
52.66828918457031
60.23944091796875
19.746252059936523
35.52815628051758
19.961027145385742
24.613378524780273
68.7639389038086
20.781333923339844
48.7800178527832
545.0167846679688
74.14029693603516
86.53746795654297
217.95513916015625
41.57353210449219
28.740554809570312
41.71878433227539
89.45056915283203
64.74345397949219
30.77558708190918
11.82896900177002
19.176891326904297
79.33029174804688
20.305400848388672
25.61243438720703
42.27440643310547
123.3201904296875
157.9044952392578
41.207176208496094
94.84700012207031
83.34962463378906
18.867538452148438
62.61552810668945
41.82908248901367
120.56643676757812
107.74002075195312
98.83238983154297
107.09315490722656
86.76636505126953
68.26021575927734
64.54317474365234
13.851886749267578
209.45938110351562
26.249752044677734
27.304229736328125
120.20731353759766
166.52032470703125
116.39471435546875
27.238046646118164
22.559568405151367
11.52980899810791
52.064918518066406
46.299781799316406
125.39482116699219
18.92767906188965
42.06263732910156
47.51157760620117
33.044124603271484
89.51653289794922
68.49845123291016
38.6004524230957
25.246994018554688
15.447441101074219
23.993101119995117
101.85664367675781
62.13114547729492
68.12267303466797
47.43874740600586
47.56970977783203
21.818193435668945
110.43028259277344
184.3251953125
87.953369140625
25.331079483032227
52.2869873046875
32.61097717285156
22.028226852416992
30.956510543823242
32.036712646484375
80.5843276977539
40.05330276489258
36.150901794433594
37.18929672241211
116.42648315429688
40.85792541503906
34.041526794433594
31.552305221557617
95.88572692871094
15.9071626663208
83.11579132080078
36.406551361083984
142.36300659179688
56.569828033447266
82.611328125
82.70201110839844
12.195741653442383
32.22537612915039
63.15039825439453
211.59481811523438
45.31540298461914
24.431894302368164
13.703556060791016
230.98907470703125
73.281494140625
26.7753963470459
25.253761291503906
28.315471649169922
22.9370174407959
26.040197372436523
55.2303581237793
23.253124237060547
114.55692291259766
34.51658630371094
60.65166473388672
19.33198356628418
83.46031951904297
15.431550979614258
36.45875549316406
168.56556701660156
36.51919937133789
145.25430297851562
72.19096374511719
42.549320220947266
32.288150787353516
166.65121459960938
53.17924118041992
104.73419952392578
41.996280670166016
13.6246337890625
69.76568603515625
44.476741790771484
88.68219757080078
34.40282440185547
41.40092849731445
284.13818359375
42.79009246826172
40.98838424682617
42.023193359375
9.515825271606445
28.655672073364258
14.75335693359375
39.508121490478516
57.187049865722656
39.71253204345703
36.88467788696289
99.08570098876953
77.9994125366211
33.08528137207031
43.30317687988281
46.26560974121094
21.212800979614258
55.88581085205078
31.708446502685547
73.78633117675781
48.611454010009766
65.43881225585938
34.54510498046875
39.04405212402344
53.0806770324707
60.84724426269531
12.834043502807617
13.493236541748047
226.2596435546875
13.656840324401855
22.386938095092773
53.396217346191406
45.4465446472168
131.96014404296875
33.85540008544922
99.86055755615234
47.20588684082031
13.277640342712402
65.45475006103516
128.6839599609375
54.763427734375
79.27709197998047
41.18564987182617
76.94598388671875
13.488603591918945
61.085357666015625
100.06982421875
49.375308990478516
67.56766510009766
48.96238708496094
18.31964111328125
61.26233673095703
38.64496994018555
38.78910446166992
165.4327850341797
44.71022033691406
18.380279541015625
22.326047897338867
154.84962463378906
40.76105880737305
20.875200271606445
246.14584350585938
29.059967041015625
153.671142578125
30.359500885009766
41.370670318603516
69.28196716308594
74.43260955810547
61.98175811767578
95.2590103149414
48.53959655761719
51.029964447021484
80.99787902832031
18.104721069335938
68.99993896484375
148.29965209960938
22.76865005493164
36.6452522277832
121.72853088378906
49.52095031738281
65.2899169921875
92.93095397949219
62.84845733642578
85.261474609375
12.01957893371582
61.52412796020508
37.38878631591797
62.174957275390625
88.59078979492188
12.964214324951172
89.79972839355469
28.00289535522461
92.87171936035156
77.22792053222656
100.93917083740234
28.092941284179688
9.542552947998047
132.5052032470703
71.23036193847656
26.501920700073242
33.56437683105469
78.12413787841797
60.266571044921875
21.925762176513672
56.35728454589844
38.781455993652344
60.78831100463867
25.300193786621094
72.419921875
32.976707458496094
12.003687858581543
18.666467666625977
76.3263931274414
27.011695861816406
33.2428092956543
10.315714836120605
67.53556823730469
194.5619659423828
99.77818298339844
42.74385070800781
61.43548583984375
27.9774112701416
75.93435668945312
70.68077087402344
46.27422332763672
52.5185661315918
43.151763916015625
83.43488311767578
46.578102111816406
13.33342456817627
73.5782699584961
49.580745697021484
162.50628662109375
21.47681999206543
52.511234283447266
72.50366973876953
22.378286361694336
31.254730224609375
22.341054916381836
24.829635620117188
45.31846618652344
65.39772033691406
159.4778594970703
46.299591064453125
38.80664825439453
39.745052337646484
64.6796646118164
41.092185974121094
41.05558776855469
17.29993438720703
130.0891876220703
10.573399543762207
165.02345275878906
105.74235534667969
19.888286590576172
36.86697769165039
21.034141540527344
42.885398864746094
49.268096923828125
26.038833618164062
37.21582794189453
30.931781768798828
11.161073684692383
9.203726768493652
13.19454574584961
175.25198364257812
48.44577407836914
67.48025512695312
127.72925567626953
55.46709442138672
52.56647872924805
52.971248626708984
94.03173065185547
86.93473815917969
104.18234252929688
58.144412994384766
137.70887756347656
10.081611633300781
27.253023147583008
87.37565612792969
43.425987243652344
83.19245910644531
23.06364631652832
111.09034729003906
70.70048522949219
67.96648406982422
51.55464553833008
16.6356143951416
36.643314361572266
51.46639633178711
63.13926315307617
69.11587524414062
102.85710144042969
39.13526153564453
19.079326629638672
93.12031555175781
76.48968505859375
103.63704681396484
97.61971282958984
43.79144287109375
17.10847282409668
7.467178821563721
44.61388397216797
51.38104248046875
89.79190063476562
82.13992309570312
43.9249382019043
55.96693420410156
174.92469787597656
19.828083038330078
40.00169372558594
25.601659774780273
100.82217407226562
19.443662643432617
92.54756164550781
150.28826904296875
83.71727752685547
126.76107025146484
117.86893463134766
49.672821044921875
79.13764190673828
31.11271095275879
15.87979793548584
34.748329162597656
46.66742706298828
23.288864135742188
16.466787338256836
16.90738868713379
45.430450439453125
302.0982360839844
104.68990325927734
18.39922332763672
61.03849792480469
22.77729034423828
31.833160400390625
27.551164627075195
17.04291534423828
159.85003662109375
21.16946792602539
9.337322235107422
11.642576217651367
37.69514465332031
47.368492126464844
35.7054328918457
32.85165023803711
19.850507736206055
67.63740539550781
176.92359924316406
27.43593406677246
120.64604949951172
50.273765563964844
41.08352279663086
45.94143295288086
36.99298858642578
13.585387229919434
16.965639114379883
51.67449951171875
161.01565551757812
79.70864868164062
20.867897033691406
56.59323501586914
84.97440338134766
147.72433471679688
95.30923461914062
97.71807861328125
17.114837646484375
38.32589340209961
8.918806076049805
46.83638000488281
135.19032287597656
68.38318634033203
56.553932189941406
92.73218536376953
61.41773986816406
79.32626342773438
26.421932220458984
73.08208465576172
46.901084899902344
34.62847137451172
74.60768127441406
57.492313385009766
33.710941314697266
41.43984603881836
149.5930938720703
57.38199996948242
54.55116653442383
60.031455993652344
26.01346206665039
8.74802017211914
25.642351150512695
52.20945358276367
165.2965087890625
63.974334716796875
45.75283432006836
20.449161529541016
55.779685974121094
74.45545959472656
14.210265159606934
59.64093017578125
34.10517120361328
103.00743103027344
74.43187713623047
90.75521087646484
30.26895523071289
36.52183532714844
5.11545991897583
186.61355590820312
75.08185577392578
47.517974853515625
143.14002990722656
19.151269912719727
75.63636016845703
54.37396240234375
426.0951843261719
98.95014190673828
34.206871032714844
22.07093048095703
45.51697540283203
17.10912322998047
79.99661254882812
34.85768127441406
19.778913497924805
47.0486946105957
48.27370834350586
11.62044620513916
12.38216781616211
59.512794494628906
15.350998878479004
24.15983009338379
32.32085037231445
8.26413345336914
77.57282257080078
27.240428924560547
32.05632781982422
76.96944427490234
15.52855396270752
23.513051986694336
12.30423355102539
68.44761657714844
68.75920867919922
79.79802703857422
170.9307861328125
56.78310012817383
69.1197738647461
43.98580551147461
30.333415985107422
80.03475952148438
20.078643798828125
40.23069381713867
20.7468318939209
211.96937561035156
62.52803039550781
25.67551040649414
95.48910522460938
30.19927406311035
41.5880126953125
89.17994689941406
50.809749603271484
98.83377838134766
17.457643508911133
101.85353088378906
75.42778778076172
35.33449935913086
57.05788803100586
80.93315887451172
19.323348999023438
158.99876403808594
60.64086151123047
65.97368621826172
79.35159301757812
38.55392074584961
34.46106719970703
36.67091751098633
22.503217697143555
55.98752975463867
52.45145034790039
59.12367248535156
26.278602600097656
8.509832382202148
4.764103889465332
46.103485107421875
21.813283920288086
81.91954040527344
57.60596466064453
19.904800415039062
166.35211181640625
31.65794563293457
68.9455337524414
41.261863708496094
28.991300582885742
76.0064468383789
51.29855728149414
96.27836608886719
70.55702209472656
98.95816802978516
76.45806884765625
77.94139099121094
52.173377990722656
93.42964172363281
27.54114532470703
31.420696258544922
43.312469482421875
31.979461669921875
102.20482635498047
45.58749771118164
31.36390495300293
78.74793243408203
65.03730773925781
69.49659729003906
57.5908203125
78.96463775634766
10.518815040588379
114.47832489013672
52.74761199951172
20.399078369140625
44.75314712524414
13.69717788696289
46.24974060058594
12.309556007385254
37.134498596191406
25.099632263183594
21.441923141479492
6.248390197753906
41.54698181152344
190.7845916748047
20.236892700195312
18.49151611328125
24.21634864807129
32.431312561035156
35.368900299072266
40.81745910644531
39.4792594909668
18.624191284179688
46.87351989746094
105.48589324951172
7.938352108001709
36.01220703125
22.561063766479492
39.21122741699219
28.358427047729492
36.70121383666992
45.923465728759766
33.7141227722168
65.51402282714844
20.9361629486084
36.87290573120117
34.49234390258789
45.95804214477539
15.605300903320312
69.27947235107422
176.73207092285156
72.69165802001953
32.37563705444336
21.130271911621094
25.40247344970703
43.56185531616211
81.68440246582031
86.37551879882812
68.91522979736328
56.59546661376953
52.3158073425293
25.550798416137695
68.73189544677734
44.58558654785156
17.423017501831055
178.91891479492188
43.3376350402832
20.472055435180664
89.38847351074219
26.07733917236328
88.77892303466797
43.283573150634766
65.69969940185547
88.177001953125
53.250484466552734
48.330230712890625
47.20769500732422
13.009621620178223
142.60443115234375
80.83186340332031
44.34029006958008
52.5708122253418
35.95857620239258
42.344093322753906
45.46998977661133
170.50946044921875
86.28839874267578
21.38103485107422
29.864431381225586
31.475860595703125
24.3825626373291
70.67264556884766
8.905083656311035
20.230022430419922
162.62002563476562
33.22037124633789
128.12425231933594
23.27406883239746
14.197892189025879
34.431541442871094
10.085990905761719
65.95940399169922
58.19084548950195
95.38090515136719
26.942026138305664
19.647184371948242
32.74669647216797
90.59596252441406
40.83953857421875
25.516658782958984
50.93069839477539
23.216838836669922
75.87869262695312
16.916044235229492
40.39909362792969
76.23651885986328
109.39430236816406
33.993404388427734
42.91428756713867
144.78866577148438
35.3376579284668
137.3723602294922
81.99372100830078
18.31198501586914
163.19085693359375
82.04170227050781
21.375825881958008
41.9425048828125
48.20563507080078
192.04620361328125
32.72231674194336
49.674400329589844
53.945533752441406
84.24404907226562
55.154361724853516
19.226016998291016
28.887962341308594
31.06558609008789
48.730010986328125
73.09098052978516
37.01649475097656
57.5655403137207
43.63557434082031
21.819677352905273
7.963588714599609
22.779401779174805
17.96750259399414
27.774890899658203
19.389053344726562
24.63852310180664
114.7836685180664
13.204299926757812
6.176864147186279
17.59060287475586
93.39002227783203
11.427037239074707
79.91088104248047
111.57176208496094
18.924453735351562
16.018970489501953
131.17532348632812
203.89035034179688
46.310176849365234
51.040218353271484
134.7238006591797
41.46617889404297
153.68136596679688
27.503034591674805
153.49264526367188
48.10770034790039
54.665260314941406
161.23435974121094
33.72755432128906
57.21407699584961
23.461641311645508
27.45747947692871
53.126365661621094
180.9505157470703
16.321359634399414
18.071157455444336
55.177913665771484
28.755102157592773
45.41328811645508
16.57077980041504
146.27830505371094
31.139301300048828
17.064077377319336
42.861968994140625
18.073007583618164
36.28989028930664
37.92728805541992
119.74628448486328
189.51805114746094
48.69382858276367
88.69862365722656
18.299915313720703
34.93627166748047
119.79415893554688
25.850841522216797
19.585529327392578
92.36320495605469
42.48670196533203
89.59847259521484
30.30933380126953
71.11158752441406
152.52186584472656
30.335084915161133
93.24065399169922
38.946998596191406
23.070621490478516
48.5980110168457
41.91890335083008
25.139766693115234
95.2826919555664
27.77035140991211
44.603271484375
68.11739349365234
31.234355926513672
36.9168586730957
46.065216064453125
49.81831359863281
12.565608978271484
48.824951171875
40.926971435546875
3.9920947551727295
23.940147399902344
50.01968002319336
44.92900085449219
15.127986907958984
20.812320709228516
4.147873401641846
8.487048149108887
36.41963195800781
16.838850021362305
87.12826538085938
91.3281478881836
34.220088958740234
78.88258361816406
22.726524353027344
73.85126495361328
76.78719329833984
31.432106018066406
55.522830963134766
63.39350128173828
19.81917381286621
55.02834701538086
15.338102340698242
19.278045654296875
4.8736748695373535
6.824331760406494
37.51360321044922
13.170430183410645
31.666662216186523
37.72458267211914
79.52899169921875
105.32025146484375
11.912148475646973
45.34056091308594
32.585506439208984
15.732321739196777
6.550562381744385
44.16858673095703
35.19801712036133
64.16191864013672
78.31422424316406
89.82243347167969
52.58660888671875
11.0338773727417
30.73966407775879
118.95654296875
35.39547348022461
130.63111877441406
62.065223693847656
26.995817184448242
58.268985748291016
45.693389892578125
35.05965042114258
24.079837799072266
46.17241287231445
15.445579528808594
102.2055435180664
63.291133880615234
99.30256652832031
7.158606052398682
63.35226821899414
46.05059814453125
47.68905258178711
20.169034957885742
84.6236343383789
52.456687927246094
49.10231018066406
22.641578674316406
31.3013858795166
40.882755279541016
36.6525764465332
27.444875717163086
13.595921516418457
217.00564575195312
35.84667205810547
34.206939697265625
147.13619995117188
57.470176696777344
50.304195404052734
90.98279571533203
94.69252014160156
69.7039566040039
22.090524673461914
58.53710174560547
32.7703971862793
68.23140716552734
50.030250549316406
110.76779174804688
35.169158935546875
45.5965461730957
13.811646461486816
21.94272804260254
63.85477828979492
65.5065689086914
142.5985565185547
39.729061126708984
54.0668830871582
86.79553985595703
59.62348556518555
73.33099365234375
100.39557647705078
66.8675537109375
33.64152526855469
58.98786544799805
19.038875579833984
102.04432678222656
19.31870460510254
38.735538482666016
67.29630279541016
59.30580139160156
24.36542320251465
28.972585678100586
23.777772903442383
78.89360809326172
28.79202651977539
94.96480560302734
80.63307189941406
33.69137954711914
24.07325553894043
148.23086547851562
46.73208999633789
37.28580856323242
31.68901824951172
63.04095458984375
7.375345230102539
23.14380645751953
169.9632568359375
186.5053253173828
59.08896255493164
44.2157096862793
36.19192123413086
41.712039947509766
34.28135681152344
41.8067626953125
43.27814483642578
52.007118225097656
63.39173126220703
15.941060066223145
109.04430389404297
98.48467254638672
95.01587677001953
59.03934860229492
33.247314453125
34.39276123046875
198.1884765625
49.08219528198242
15.145424842834473
34.66658020019531
149.18040466308594
134.20777893066406
34.94134521484375
31.252979278564453
132.95103454589844
98.6505126953125
51.26398849487305
40.173858642578125
15.15874195098877
48.70865249633789
43.129756927490234
36.786128997802734
82.46741485595703
6.364770889282227
29.83518409729004
10.886969566345215
33.69781494140625
40.318355560302734
20.322311401367188
94.54946899414062
262.9617919921875
20.103361129760742
16.786373138427734
208.53955078125
32.81471633911133
48.191070556640625
26.037931442260742
65.75872802734375
95.03250122070312
125.56436157226562
81.98110961914062
39.08500671386719
53.77864074707031
44.35858154296875
177.99623107910156
30.722742080688477
5.252799034118652
27.380617141723633
49.991790771484375
19.109846115112305
84.4891128540039
29.663639068603516
26.01437759399414
12.156603813171387
14.599095344543457
89.45506286621094
127.72765350341797
21.00995635986328
133.141357421875
252.45777893066406
44.34202575683594
25.841854095458984
59.029090881347656
55.121829986572266
36.258914947509766
99.0038070678711
63.782432556152344
14.20265007019043
72.6696548461914
64.6624755859375
5.383983135223389
33.9130973815918
27.215412139892578
34.53175354003906
40.22032165527344
20.093481063842773
72.03926086425781
10.719131469726562
47.3572883605957
10.13987922668457
21.387189865112305
104.11746215820312
168.3759765625
28.174959182739258
50.474586486816406
