37.974021911621094
38.75107192993164
40.203304290771484
41.3480339050293
41.493770599365234
42.02899932861328
45.95603561401367
47.12007141113281
49.44561767578125
51.55091094970703
54.26445007324219
57.72837448120117
62.14657211303711
64.80693054199219
68.82323455810547
75.167724609375
74.52787780761719
86.50055694580078
86.80965423583984
95.86865997314453
98.17707061767578
104.17135620117188
115.1891860961914
116.08798217773438
116.40510559082031
127.12876892089844
133.05850219726562
137.31947326660156
145.8384552001953
145.4438018798828
161.80860900878906
160.59683227539062
173.64537048339844
180.99029541015625
192.53219604492188
193.09400939941406
222.2534942626953
221.22531127929688
245.3303680419922
274.40423583984375
294.6668701171875
321.75445556640625
361.2434997558594
406.08135986328125
459.901123046875
512.7962646484375
600.44921875
865.4390258789062
1280.964111328125
1466.5345458984375
1255.1590576171875
944.2437744140625
700.2237548828125
568.0643310546875
520.640625
458.75201416015625
405.1644287109375
423.12744140625
415.47271728515625
425.26458740234375
372.30279541015625
382.55096435546875
390.5926818847656
438.7571716308594
490.2857666015625
516.4778442382812
410.9822692871094
319.8460693359375
251.35601806640625
271.6893005371094
268.25738525390625
266.8551330566406
225.4224090576172
174.29275512695312
166.0021514892578
186.56375122070312
153.77371215820312
150.9381866455078
129.65794372558594
244.96063232421875
106.77190399169922
92.99784851074219
86.22679901123047
73.79740905761719
68.09193420410156
72.15068054199219
82.03408813476562
70.62271118164062
145.47247314453125
52.37772750854492
53.952083587646484
37.47484588623047
35.65243148803711
38.0334358215332
30.325517654418945
33.55950927734375
72.49193572998047
88.151611328125
58.49937438964844
25.238405227661133
136.2907257080078
80.31584167480469
121.40839385986328
36.71524429321289
97.90402221679688
42.668243408203125
46.60246276855469
98.93046569824219
21.213193893432617
26.592601776123047
25.60828399658203
24.967151641845703
43.667850494384766
24.580089569091797
16.834779739379883
17.57494354248047
49.07787322998047
110.5778579711914
39.17022705078125
53.039207458496094
