22.681459426879883
23.583005905151367
24.127180099487305
25.821857452392578
26.748382568359375
28.92686653137207
30.77159309387207
36.67119598388672
39.81144332885742
48.31017303466797
61.58109664916992
72.77185821533203
83.48875427246094
108.53133392333984
133.84146118164062
164.408447265625
198.72219848632812
230.98104858398438
287.4090576171875
343.9814758300781
390.6641845703125
451.8977966308594
494.14251708984375
524.9326782226562
557.704833984375
547.9807739257812
556.0646362304688
570.3402099609375
619.4116821289062
721.775634765625
743.44287109375
723.4915161132812
783.523681640625
559.5999145507812
595.8832397460938
384.315673828125
250.0160369873047
158.02244567871094
230.3996124267578
251.00405883789062
263.5583190917969
324.3705749511719
285.1427307128906
329.04876708984375
275.9185485839844
234.44349670410156
168.28662109375
138.0484161376953
139.78033447265625
155.26010131835938
137.60792541503906
88.1882095336914
76.54313659667969
78.94682312011719
97.24095153808594
137.40951538085938
115.9063720703125
160.87770080566406
134.39324951171875
137.76109313964844
82.76943969726562
76.97649383544922
113.43694305419922
76.07948303222656
75.8459243774414
65.8635025024414
57.69904708862305
79.7387466430664
46.65110397338867
34.03899002075195
50.02973175048828
50.34001922607422
30.796232223510742
95.93817901611328
43.883460998535156
22.469120025634766
111.65505981445312
60.17464828491211
62.200443267822266
51.90531539916992
19.886381149291992
19.57880973815918
35.339542388916016
95.32886505126953
22.676647186279297
96.23036193847656
52.337493896484375
20.199398040771484
15.399996757507324
21.216398239135742
52.687862396240234
41.482566833496094
56.885215759277344
16.422027587890625
37.83671569824219
64.8721694946289
30.92476463317871
59.25398254394531
37.94758605957031
31.175296783447266
26.70115852355957
15.351202964782715
33.364688873291016
14.356730461120605
24.004192352294922
27.47056007385254
23.638439178466797
11.346480369567871
41.075843811035156
67.80559539794922
39.71889877319336
35.25992202758789
20.8603515625
17.378488540649414
17.72772789001465
30.888031005859375
28.646595001220703
45.55263900756836
42.30733108520508
19.863197326660156
