129.34710693359375
130.35345458984375
132.82005310058594
139.58212280273438
133.82017517089844
137.1666259765625
134.14730834960938
135.52862548828125
122.98548126220703
135.7634735107422
126.30797576904297
135.88442993164062
122.62080383300781
133.3816375732422
130.94720458984375
125.11511993408203
115.38024139404297
119.53445434570312
111.31139373779297
106.11969757080078
99.00497436523438
97.75517272949219
101.22197723388672
86.98726654052734
88.30599212646484
79.5102310180664
75.58649444580078
70.0180435180664
64.9793930053711
59.434085845947266
53.75017547607422
47.97346496582031
43.79008483886719
39.387939453125
35.88801193237305
32.87090301513672
28.39715003967285
29.280662536621094
26.356061935424805
25.55269432067871
23.60729217529297
24.34408950805664
27.815683364868164
23.967748641967773
23.239530563354492
23.456754684448242
20.510011672973633
23.939706802368164
19.764036178588867
19.35149383544922
20.446428298950195
18.575759887695312
19.027042388916016
19.186559677124023
17.65660285949707
17.727371215820312
15.896865844726562
16.703773498535156
15.300281524658203
13.917155265808105
19.87224006652832
20.88068962097168
14.288159370422363
15.275755882263184
12.914241790771484
14.503900527954102
11.398961067199707
14.720527648925781
14.343502044677734
12.127863883972168
11.564458847045898
14.726682662963867
11.958405494689941
14.154864311218262
11.283638954162598
10.478423118591309
13.404947280883789
13.386031150817871
10.766402244567871
9.186300277709961
10.101898193359375
9.957488059997559
10.090831756591797
9.65450668334961
11.4628324508667
11.522604942321777
11.903278350830078
8.187198638916016
10.082498550415039
10.135232925415039
9.214701652526855
8.06214714050293
11.008352279663086
8.820493698120117
11.168740272521973
12.194225311279297
9.17090892791748
8.027487754821777
10.581722259521484
8.612017631530762
7.264562129974365
11.400800704956055
8.067184448242188
12.883179664611816
9.174458503723145
9.43435001373291
8.766125679016113
7.1542229652404785
10.045083045959473
8.846810340881348
9.049402236938477
8.683530807495117
10.933944702148438
7.7710466384887695
7.340860366821289
11.447962760925293
10.185371398925781
11.504551887512207
9.479939460754395
20.182462692260742
