3953.31689453125
4128.4287109375
4105.64306640625
4083.76220703125
4381.04541015625
4673.87353515625
5086.998046875
5749.1171875
6268.0380859375
6979.1328125
6001.07177734375
4732.92431640625
7447.6474609375
9157.923828125
8945.7763671875
7120.81103515625
4727.7119140625
3116.456298828125
2798.464111328125
2677.8369140625
2631.55419921875
2101.357666015625
629.1353149414062
2267.655517578125
4387.80517578125
3308.886474609375
1864.8521728515625
1081.2623291015625
1067.855712890625
1392.42626953125
1200.8782958984375
626.02197265625
1011.8665161132812
1507.8621826171875
1692.19091796875
724.236083984375
276.60546875
864.9091796875
776.059326171875
752.7587280273438
709.2717895507812
678.048828125
468.7996520996094
804.0960693359375
729.9620361328125
384.7272033691406
326.7544860839844
980.0995483398438
389.7552795410156
346.4450988769531
860.025146484375
1316.1480712890625
611.28759765625
741.144287109375
875.3095092773438
416.0003967285156
190.61141967773438
587.3221435546875
519.9647216796875
685.0701904296875
434.30584716796875
245.05723571777344
445.66693115234375
388.7737121582031
430.84130859375
430.027587890625
219.4776153564453
309.572998046875
629.7467651367188
321.0137634277344
258.8092956542969
259.5978698730469
925.9935913085938
379.54376220703125
437.80352783203125
127.72523498535156
145.16403198242188
993.5447387695312
724.8225708007812
895.8397216796875
468.341064453125
835.9280395507812
779.154296875
1242.9669189453125
930.3536376953125
645.9340209960938
172.11767578125
427.129150390625
507.0320129394531
580.3726196289062
411.06689453125
216.71644592285156
192.61358642578125
233.91046142578125
544.8428955078125
525.2996215820312
166.34300231933594
146.84164428710938
129.13575744628906
287.7032165527344
269.55377197265625
150.46734619140625
99.24165344238281
353.97125244140625
445.9481506347656
112.34944915771484
76.05921173095703
82.0659408569336
78.96158599853516
113.0600814819336
224.15673828125
388.614501953125
106.87640380859375
216.4987335205078
85.58535766601562
157.5228729248047
52.277191162109375
73.07914733886719
315.2267761230469
134.73324584960938
