71025.671875
50712.2578125
42988.5859375
27718.6640625
13726.2666015625
9827.6328125
11683.4794921875
8605.3037109375
6025.1298828125
5519.92529296875
4313.9619140625
3234.255615234375
2445.775634765625
2704.568359375
2316.69140625
2167.33154296875
2401.2275390625
1977.6199951171875
1491.282470703125
1410.1318359375
1825.00537109375
1375.862060546875
1617.7059326171875
828.810546875
1739.9112548828125
1144.7281494140625
1526.4671630859375
1322.332275390625
826.7586669921875
620.9165649414062
885.2695922851562
2408.5048828125
630.21435546875
912.87744140625
3679.250732421875
2333.764892578125
4067.5517578125
4596.49169921875
473.0357666015625
3800.553466796875
3909.57421875
757.391357421875
3285.14599609375
1301.256591796875
2359.397705078125
3004.136474609375
1074.908935546875
799.8833618164062
2328.9697265625
1723.8243408203125
1989.2225341796875
1701.3104248046875
1184.9818115234375
250.9922332763672
1408.2119140625
302.37042236328125
648.6461791992188
2461.26416015625
3382.33935546875
725.4713745117188
896.5325927734375
2437.0537109375
1706.0216064453125
2745.1796875
3677.00146484375
308.5296630859375
2937.7216796875
313.42608642578125
485.5126953125
2550.412841796875
1066.871337890625
2851.478271484375
3487.451171875
340.60797119140625
4191.16748046875
4245.21142578125
4047.11669921875
960.5576171875
1971.3902587890625
448.8206481933594
2058.0009765625
1860.584716796875
166.1901092529297
3713.89013671875
5510.599609375
2565.4365234375
319.1676330566406
1562.9774169921875
1081.208740234375
1479.3995361328125
2007.1011962890625
189.82656860351562
1191.40771484375
1696.2474365234375
361.9024963378906
2112.7919921875
2413.14501953125
2398.66064453125
163.04693603515625
1553.19677734375
1888.69970703125
1460.2655029296875
277.9338684082031
244.7089385986328
119.87171936035156
290.371826171875
244.42189025878906
368.7578125
2405.1708984375
2512.201904296875
1193.568115234375
1602.0516357421875
1560.5186767578125
1503.98486328125
1781.8641357421875
1086.979248046875
523.0232543945312
996.080078125
156.78318786621094
1796.18212890625
