92.27535247802734
92.96048736572266
96.44126892089844
105.34033966064453
112.00629425048828
126.26860809326172
139.6105194091797
161.7490234375
170.7926025390625
209.89303588867188
227.7162322998047
272.8091125488281
284.9217834472656
345.8490905761719
386.59429931640625
425.57586669921875
455.81744384765625
523.510986328125
554.3226318359375
605.9498901367188
630.4449462890625
668.5491943359375
768.238525390625
746.9193725585938
812.2369384765625
804.0303344726562
833.5853271484375
835.3222045898438
841.4799194335938
835.8779296875
814.281005859375
766.0670776367188
721.751708984375
694.4429321289062
571.4105224609375
547.1492309570312
447.0442199707031
342.1980285644531
312.1520690917969
291.6429748535156
276.02435302734375
270.7986755371094
358.4001770019531
283.6133117675781
305.5530700683594
218.4041290283203
220.1390838623047
269.9884033203125
209.0253143310547
217.9229736328125
210.89120483398438
250.31863403320312
247.34239196777344
213.57476806640625
235.76893615722656
161.8408660888672
230.01596069335938
121.23287200927734
150.47378540039062
112.1353530883789
144.10157775878906
178.34059143066406
75.54288482666016
75.6598129272461
81.18252563476562
49.11152648925781
91.86886596679688
35.941368103027344
60.98043441772461
96.54597473144531
126.41241455078125
58.089420318603516
75.84127044677734
44.34540557861328
50.43509292602539
62.50210189819336
71.14997100830078
78.19402313232422
25.86018180847168
60.05927658081055
29.10293960571289
51.62858963012695
30.984346389770508
29.462785720825195
32.96959686279297
41.759552001953125
34.037635803222656
81.21914672851562
52.662757873535156
64.31825256347656
45.682960510253906
56.18427658081055
36.27103805541992
19.346132278442383
33.62986755371094
33.59441375732422
9.372773170471191
65.53981018066406
29.331937789916992
73.25552368164062
83.93138122558594
28.665739059448242
63.41469955444336
40.38450622558594
36.47290802001953
11.722862243652344
86.02098083496094
43.77104568481445
23.1988468170166
53.73685073852539
8.371001243591309
4.530111312866211
29.879533767700195
34.00100326538086
41.594966888427734
66.54742431640625
26.351863861083984
42.10921096801758
8.44062614440918
169.4429168701172
