129.34710693359375
130.5385284423828
133.0263214111328
139.81578063964844
134.0928955078125
137.46897888183594
134.44883728027344
135.68251037597656
122.8831787109375
134.7933807373047
123.93096923828125
130.3672332763672
113.66602325439453
115.51261901855469
101.58519744873047
82.84635925292969
75.45956420898438
78.42105102539062
77.49492645263672
75.2756118774414
65.61952209472656
47.80293273925781
26.371999740600586
30.72809410095215
28.85601043701172
29.935338973999023
27.499338150024414
21.83218765258789
26.37628936767578
22.883663177490234
20.024900436401367
18.83366584777832
21.91632080078125
20.545635223388672
22.78864097595215
21.288942337036133
16.634838104248047
25.00092887878418
20.686756134033203
18.423498153686523
15.377093315124512
17.200084686279297
17.759347915649414
16.065114974975586
19.526355743408203
12.493741989135742
13.749063491821289
19.337879180908203
16.91670036315918
16.004993438720703
14.873536109924316
13.424765586853027
12.121764183044434
15.752453804016113
14.673397064208984
15.656731605529785
12.414538383483887
12.623091697692871
13.01075267791748
12.92442512512207
17.981672286987305
19.86248016357422
17.445356369018555
17.45411491394043
13.688258171081543
18.206680297851562
14.404067993164062
17.260791778564453
15.353250503540039
13.701160430908203
14.266911506652832
17.08277702331543
12.443636894226074
18.613784790039062
13.409140586853027
12.382946014404297
19.533273696899414
14.570291519165039
16.144838333129883
17.155941009521484
16.228132247924805
14.633796691894531
13.40896224975586
10.381143569946289
17.499025344848633
15.794448852539062
15.095603942871094
11.647431373596191
12.110491752624512
15.682845115661621
13.183974266052246
12.277003288269043
16.786317825317383
16.430490493774414
14.703083038330078
15.531671524047852
10.755318641662598
16.16775131225586
11.096901893615723
15.27466106414795
13.80001449584961
13.548219680786133
13.516397476196289
18.545503616333008
13.96428108215332
16.06703758239746
12.508810043334961
15.181976318359375
12.817551612854004
13.760787010192871
13.2121000289917
14.067134857177734
14.672469139099121
13.891626358032227
11.303281784057617
13.475175857543945
11.203229904174805
14.831681251525879
15.300589561462402
28.30946922302246
