221.7860107421875
222.55682373046875
220.03135681152344
221.23776245117188
220.74765014648438
220.75253295898438
216.7646942138672
219.005859375
218.49586486816406
216.1855926513672
214.06460571289062
211.50852966308594
208.34312438964844
206.13427734375
200.7470703125
198.17257690429688
196.5891571044922
191.165771484375
184.83824157714844
179.2404327392578
176.38978576660156
169.11122131347656
164.14141845703125
155.64515686035156
148.19248962402344
139.4120635986328
127.98130798339844
122.60066986083984
112.83583068847656
102.72782897949219
92.36927032470703
83.74583435058594
72.96102905273438
63.71845626831055
55.85403823852539
48.64049530029297
43.145301818847656
41.505126953125
43.344085693359375
45.82732391357422
47.93330001831055
48.22275924682617
47.5501594543457
45.86434555053711
44.08354949951172
42.518341064453125
41.406394958496094
40.590763092041016
40.84980010986328
41.12868881225586
41.473609924316406
41.4212760925293
41.36823654174805
41.06260681152344
40.704715728759766
40.5611457824707
40.573150634765625
40.7645263671875
40.68999099731445
40.500247955322266
40.53658676147461
40.423980712890625
40.42430114746094
40.27748107910156
40.38457107543945
40.4176025390625
40.2503776550293
40.36456298828125
40.26714324951172
40.3182487487793
40.401424407958984
40.34662628173828
40.23649978637695
40.10332107543945
40.20073318481445
40.230323791503906
40.19832229614258
40.02292251586914
40.189788818359375
40.11212921142578
40.34563064575195
40.13533401489258
40.22431564331055
40.09605407714844
40.2343635559082
40.227882385253906
40.061073303222656
40.15260696411133
40.10524368286133
40.05561828613281
40.0191764831543
40.116634368896484
39.991676330566406
