128.28794860839844
144.49453735351562
117.83431243896484
143.327392578125
145.3430938720703
143.89341735839844
126.48796081542969
117.97661590576172
145.4758758544922
146.7206573486328
148.61924743652344
147.40443420410156
147.0408935546875
132.90013122558594
121.47975158691406
145.79229736328125
132.60287475585938
152.5241241455078
128.43438720703125
143.16392517089844
139.03939819335938
99.41693115234375
142.205810546875
147.54830932617188
149.76626586914062
132.97470092773438
142.28843688964844
137.28793334960938
152.54855346679688
120.13816833496094
137.9541473388672
148.6925048828125
138.15682983398438
116.73782348632812
133.82017517089844
121.31392669677734
117.54837799072266
147.87998962402344
116.71143341064453
139.1248321533203
113.54716491699219
121.27362823486328
128.24684143066406
134.9685821533203
132.353271484375
128.79934692382812
143.1409454345703
139.1522216796875
128.9934844970703
125.66319274902344
144.3497314453125
99.38764953613281
120.61994171142578
129.64598083496094
122.43780517578125
136.4227294921875
111.26296997070312
114.89031982421875
97.10983276367188
111.14224243164062
131.029296875
128.19459533691406
97.89508056640625
126.61227416992188
116.10713958740234
96.59656524658203
127.86860656738281
125.26593780517578
114.10354614257812
135.92227172851562
121.86776733398438
112.5295181274414
129.1155242919922
113.48410034179688
105.66393280029297
116.02549743652344
104.15433502197266
106.48248291015625
115.70992279052734
106.84724426269531
111.09480285644531
104.77332305908203
103.44867706298828
99.78873443603516
98.76667022705078
106.51005554199219
102.42588806152344
98.97167205810547
98.1757583618164
89.59272003173828
74.54520416259766
93.65644836425781
78.20365142822266
94.40865325927734
79.8416519165039
84.28744506835938
72.56597900390625
78.87670135498047
89.1446533203125
88.85018920898438
71.00214385986328
83.51176452636719
64.5712890625
69.16761779785156
61.85195541381836
62.37332534790039
72.44206237792969
63.03545379638672
50.315853118896484
49.668312072753906
61.92090606689453
48.61550521850586
58.50898361206055
43.83802795410156
49.26687240600586
45.401268005371094
36.17800521850586
40.96897506713867
37.30668258666992
34.862186431884766
33.69303512573242
39.98694610595703
36.70151138305664
32.72325897216797
33.74386978149414
28.006710052490234
27.906831741333008
30.66992950439453
24.241544723510742
26.976621627807617
27.472936630249023
25.414884567260742
25.557209014892578
27.64552116394043
25.61859893798828
33.51523971557617
25.52141571044922
25.774423599243164
24.93389129638672
34.018741607666016
23.10063934326172
31.212629318237305
31.238475799560547
23.742219924926758
30.583438873291016
30.569028854370117
23.518892288208008
21.998655319213867
21.316207885742188
20.5816593170166
27.047250747680664
22.064651489257812
20.5085391998291
20.60873031616211
28.578290939331055
21.90614891052246
21.54648780822754
19.445039749145508
30.168119430541992
20.311513900756836
25.812084197998047
27.876047134399414
16.319093704223633
15.229801177978516
18.168254852294922
33.246978759765625
16.769784927368164
17.91958999633789
59.63384246826172
16.493167877197266
18.084272384643555
14.344619750976562
31.124832153320312
15.985037803649902
15.664121627807617
25.1729679107666
19.00441551208496
18.57699966430664
13.827221870422363
16.46895980834961
14.482259750366211
13.993863105773926
12.389327049255371
17.541330337524414
13.482697486877441
19.594999313354492
11.529464721679688
26.04947853088379
11.1613130569458
11.591315269470215
9.736988067626953
10.532803535461426
22.336185455322266
31.691038131713867
10.178509712219238
12.987123489379883
9.31132984161377
15.393561363220215
10.695606231689453
10.061800003051758
10.406625747680664
10.41283893585205
10.054343223571777
12.911952018737793
9.175851821899414
55.01069641113281
8.889069557189941
18.748334884643555
23.132211685180664
7.059621334075928
6.925399303436279
8.050084114074707
18.467838287353516
10.77030086517334
7.589799404144287
34.87981414794922
8.022529602050781
18.87495231628418
8.705798149108887
7.5742597579956055
17.275068283081055
20.705900192260742
29.348896026611328
10.050081253051758
21.58220672607422
7.338876247406006
14.773076057434082
9.490036010742188
22.5180721282959
8.392123222351074
8.262970924377441
7.275259494781494
7.599896430969238
16.261594772338867
6.9282026290893555
6.855729579925537
6.481017589569092
24.972469329833984
6.205626964569092
6.251573085784912
15.68875503540039
47.05560302734375
18.447858810424805
6.186086177825928
10.056699752807617
7.34370756149292
5.793231010437012
5.593123435974121
19.614734649658203
6.657848834991455
7.296503067016602
16.847055435180664
7.377450466156006
5.279793739318848
5.8455491065979
18.207672119140625
10.763949394226074
8.342996597290039
14.596309661865234
7.477731704711914
6.973629951477051
7.109135150909424
6.895833969116211
6.036470890045166
6.778141498565674
15.495110511779785
27.937923431396484
20.4499454498291
6.160961151123047
5.8576765060424805
7.6300787925720215
5.70564603805542
5.255862712860107
5.886101722717285
15.460970878601074
5.180119514465332
22.912273406982422
13.632491111755371
20.665990829467773
5.085346221923828
5.033265590667725
8.048225402832031
11.112504959106445
6.653051376342773
13.637325286865234
5.1488823890686035
19.48699378967285
5.706502437591553
6.887993812561035
7.123012542724609
6.216566562652588
5.342369556427002
11.824627876281738
24.00555419921875
8.203422546386719
5.711228370666504
5.219620227813721
30.465192794799805
11.990843772888184
5.551612854003906
6.630905628204346
7.474812030792236
8.941362380981445
5.099658489227295
5.341585636138916
5.058689594268799
14.932753562927246
4.861594200134277
4.756281852722168
5.038490295410156
20.870487213134766
5.163796901702881
18.489171981811523
26.332813262939453
7.638142108917236
24.58307456970215
21.557117462158203
4.910809516906738
12.027825355529785
19.99618911743164
5.1287522315979
5.765665531158447
6.731632709503174
14.06631088256836
6.1563215255737305
5.437436580657959
5.802274703979492
10.079148292541504
11.758683204650879
34.646121978759766
5.069990158081055
5.3039870262146
9.52299690246582
4.528449058532715
4.911555290222168
4.8645195960998535
8.838343620300293
17.936290740966797
4.730724811553955
4.954199314117432
19.392333984375
13.951849937438965
6.343749523162842
5.442470550537109
4.752901077270508
12.77254867553711
4.730504989624023
12.257015228271484
18.91024398803711
5.1606268882751465
13.374675750732422
13.030909538269043
5.664488315582275
4.571821689605713
4.980074405670166
5.157989978790283
4.815229415893555
28.215654373168945
5.274455547332764
4.874217987060547
12.573275566101074
5.173730850219727
18.223596572875977
5.146256923675537
10.646657943725586
10.371271133422852
11.222905158996582
5.314868927001953
30.7929744720459
5.8314595222473145
5.36877965927124
18.85468101501465
7.697020530700684
10.026968955993652
4.656663417816162
20.513639450073242
13.490392684936523
5.010397434234619
5.336750030517578
4.458618640899658
5.171453475952148
4.444468021392822
5.433681011199951
21.93411636352539
4.736256122589111
4.605888843536377
4.785641193389893
17.19268798828125
4.735253810882568
4.901949882507324
24.64663314819336
4.834168434143066
12.345372200012207
4.62458610534668
7.0052690505981445
12.173995018005371
15.602445602416992
5.146503448486328
5.664229869842529
5.2225141525268555
15.515122413635254
5.542547702789307
7.342210292816162
4.901797294616699
23.13062858581543
4.981992721557617
11.020220756530762
20.003873825073242
11.062949180603027
16.792560577392578
5.935527801513672
5.029229640960693
6.035638332366943
7.776792049407959
6.053516864776611
8.0899076461792
4.823833465576172
14.39958667755127
4.9345316886901855
18.47955894470215
4.425414085388184
18.85123634338379
19.21384048461914
14.801770210266113
4.612096786499023
6.217175483703613
14.68062686920166
6.091327667236328
7.388787269592285
5.416065692901611
5.704693794250488
4.9916253089904785
5.587721824645996
17.55196762084961
5.740952491760254
4.568472862243652
8.520520210266113
4.696663856506348
5.265932559967041
4.922621726989746
4.532847881317139
16.988161087036133
5.889112949371338
4.437779903411865
4.343837261199951
9.947497367858887
25.365123748779297
10.074326515197754
4.954704284667969
5.028160572052002
5.021380424499512
18.035789489746094
5.608737468719482
5.432641506195068
5.376710414886475
9.618795394897461
14.544824600219727
15.983844757080078
12.08781623840332
7.348496437072754
4.97765588760376
28.345911026000977
6.810323715209961
17.160444259643555
5.6049346923828125
9.82114315032959
8.772771835327148
6.084411144256592
9.642866134643555
5.812462329864502
15.713614463806152
26.569904327392578
5.204678535461426
6.02626895904541
4.904634952545166
5.692869186401367
5.188481330871582
5.984299182891846
4.408694744110107
21.48164939880371
5.900721073150635
23.169906616210938
11.831090927124023
5.250575065612793
4.440487384796143
4.910669326782227
8.930519104003906
4.7932448387146
4.337453365325928
4.786421775817871
4.415694236755371
7.126384258270264
5.503078937530518
4.535289764404297
31.471904754638672
8.528921127319336
15.756335258483887
19.421607971191406
13.547287940979004
14.652759552001953
13.359118461608887
6.816994667053223
7.962129592895508
7.538432598114014
11.007256507873535
8.89186954498291
17.93061637878418
10.3019380569458
6.354391098022461
8.409758567810059
20.945573806762695
11.757634162902832
24.390077590942383
5.331674098968506
15.650282859802246
10.873719215393066
15.793134689331055
7.049050331115723
15.394685745239258
15.599870681762695
5.145432949066162
6.179894924163818
17.16278648376465
16.483776092529297
5.943695068359375
6.65820837020874
6.316089153289795
26.47054672241211
6.33144474029541
12.182564735412598
7.637826442718506
16.903451919555664
16.582231521606445
5.836300849914551
5.832193374633789
6.958748817443848
14.542126655578613
30.072311401367188
11.15445613861084
9.123194694519043
8.535674095153809
18.976390838623047
10.333891868591309
5.795958995819092
8.594690322875977
5.380623817443848
7.6456990242004395
6.967803001403809
8.744771003723145
5.280241012573242
7.232492923736572
6.935216903686523
5.653995513916016
6.604557514190674
5.2484612464904785
4.949321269989014
5.515707015991211
6.605832576751709
36.75685501098633
15.83786392211914
4.419384002685547
15.045077323913574
5.945266246795654
4.633449077606201
5.175542831420898
4.271831035614014
24.291593551635742
4.502087593078613
4.456655502319336
4.568631649017334
4.421336650848389
4.900707721710205
6.367839336395264
4.958774089813232
7.994873046875
9.681495666503906
26.63775062561035
4.494122505187988
18.1133975982666
4.396941661834717
4.7847442626953125
6.148331165313721
4.397666931152344
4.372890949249268
5.076004981994629
8.67837142944336
18.18718147277832
12.994772911071777
4.466940879821777
6.615418434143066
7.939480781555176
20.864225387573242
10.2024564743042
18.011262893676758
5.328004837036133
4.937173366546631
6.9480366706848145
5.068678855895996
25.33139419555664
5.204764366149902
18.129201889038086
5.8185319900512695
5.096122741699219
19.212873458862305
9.713096618652344
4.788881778717041
13.873379707336426
5.773446083068848
4.9304118156433105
5.498419761657715
4.846987724304199
6.541717052459717
23.5279598236084
4.942912578582764
4.772679805755615
10.945115089416504
7.390036582946777
9.087204933166504
6.103613376617432
10.22307014465332
25.03653335571289
6.650339126586914
13.639065742492676
7.257342338562012
5.365610599517822
5.833142280578613
6.532507419586182
5.945115089416504
6.137063980102539
6.959083080291748
5.280790328979492
5.97715425491333
4.613078594207764
5.133973121643066
4.350046634674072
16.41231918334961
9.29765796661377
7.786256313323975
14.81352710723877
4.688908576965332
14.708955764770508
13.608278274536133
51.72993087768555
19.10588264465332
4.954677104949951
10.837380409240723
4.930737495422363
10.611159324645996
5.709519863128662
5.535060405731201
6.0179033279418945
10.877737045288086
4.863034248352051
6.478800296783447
6.165822505950928
6.005056858062744
8.533463478088379
4.328056812286377
4.548201084136963
5.349398136138916
14.344321250915527
5.26974630355835
5.582718849182129
17.380908966064453
4.648940563201904
4.7613091468811035
4.798019886016846
15.476567268371582
15.588423728942871
21.005298614501953
27.180631637573242
5.3761749267578125
17.470232009887695
5.4188079833984375
14.390409469604492
6.3909101486206055
9.7396240234375
7.417006492614746
11.269999504089355
33.201515197753906
6.472628116607666
5.928629398345947
5.539252758026123
11.61298656463623
8.702814102172852
5.218242168426514
16.266986846923828
5.534729957580566
7.341561794281006
18.381113052368164
5.156947135925293
4.728537559509277
4.553905487060547
11.04599380493164
4.77688455581665
23.083768844604492
11.725302696228027
17.005126953125
14.516302108764648
5.248043060302734
4.482285499572754
5.7112274169921875
4.658735752105713
5.826709747314453
5.0911126136779785
13.008756637573242
4.615150451660156
4.661068439483643
4.90768575668335
5.902926921844482
8.2454195022583
18.36248207092285
17.205629348754883
4.26571798324585
24.072772979736328
4.62047004699707
11.1156005859375
13.180803298950195
4.599897384643555
15.555594444274902
19.02873992919922
15.319788932800293
23.189943313598633
6.390042304992676
21.325077056884766
5.923956871032715
8.605267524719238
5.638638019561768
8.885092735290527
11.43993854522705
20.342355728149414
9.294184684753418
6.057826519012451
16.453941345214844
17.962343215942383
5.271865367889404
5.2349042892456055
5.282092571258545
4.755857467651367
5.250762462615967
9.155314445495605
19.409875869750977
12.720641136169434
6.855222702026367
4.7044782638549805
4.972271919250488
4.677845001220703
7.986551761627197
4.946075916290283
4.984263896942139
4.544459342956543
4.675970077514648
10.183815002441406
17.223125457763672
4.602730751037598
4.8465576171875
4.817863464355469
8.154142379760742
4.556798458099365
4.611698150634766
5.919680118560791
4.428384780883789
5.034281253814697
14.277034759521484
5.024877071380615
4.427521228790283
7.626060485839844
7.265322208404541
4.584244251251221
6.0849761962890625
12.139565467834473
4.554610252380371
6.552160739898682
6.475803375244141
4.927408695220947
4.840635776519775
11.534902572631836
10.577225685119629
5.020633697509766
27.03666877746582
5.446295738220215
8.637812614440918
11.597216606140137
4.7665510177612305
13.92961597442627
20.77438735961914
5.534411907196045
5.5419769287109375
5.473150730133057
5.095696449279785
5.347815036773682
11.646979331970215
4.897950649261475
8.600543975830078
26.096538543701172
4.755758762359619
4.950038909912109
11.561866760253906
9.72482681274414
16.85540771484375
4.901979923248291
5.3607635498046875
14.846879005432129
4.814615726470947
4.630486965179443
5.191829681396484
4.296085357666016
23.19455337524414
15.305602073669434
4.665955066680908
4.984365463256836
5.099883556365967
14.99013614654541
4.628967761993408
21.935882568359375
21.643211364746094
4.772800445556641
4.6328020095825195
8.107162475585938
4.264705657958984
15.74708080291748
4.826847076416016
4.909402370452881
25.120887756347656
4.354714870452881
17.338932037353516
4.5810546875
4.418288707733154
5.891932964324951
4.487159729003906
9.383294105529785
11.98321533203125
11.847404479980469
5.554576396942139
4.739387512207031
4.747064590454102
16.44603729248047
4.721097469329834
5.739747524261475
4.853612899780273
9.147284507751465
17.277856826782227
5.694616317749023
5.823232650756836
17.662939071655273
18.894248962402344
5.618001937866211
4.765640735626221
17.02593231201172
5.195463180541992
19.047510147094727
14.00637149810791
7.724009990692139
25.898530960083008
19.29326057434082
4.626518726348877
4.627739906311035
4.765528678894043
33.06435012817383
8.63705825805664
4.661431789398193
4.587985992431641
5.649511337280273
5.056913375854492
8.305432319641113
13.844009399414062
5.0174031257629395
4.38576602935791
5.107394218444824
11.396894454956055
13.653342247009277
10.556180953979492
4.563220024108887
6.205295085906982
5.134069442749023
4.293144226074219
4.952248573303223
4.559977054595947
6.084444046020508
14.755109786987305
4.3736162185668945
4.824853420257568
5.192969799041748
9.220854759216309
4.451942443847656
12.495536804199219
12.889126777648926
5.8415398597717285
5.122138500213623
21.013097763061523
26.144771575927734
6.333662509918213
7.200647354125977
18.989349365234375
4.548482894897461
28.035690307617188
5.514406204223633
23.517330169677734
5.000982761383057
4.904633045196533
33.28275680541992
5.096436977386475
5.162995338439941
7.378710746765137
8.175658226013184
4.544654369354248
22.759563446044922
6.2443437576293945
5.9998555183410645
5.901090621948242
8.864152908325195
13.246190071105957
4.902307987213135
26.776905059814453
5.202929496765137
4.682651042938232
11.459318161010742
4.234743595123291
4.460790157318115
4.617188930511475
16.850311279296875
25.9039306640625
4.7108659744262695
12.41575813293457
6.571719169616699
4.548062801361084
18.533628463745117
4.6547040939331055
5.101210594177246
14.501007080078125
5.235424995422363
14.21019458770752
8.244489669799805
5.347007751464844
24.033279418945312
4.903807163238525
15.712615966796875
4.67924165725708
4.818770408630371
9.747190475463867
4.588716983795166
8.748749732971191
17.89997100830078
6.850783348083496
4.960995197296143
4.923527240753174
4.332057952880859
4.537390232086182
5.039745330810547
8.690567970275879
5.072421073913574
4.988651752471924
4.491323471069336
4.291948318481445
4.261534690856934
4.543613433837891
4.558061599731445
4.9451422691345215
6.202567100524902
4.6974358558654785
4.681586265563965
4.724722385406494
4.779451370239258
17.901447296142578
14.4342679977417
4.899885654449463
10.165534019470215
4.278094291687012
19.53964614868164
17.000349044799805
4.365270137786865
4.970598220825195
11.876602172851562
8.49368953704834
6.859242916107178
4.829648017883301
4.281484127044678
4.3732008934021
6.626840591430664
5.034030914306641
4.951399326324463
4.410294055938721
4.984478950500488
18.177473068237305
16.914331436157227
4.714037895202637
8.542284965515137
4.431045055389404
4.741664409637451
5.281008720397949
4.84787654876709
4.428528785705566
4.780231475830078
10.74067211151123
14.637358665466309
10.76163387298584
5.610172748565674
4.997652053833008
13.919708251953125
8.571128845214844
18.388853073120117
12.803269386291504
4.601296901702881
18.794958114624023
15.950048446655273
8.062085151672363
4.266908168792725
5.420628070831299
4.757074356079102
16.160179138183594
11.237815856933594
16.55015754699707
7.3480658531188965
16.3986873626709
4.688139915466309
4.393045425415039
12.06423568725586
5.324319839477539
4.921195030212402
4.860004901885986
4.795490264892578
11.616374015808105
4.624741077423096
16.34235191345215
9.335466384887695
10.770442008972168
25.15850257873535
5.21882438659668
4.980053424835205
24.190155029296875
5.01900053024292
10.441668510437012
15.338703155517578
21.979530334472656
16.925458908081055
6.3843183517456055
5.055755138397217
4.367401599884033
5.342721939086914
4.567610263824463
16.5133113861084
5.287012100219727
10.192612648010254
10.138175010681152
4.858464241027832
5.0184783935546875
4.89874792098999
27.035219192504883
5.845167636871338
17.815780639648438
14.113947868347168
18.180450439453125
16.838659286499023
16.038719177246094
4.91930627822876
6.737266540527344
12.690454483032227
7.700570106506348
17.729825973510742
5.997385025024414
19.629417419433594
5.5406575202941895
11.768741607666016
5.771918296813965
4.5042266845703125
4.457942485809326
13.979034423828125
4.424708366394043
16.291805267333984
5.004076957702637
7.0047383308410645
4.944700241088867
21.340797424316406
15.080293655395508
4.612723350524902
4.453837871551514
5.8443403244018555
6.786838054656982
6.565097808837891
29.00726318359375
24.586715698242188
4.600210189819336
12.34428596496582
4.3723530769348145
4.8914031982421875
6.389801025390625
4.472884178161621
5.709939002990723
4.870391368865967
4.952906608581543
5.42225456237793
17.774925231933594
15.356327056884766
19.019418716430664
5.025079250335693
4.897727012634277
4.603271484375
31.0122127532959
4.6514363288879395
4.6289567947387695
5.736227035522461
15.603946685791016
16.076250076293945
4.636044979095459
4.542802333831787
16.815340042114258
16.368167877197266
10.0718412399292
11.364980697631836
4.580991744995117
5.947818756103516
4.323829650878906
7.894169330596924
10.71728229522705
5.52972412109375
4.376152515411377
4.78816032409668
5.024735927581787
6.140681743621826
4.199682235717773
15.364832878112793
34.16748809814453
5.417763710021973
7.7779998779296875
28.662630081176758
5.62549352645874
4.77089262008667
7.3047661781311035
4.947201251983643
17.467187881469727
17.373817443847656
19.13982582092285
4.780368804931641
4.952335834503174
4.637486934661865
26.786876678466797
5.057712554931641
6.181064605712891
6.0809831619262695
4.662635803222656
6.41681432723999
15.892290115356445
4.293884754180908
6.201554775238037
5.063787460327148
7.095736503601074
12.355091094970703
18.205678939819336
5.173748970031738
16.821901321411133
25.74380111694336
4.471314430236816
4.602913856506348
15.904790878295898
4.900378704071045
4.7772536277771
16.70380973815918
4.91895055770874
4.669964790344238
10.670180320739746
5.066431999206543
5.982742786407471
4.972136497497559
8.528510093688965
4.873025417327881
4.467523097991943
4.836818695068359
19.324462890625
6.108430862426758
4.854357719421387
6.70959997177124
4.367338180541992
13.255169868469238
22.962556838989258
4.44827127456665
5.79202938079834
