18.83193588256836
19.831459045410156
19.518661499023438
20.214689254760742
20.837194442749023
23.252513885498047
23.605148315429688
25.891185760498047
27.854990005493164
30.26042938232422
29.365385055541992
32.08326721191406
33.126312255859375
34.40580749511719
39.3697624206543
40.5727653503418
42.595760345458984
45.16337203979492
47.13611602783203
48.57322311401367
51.06382751464844
54.825042724609375
55.1894416809082
59.69638442993164
60.010379791259766
63.606685638427734
63.97320556640625
68.75281524658203
72.79375457763672
72.17118835449219
75.45132446289062
79.42398834228516
80.28532409667969
83.8403091430664
79.89851379394531
85.46121215820312
89.36669921875
91.99032592773438
93.99957275390625
92.9360580444336
96.75029754638672
94.01715087890625
96.50981903076172
104.31433868408203
101.73748016357422
107.09647369384766
105.93724822998047
109.00225830078125
106.35734558105469
112.46538543701172
107.19392395019531
113.89727783203125
109.9574203491211
118.69061279296875
111.79293060302734
119.36970520019531
116.9085464477539
119.62882995605469
119.79853820800781
122.62409973144531
122.8106689453125
124.90524291992188
119.67295837402344
124.76824188232422
123.42639923095703
126.27290344238281
121.46273040771484
129.17030334472656
126.09907531738281
130.74708557128906
122.44200134277344
126.97022247314453
128.4197235107422
130.3408660888672
127.87974548339844
131.10321044921875
128.2559051513672
128.89552307128906
126.09335327148438
142.77223205566406
132.00201416015625
122.37854766845703
131.36874389648438
131.24815368652344
131.05128479003906
129.90576171875
139.91514587402344
133.52532958984375
134.5233917236328
122.68408203125
129.74827575683594
130.09295654296875
128.63087463378906
125.26459503173828
131.08079528808594
132.2362060546875
131.85951232910156
137.02476501464844
139.1735076904297
137.62701416015625
137.2437744140625
140.27513122558594
135.85488891601562
135.71311950683594
136.11080932617188
130.67388916015625
135.9617919921875
130.8752899169922
127.82526397705078
135.59559631347656
131.40750122070312
135.6345977783203
129.04879760742188
139.76539611816406
130.7489471435547
131.59315490722656
124.89466857910156
132.09872436523438
132.5432891845703
134.71945190429688
