65.55522918701172
65.82856750488281
68.07653045654297
69.55045318603516
72.42027282714844
76.90563201904297
88.62273406982422
102.70954895019531
115.7838134765625
137.60101318359375
149.181884765625
181.62603759765625
228.0102996826172
262.17059326171875
335.7765197753906
398.7074279785156
486.86529541015625
582.8897094726562
718.2205810546875
841.4149780273438
960.1830444335938
1156.9156494140625
1143.028564453125
1368.0069580078125
1336.771484375
1654.0133056640625
1890.75830078125
2053.440673828125
2100.837646484375
1832.7314453125
1519.0400390625
1312.9400634765625
893.3043212890625
593.7228393554688
444.2283630371094
450.35406494140625
339.5808410644531
276.9664611816406
262.55316162109375
247.50909423828125
352.5082092285156
510.7810363769531
355.9928283691406
375.8045959472656
323.4205627441406
247.5633544921875
210.9542236328125
180.19566345214844
206.18365478515625
154.98138427734375
319.6212463378906
236.52041625976562
206.97988891601562
117.87088012695312
104.71146392822266
352.80731201171875
259.7127380371094
331.93487548828125
221.13604736328125
128.02392578125
237.6656036376953
171.956787109375
159.80865478515625
93.10166931152344
81.45008087158203
43.702674865722656
177.29263305664062
97.91299438476562
83.89295196533203
117.62349700927734
67.30941009521484
59.14421463012695
226.28746032714844
173.5192108154297
65.94811248779297
97.92814636230469
146.44700622558594
79.30387115478516
81.17335510253906
172.79754638671875
93.0417709350586
110.7510757446289
91.32926940917969
77.76718139648438
148.85812377929688
215.7669219970703
146.545166015625
106.27173614501953
31.255020141601562
54.375179290771484
33.89331817626953
368.4927978515625
319.9530334472656
201.53704833984375
313.90704345703125
73.32677459716797
38.04741287231445
39.81839370727539
33.1058349609375
81.5356674194336
37.012325286865234
218.44696044921875
70.82643127441406
197.31727600097656
87.02558135986328
95.57672882080078
59.83719253540039
154.1938018798828
41.377071380615234
210.8551788330078
82.49757385253906
44.12841796875
18.799699783325195
187.05113220214844
42.63559341430664
99.39845275878906
33.5975227355957
59.263118743896484
17.759695053100586
117.70698547363281
