38.814659118652344
39.51596450805664
38.655208587646484
39.3942756652832
39.164432525634766
42.65705490112305
41.866180419921875
44.771427154541016
47.01991271972656
50.25419616699219
48.26931381225586
52.36359405517578
53.84172439575195
55.45362854003906
63.06884765625
64.43588256835938
66.6865463256836
69.96660614013672
72.15203857421875
73.19757843017578
75.95481872558594
80.68765258789062
80.11256408691406
85.76094818115234
85.08814239501953
89.22190856933594
88.8616714477539
94.6173324584961
99.41588592529297
97.5475082397461
101.31021118164062
105.85535430908203
106.07598876953125
110.0158920288086
103.94157409667969
110.43892669677734
115.0122299194336
117.68630981445312
119.37589263916016
117.29741668701172
121.46281433105469
117.2390365600586
119.75086975097656
129.22793579101562
125.16128540039062
131.3341064453125
129.39700317382812
132.6335906982422
128.74586486816406
135.9529571533203
128.86048889160156
136.9014129638672
131.47119140625
142.3178253173828
133.66506958007812
143.17596435546875
140.45249938964844
144.36526489257812
145.40440368652344
150.21278381347656
151.88101196289062
156.43601989746094
151.20556640625
160.8655242919922
161.5177459716797
168.8368682861328
164.39276123046875
180.0767364501953
178.51022338867188
189.8034210205078
177.50555419921875
188.57228088378906
193.67660522460938
198.5810546875
193.33169555664062
199.95042419433594
192.0088653564453
190.42221069335938
179.6766815185547
219.2584991455078
185.61598205566406
166.18458557128906
178.43894958496094
181.06939697265625
178.22694396972656
177.45071411132812
183.38772583007812
177.44546508789062
168.15199279785156
163.793701171875
149.20947265625
164.3011932373047
146.03785705566406
137.9951171875
145.8809051513672
138.4506378173828
135.86407470703125
144.09710693359375
150.3114471435547
176.86184692382812
154.0126953125
137.460693359375
130.97242736816406
127.73311614990234
146.5840606689453
116.2384262084961
122.99807739257812
130.41529846191406
175.1877899169922
115.73726654052734
120.4582748413086
130.35121154785156
115.10356903076172
178.70851135253906
115.05616760253906
99.57134246826172
188.2874755859375
108.8474349975586
106.20259094238281
111.20914459228516
