132.6818389892578
139.5357666015625
132.9857635498047
135.473388671875
133.043212890625
142.08616638183594
133.46987915039062
136.9998779296875
138.0272979736328
140.50270080566406
126.22061157226562
130.8638916015625
128.6288604736328
125.84528350830078
139.68833923339844
134.21827697753906
132.29537963867188
136.05267333984375
131.95082092285156
128.12660217285156
128.037841796875
132.3602294921875
125.16834259033203
132.53366088867188
125.81362915039062
129.1781005859375
122.85619354248047
127.64492797851562
133.70997619628906
123.90936279296875
126.60926055908203
129.05010986328125
125.87484741210938
127.16053771972656
116.41986846923828
120.90874481201172
123.8777847290039
122.42118072509766
122.52840423583984
116.07696533203125
117.38199615478516
110.38955688476562
111.40279388427734
118.58606719970703
111.90933990478516
117.63999938964844
111.85633087158203
112.83129119873047
105.13957214355469
111.85264587402344
102.49143981933594
108.73109436035156
102.02838897705078
109.0776138305664
99.2636489868164
105.06988525390625
99.4501724243164
102.46514892578125
100.37240600585938
100.76050567626953
100.05438995361328
100.82298278808594
94.01612091064453
96.86125183105469
93.69733428955078
95.50455474853516
91.20520782470703
95.9968032836914
90.9163589477539
93.98047637939453
85.54985046386719
89.00772857666016
90.05699920654297
89.18108367919922
86.19146728515625
87.479736328125
84.44013977050781
85.6427993774414
80.50471496582031
93.117919921875
85.87991333007812
79.02665710449219
81.59454345703125
81.98143768310547
81.80919647216797
80.92144775390625
85.93299102783203
80.55352020263672
81.86128234863281
73.8964614868164
77.2706527709961
75.46512603759766
76.09077453613281
74.6473617553711
77.1155014038086
76.52854919433594
77.62523651123047
78.83953857421875
79.1125717163086
78.99982452392578
77.42887115478516
79.94231414794922
76.96015167236328
75.77444458007812
75.92646789550781
74.2516860961914
76.92852783203125
73.47076416015625
69.82919311523438
74.90108489990234
72.9608154296875
75.44810485839844
71.78849029541016
76.85572814941406
72.15530395507812
72.46910858154297
68.52490234375
72.38951873779297
71.88407897949219
74.50568389892578
