128.24368286132812
128.57737731933594
130.70518493652344
144.1577911376953
149.20359802246094
166.052001953125
179.7436065673828
207.89060974121094
214.8475341796875
263.9908447265625
283.6662292480469
338.04071044921875
348.3235778808594
420.29791259765625
465.12420654296875
509.35552978515625
538.4773559570312
612.7540893554688
639.506103515625
692.7520141601562
714.047119140625
751.5999755859375
856.1651000976562
820.2807006835938
886.5499267578125
865.6728515625
886.5076904296875
877.2349243164062
869.9158935546875
850.8419799804688
813.2815551757812
744.73486328125
678.8116455078125
627.705322265625
482.87738037109375
438.78936767578125
344.83880615234375
337.82061767578125
348.1371765136719
314.35906982421875
306.19805908203125
287.2527770996094
366.0047912597656
294.2202453613281
308.38446044921875
226.4644012451172
230.51332092285156
239.78627014160156
211.441162109375
227.95004272460938
207.24191284179688
244.32073974609375
229.95358276367188
186.2543487548828
204.99209594726562
121.89818572998047
196.00624084472656
99.29288482666016
128.3016357421875
97.12434387207031
187.5743865966797
206.97703552246094
76.50989532470703
64.4630126953125
84.19364929199219
31.922710418701172
118.17252349853516
59.81793212890625
93.99340057373047
131.492431640625
163.4053192138672
93.28069305419922
102.91455078125
42.61593246459961
55.15663528442383
66.90364074707031
75.11370086669922
98.25254821777344
19.573904037475586
38.774410247802734
25.297883987426758
36.353206634521484
20.6511287689209
21.30109977722168
30.745861053466797
39.62872314453125
31.512588500976562
87.74134826660156
55.52202224731445
67.85281372070312
50.664794921875
63.42666244506836
36.61042785644531
20.828346252441406
33.525936126708984
41.77849197387695
18.775537490844727
60.57443618774414
17.81303596496582
71.51093292236328
83.62523651123047
31.188297271728516
67.76852416992188
39.08707809448242
39.636722564697266
10.016286849975586
92.64733123779297
52.267547607421875
25.622072219848633
58.537139892578125
10.691095352172852
5.751097202301025
35.096153259277344
29.643186569213867
28.73152732849121
82.02811431884766
35.815799713134766
61.93553161621094
17.055376052856445
204.68650817871094
