76.6895523071289
76.00105285644531
79.64704132080078
83.0385513305664
89.75106048583984
100.25454711914062
122.59285736083984
151.04627990722656
180.82066345214844
227.64244079589844
262.05120849609375
337.4024658203125
447.2481689453125
544.31005859375
725.5896606445312
896.4721069335938
1119.7890625
1342.5098876953125
1634.0491943359375
1822.71923828125
2006.3603515625
2541.550537109375
3029.94482421875
3353.357421875
3078.4599609375
2980.589599609375
2105.2177734375
1351.4898681640625
798.1192626953125
523.5096435546875
662.5436401367188
418.1225280761719
531.1644287109375
547.1044311523438
457.4881591796875
547.125244140625
775.8359375
636.697998046875
417.9521179199219
322.5764465332031
370.790283203125
276.50482177734375
343.0587158203125
108.07460021972656
130.61618041992188
333.76397705078125
389.2215576171875
241.2707061767578
279.25006103515625
401.548095703125
184.14791870117188
199.38751220703125
119.97463989257812
122.24969482421875
62.22574996948242
329.7343444824219
154.08740234375
154.48895263671875
267.0107727050781
437.7085876464844
422.34326171875
179.87466430664062
130.87460327148438
341.5109558105469
164.13807678222656
90.34708404541016
69.94613647460938
252.73184204101562
437.93450927734375
215.60580444335938
162.30709838867188
186.2032470703125
67.12605285644531
138.24252319335938
241.201904296875
243.92184448242188
179.31216430664062
156.1925506591797
230.66709899902344
94.81208038330078
619.09912109375
497.367919921875
371.4015808105469
368.07891845703125
153.560302734375
116.49076843261719
85.38505554199219
42.54100036621094
42.08483123779297
64.4146728515625
190.00315856933594
528.96875
452.5538330078125
196.26296997070312
318.8126525878906
197.52626037597656
246.6383514404297
175.36752319335938
108.806396484375
41.39791488647461
183.0478973388672
97.01793670654297
226.2971954345703
48.98541259765625
161.31817626953125
67.61558532714844
160.8032989501953
200.23162841796875
108.12096405029297
121.2037353515625
138.48399353027344
320.13848876953125
269.0548095703125
42.76631164550781
283.17547607421875
85.69905090332031
117.33026885986328
34.40999221801758
29.198291778564453
120.27847290039062
