136.20948791503906
130.29803466796875
137.2229461669922
137.28759765625
133.2384796142578
129.5702362060547
136.53102111816406
132.1485137939453
135.90121459960938
130.77484130859375
127.08244323730469
125.8046875
126.24942779541016
118.12783813476562
114.76217651367188
113.01367950439453
98.16938781738281
102.79170227050781
89.7826919555664
86.75439453125
79.32879638671875
71.61321258544922
59.85865783691406
48.056785583496094
40.049076080322266
30.28786849975586
27.82275390625
29.916345596313477
27.765674591064453
33.16114044189453
17.579364776611328
22.247695922851562
16.277315139770508
20.848499298095703
10.86391544342041
19.19976043701172
13.099469184875488
20.697261810302734
19.36615753173828
13.168346405029297
18.537450790405273
21.34609031677246
15.657363891601562
18.82912826538086
18.93305206298828
17.000818252563477
15.401611328125
13.3580961227417
11.421453475952148
13.520034790039062
12.6520414352417
15.21213150024414
13.951403617858887
12.709768295288086
12.100851058959961
17.627647399902344
18.61088752746582
15.27735424041748
20.204715728759766
13.822236061096191
15.80491828918457
11.959492683410645
11.92536735534668
11.206085205078125
15.16404914855957
15.882539749145508
16.58756446838379
12.721893310546875
15.12729549407959
12.175819396972656
9.918609619140625
16.38644027709961
14.082422256469727
15.021212577819824
15.238673210144043
14.155799865722656
14.078351020812988
11.292081832885742
9.706520080566406
19.63494300842285
11.981212615966797
15.011500358581543
16.84943389892578
11.610456466674805
13.641922950744629
11.730962753295898
14.797475814819336
11.106805801391602
15.309491157531738
15.678054809570312
10.999577522277832
17.7451114654541
18.1954402923584
13.505596160888672
12.700191497802734
11.600543975830078
14.950393676757812
13.29408073425293
12.515368461608887
12.739882469177246
14.361618041992188
14.115829467773438
20.952600479125977
16.432649612426758
10.809698104858398
15.814312934875488
11.581013679504395
12.620185852050781
15.419774055480957
13.200862884521484
9.82384967803955
9.60660171508789
13.587538719177246
13.01054859161377
9.839859008789062
9.576211929321289
13.04925537109375
20.57823371887207
19.35934066772461
11.400222778320312
