344.4440002441406
368.4798889160156
361.7084655761719
394.2388916015625
392.5046691894531
465.93292236328125
507.06097412109375
573.459716796875
670.1008911132812
756.5303344726562
802.4395751953125
991.7901000976562
1056.2720947265625
1166.689697265625
1513.74951171875
1483.91357421875
1467.1484375
1498.2449951171875
1604.5985107421875
2230.587158203125
2684.0341796875
2528.167724609375
2374.738525390625
1578.642333984375
922.6599731445312
357.3223571777344
382.3309326171875
645.5358276367188
768.61376953125
665.548583984375
643.4608764648438
568.2781372070312
320.1112976074219
222.9614715576172
664.8978271484375
594.6762084960938
488.27703857421875
295.8935852050781
195.60250854492188
191.3354949951172
268.9579162597656
154.3600311279297
123.7403564453125
181.84422302246094
220.41839599609375
151.28370666503906
240.64849853515625
143.43820190429688
108.89253997802734
189.14503479003906
76.70772552490234
166.90492248535156
129.7257537841797
117.35184478759766
223.62704467773438
207.7879638671875
243.8649444580078
71.75592041015625
153.10264587402344
199.4540252685547
171.69317626953125
126.20028686523438
166.80555725097656
123.69877624511719
178.60838317871094
51.83483123779297
146.05807495117188
111.23583221435547
62.25087356567383
196.45396423339844
126.21218872070312
75.91383361816406
62.64902114868164
63.71979904174805
166.18533325195312
95.8118667602539
88.13496398925781
49.12826156616211
59.78962326049805
342.5617980957031
144.24044799804688
167.82135009765625
75.22225189208984
53.65882873535156
46.074703216552734
62.2370719909668
180.4978790283203
62.8488883972168
53.83573913574219
166.31439208984375
53.385902404785156
46.51975631713867
18.132930755615234
30.817779541015625
94.95478820800781
99.9765625
118.85005187988281
102.86675262451172
149.7440185546875
55.71381378173828
80.20226287841797
39.38185501098633
150.2095947265625
167.36990356445312
195.58995056152344
182.2688446044922
121.99039459228516
103.6414794921875
102.36723327636719
80.39259338378906
32.781368255615234
169.44894409179688
41.300025939941406
189.1033935546875
73.96958923339844
78.80148315429688
18.09192657470703
26.385602951049805
25.034700393676758
68.02039337158203
