142.2581787109375
113.3659896850586
152.7209014892578
137.0795135498047
145.84385681152344
150.7415313720703
133.213134765625
101.39364624023438
136.9705352783203
152.708984375
145.71438598632812
137.08541870117188
134.77748107910156
122.00032043457031
106.82144165039062
140.7284393310547
113.82730865478516
114.89425659179688
113.4204330444336
151.6439666748047
156.90277099609375
119.78776550292969
109.31004333496094
139.17279052734375
147.75537109375
121.1439437866211
148.38511657714844
146.9229278564453
148.86685180664062
148.1807098388672
127.95822143554688
145.48837280273438
101.20604705810547
143.63967895507812
137.85597229003906
148.36993408203125
134.2952117919922
151.13623046875
147.28187561035156
152.16688537597656
144.15257263183594
142.0242919921875
149.37330627441406
128.3268585205078
136.71170043945312
150.04623413085938
110.99989318847656
128.81781005859375
120.28124237060547
121.5418701171875
146.49388122558594
107.4090576171875
146.94032287597656
132.5427703857422
102.54890441894531
141.36282348632812
129.56082153320312
135.629638671875
134.10733032226562
112.62409973144531
135.91041564941406
144.85369873046875
138.02667236328125
142.7578887939453
152.3114776611328
150.02723693847656
137.90548706054688
135.63587951660156
86.79859924316406
140.21707153320312
110.22528839111328
149.7479248046875
136.12925720214844
126.67864990234375
108.42353057861328
141.9272918701172
99.32466888427734
142.27577209472656
109.13043212890625
130.63504028320312
146.0797576904297
108.78936004638672
124.28092956542969
140.47813415527344
146.04408264160156
105.31832885742188
143.63706970214844
146.5864715576172
107.96261596679688
109.13861083984375
145.08023071289062
131.85096740722656
142.19149780273438
102.57936096191406
138.0128631591797
119.74578094482422
132.59317016601562
92.1466293334961
132.5366668701172
66.48004150390625
132.07183837890625
81.9852523803711
127.26262664794922
118.03587341308594
123.9828872680664
140.22744750976562
129.8408966064453
108.51283264160156
142.94833374023438
125.56348419189453
126.26536560058594
118.30549621582031
139.39389038085938
125.96072387695312
135.61729431152344
134.94998168945312
102.49906158447266
128.43650817871094
127.4939193725586
117.26543426513672
126.21737670898438
122.39666748046875
125.59978485107422
93.7887954711914
122.8703842163086
101.37654876708984
116.41557312011719
99.59111785888672
119.90870666503906
85.3860092163086
114.06473541259766
119.2801513671875
123.1545639038086
59.8100700378418
119.0579605102539
82.91358947753906
82.19975280761719
95.47183227539062
119.1746597290039
76.74227905273438
102.34783172607422
113.7714614868164
104.94538879394531
65.18881225585938
75.10607147216797
97.19245910644531
103.90599060058594
95.37820434570312
73.79847717285156
100.93621826171875
95.77101135253906
100.02542877197266
103.1787338256836
100.84127807617188
80.71435546875
86.83980560302734
89.541015625
84.92460632324219
86.34085845947266
78.03562927246094
80.57672119140625
91.34258270263672
73.0322265625
57.287418365478516
84.97881317138672
90.67398071289062
64.42256927490234
84.72856140136719
87.72203063964844
64.35935974121094
53.293766021728516
68.6202392578125
66.86485290527344
72.78216552734375
57.602230072021484
74.63021087646484
64.27169799804688
64.93528747558594
59.88902282714844
68.33080291748047
70.66256713867188
49.50852966308594
57.97767639160156
53.38346481323242
44.46623992919922
62.604740142822266
61.40152359008789
55.95061111450195
46.16090393066406
45.24795150756836
49.01654052734375
48.54910659790039
47.43693923950195
45.920692443847656
46.08406448364258
35.52555847167969
49.508480072021484
30.47904396057129
34.911659240722656
35.07859802246094
33.46234130859375
23.409770965576172
34.29329299926758
32.407997131347656
36.35181427001953
31.778644561767578
33.81239318847656
34.385597229003906
34.891117095947266
32.30753707885742
50.831016540527344
31.01988983154297
33.870121002197266
23.88187026977539
19.524221420288086
35.65790939331055
29.741498947143555
36.181671142578125
29.555187225341797
29.030643463134766
26.124635696411133
34.80938720703125
25.984691619873047
36.374656677246094
26.19654655456543
32.0933837890625
25.991836547851562
25.123899459838867
24.832361221313477
26.97062110900879
25.68168067932129
24.140546798706055
24.772584915161133
28.231176376342773
26.167333602905273
26.438507080078125
21.80694580078125
26.061708450317383
25.20899200439453
33.850791931152344
31.043132781982422
28.45581817626953
23.233081817626953
22.10214614868164
23.26752281188965
27.5137996673584
29.04649543762207
22.55660629272461
24.861408233642578
43.83633804321289
37.57342529296875
22.57050895690918
38.06373977661133
23.45819854736328
34.607418060302734
21.970884323120117
22.341537475585938
22.924348831176758
24.25762176513672
21.577701568603516
45.811702728271484
20.759685516357422
22.52484893798828
32.179256439208984
33.46934509277344
26.079158782958984
21.066059112548828
22.599855422973633
20.602069854736328
34.568058013916016
28.60687828063965
21.38145637512207
25.982820510864258
40.535770416259766
20.65825080871582
21.324371337890625
31.982206344604492
19.023317337036133
18.98496437072754
19.262866973876953
20.35072135925293
20.5299072265625
19.007007598876953
23.165462493896484
17.207300186157227
17.64521598815918
18.65989875793457
19.667341232299805
17.775270462036133
16.45517921447754
18.187654495239258
15.461692810058594
16.056110382080078
16.43464469909668
28.235233306884766
34.07328414916992
15.034001350402832
21.040346145629883
14.864810943603516
14.625335693359375
15.342977523803711
19.537534713745117
13.928808212280273
15.025308609008789
19.318944931030273
40.01752471923828
13.837981224060059
12.544960021972656
13.410226821899414
20.30016326904297
42.74924850463867
15.37397575378418
12.873563766479492
11.289833068847656
13.191473007202148
11.057141304016113
12.6685152053833
14.927995681762695
15.591018676757812
14.182713508605957
12.645208358764648
16.794570922851562
11.260136604309082
10.562268257141113
18.221281051635742
11.813458442687988
11.860236167907715
17.012073516845703
16.513368606567383
13.683690071105957
9.641539573669434
24.7998046875
11.448049545288086
28.810483932495117
46.44127655029297
14.847333908081055
11.268197059631348
10.397741317749023
9.41137409210205
19.44327735900879
9.49136734008789
12.843045234680176
88.84947204589844
16.19906234741211
11.394184112548828
20.538043975830078
10.300995826721191
15.65194320678711
40.813629150390625
10.335803985595703
8.71036148071289
8.034711837768555
9.467035293579102
20.357423782348633
10.007516860961914
9.265628814697266
8.357817649841309
12.553526878356934
7.8400092124938965
8.406645774841309
9.448084831237793
7.706203460693359
26.1398983001709
9.913956642150879
14.067158699035645
8.58665943145752
7.712595462799072
38.2550163269043
16.423995971679688
9.518153190612793
7.536678791046143
22.204660415649414
8.711746215820312
15.633883476257324
12.419456481933594
6.912572383880615
8.31186580657959
14.483678817749023
41.46818923950195
17.2774658203125
7.441134929656982
20.62140464782715
7.9696197509765625
10.546316146850586
11.725686073303223
9.020371437072754
30.47332191467285
26.68817138671875
24.84001922607422
22.48313331604004
13.694963455200195
20.763633728027344
13.781764030456543
9.411702156066895
11.259729385375977
8.555113792419434
7.008901119232178
8.055048942565918
7.374368667602539
33.378753662109375
9.331687927246094
8.463150024414062
7.310626029968262
8.002595901489258
7.078869819641113
7.347926139831543
6.69614315032959
11.775822639465332
6.6888861656188965
6.706360816955566
12.69214153289795
16.55791473388672
29.707345962524414
6.463136672973633
23.39202117919922
17.834104537963867
45.45150375366211
13.12180233001709
8.697117805480957
7.761386394500732
7.013281345367432
6.295542240142822
6.7980217933654785
27.125255584716797
18.000394821166992
19.161226272583008
7.302534103393555
7.680844306945801
7.54370641708374
5.963520526885986
6.132397174835205
7.486992359161377
35.64078140258789
19.113494873046875
8.994771957397461
6.049868583679199
15.644906044006348
5.988972187042236
13.034565925598145
10.394865036010742
5.813971519470215
26.997737884521484
20.199752807617188
6.816446781158447
30.252485275268555
20.243772506713867
5.610126495361328
17.197885513305664
7.846908092498779
9.934501647949219
7.088418483734131
18.15622329711914
37.0654296875
8.839879989624023
21.91271209716797
7.360446929931641
5.3873701095581055
17.22903823852539
15.694169044494629
13.563990592956543
6.493175029754639
5.853104114532471
6.492136478424072
6.3029890060424805
6.119678020477295
6.322964191436768
5.380446910858154
6.50574254989624
6.157920837402344
7.315957546234131
7.206162929534912
10.291360855102539
47.19346618652344
27.31047821044922
22.55063247680664
9.926569938659668
5.447110176086426
5.949828147888184
7.0975542068481445
5.206727027893066
5.736040115356445
5.782333850860596
5.645745277404785
20.915325164794922
10.405306816101074
22.936349868774414
5.40897274017334
11.787096977233887
11.34157657623291
6.648808002471924
5.369779586791992
29.14569854736328
10.054459571838379
27.284406661987305
13.000256538391113
5.638888359069824
26.395050048828125
35.39694595336914
16.81561279296875
13.576233863830566
9.539728164672852
5.202793598175049
7.260836601257324
5.314746379852295
24.11041259765625
23.64066505432129
11.436351776123047
38.449790954589844
22.145429611206055
22.907888412475586
6.325284957885742
4.725709915161133
39.3818244934082
18.1230411529541
6.658648490905762
5.661516189575195
9.015872955322266
16.483997344970703
6.228117942810059
27.08301544189453
6.800522327423096
5.816196441650391
13.247281074523926
8.088399887084961
35.50391387939453
6.74908447265625
5.933670520782471
41.6412239074707
15.610099792480469
14.362950325012207
33.30756759643555
7.329265594482422
6.2068305015563965
10.530533790588379
12.068944931030273
5.567295074462891
6.095400333404541
8.52238941192627
28.881650924682617
5.098058700561523
7.98707914352417
6.6073150634765625
7.324214935302734
6.880141735076904
7.897982120513916
9.798138618469238
5.238497257232666
8.727264404296875
5.8868327140808105
7.188262939453125
5.436568737030029
13.176471710205078
20.163734436035156
13.535120964050293
5.9030914306640625
25.587533950805664
5.340540885925293
11.027487754821777
20.635562896728516
5.537532329559326
10.494841575622559
17.33777618408203
6.650891304016113
5.363882064819336
8.802237510681152
5.251543998718262
5.761703968048096
34.257225036621094
12.615073204040527
5.514628887176514
25.043594360351562
20.435705184936523
5.192924976348877
10.886435508728027
6.347375392913818
13.10215950012207
5.691166400909424
5.636287689208984
4.876001834869385
5.892711639404297
7.874212265014648
62.29424285888672
30.565902709960938
15.635218620300293
6.027023792266846
5.830062389373779
5.430444717407227
5.462791919708252
6.877584457397461
11.848368644714355
8.83647632598877
5.125066757202148
18.04024887084961
5.09811544418335
5.282386302947998
11.841974258422852
5.766046524047852
5.6747965812683105
22.104719161987305
4.945790767669678
10.652425765991211
21.33091926574707
27.079545974731445
5.073912620544434
19.95929718017578
25.93144989013672
6.227947235107422
6.321988105773926
5.149192810058594
5.245921611785889
7.565762996673584
9.2056884765625
5.553313255310059
4.787750720977783
24.635122299194336
4.59225606918335
5.820867538452148
5.809741497039795
14.164588928222656
7.728569984436035
33.5945930480957
12.709668159484863
11.083436965942383
10.566384315490723
7.194362163543701
6.787158012390137
6.357101917266846
6.581356048583984
5.4729413986206055
5.085461616516113
5.105129241943359
5.572463512420654
7.046200752258301
5.1192708015441895
6.899521350860596
18.089689254760742
7.192607402801514
13.14633846282959
12.095060348510742
5.015929698944092
5.081907749176025
5.64016056060791
16.47828483581543
17.635347366333008
6.124823570251465
5.135244846343994
6.671569347381592
30.88848114013672
13.555713653564453
5.04732608795166
39.562583923339844
6.388510227203369
5.707059383392334
15.09317398071289
6.6267924308776855
7.044067859649658
14.316384315490723
7.60634708404541
5.581262111663818
6.522007465362549
8.682217597961426
19.833757400512695
4.895668983459473
16.302894592285156
5.969666957855225
4.947826385498047
6.516447067260742
6.1585774421691895
6.1647562980651855
10.796170234680176
7.007910251617432
10.673583984375
8.821612358093262
4.927055835723877
5.123890399932861
13.979218482971191
5.4290032386779785
6.002449035644531
5.2034525871276855
5.0998406410217285
28.143102645874023
4.982995986938477
4.689695358276367
5.8908891677856445
18.77093505859375
18.126327514648438
5.349583148956299
24.775938034057617
43.5498046875
35.14752197265625
5.157910346984863
21.431873321533203
6.750226020812988
8.716809272766113
8.055782318115234
17.407806396484375
8.160101890563965
10.014739990234375
6.010544776916504
27.932945251464844
7.898830890655518
4.976678848266602
5.490975379943848
5.759079456329346
36.867462158203125
6.9820051193237305
13.091846466064453
25.151508331298828
5.0933427810668945
4.9235734939575195
6.322152137756348
5.288135528564453
18.91329574584961
9.60543441772461
5.112068176269531
14.818380355834961
5.029853343963623
11.41612720489502
5.606147766113281
4.716217041015625
5.439021587371826
7.1617608070373535
7.582240581512451
5.6037821769714355
5.917398929595947
4.715244770050049
7.080079078674316
20.481111526489258
4.510618686676025
5.253950119018555
16.729270935058594
4.691652297973633
7.116003036499023
4.7934770584106445
4.681459426879883
35.097904205322266
32.451602935791016
5.026527404785156
4.635340213775635
18.76313018798828
12.52180290222168
5.052860736846924
6.9645676612854
4.6861252784729
7.262298107147217
7.23075532913208
4.977530479431152
5.431930065155029
4.180392742156982
5.044513702392578
7.673827171325684
19.473718643188477
5.91172981262207
6.453896522521973
13.399541854858398
4.980779647827148
33.435001373291016
5.181079387664795
4.626855373382568
7.989261150360107
5.274721145629883
5.134845733642578
10.065199851989746
5.732733726501465
13.144225120544434
5.559131145477295
5.491209983825684
6.309374809265137
5.330339431762695
9.542159080505371
4.761153221130371
5.6820902824401855
18.382360458374023
34.83502197265625
18.23415756225586
5.139282703399658
13.376911163330078
9.211360931396484
5.202587127685547
12.410634994506836
15.15102767944336
16.554916381835938
5.2662811279296875
32.68871307373047
4.987588882446289
4.895860195159912
5.557806015014648
9.483780860900879
5.357551574707031
12.04863166809082
16.351537704467773
4.6062235832214355
9.165749549865723
4.767674446105957
4.538698196411133
5.750215530395508
5.645959377288818
29.002826690673828
4.76439094543457
8.164475440979004
4.741428852081299
5.108081340789795
16.300249099731445
13.035782814025879
35.5794563293457
6.370577812194824
15.806973457336426
5.240596771240234
11.18927001953125
5.158423900604248
7.248164176940918
11.449018478393555
8.893472671508789
23.05475425720215
11.277812004089355
13.229635238647461
27.042295455932617
24.923643112182617
37.208465576171875
6.610768795013428
11.386496543884277
4.7256317138671875
6.283350467681885
5.329896450042725
11.804744720458984
15.070759773254395
6.313053607940674
5.1595635414123535
5.167023658752441
6.450176239013672
38.192298889160156
42.59922790527344
5.181461811065674
4.770712852478027
7.295256614685059
5.500193119049072
5.2766618728637695
27.592716217041016
6.54303503036499
5.4863481521606445
32.68759536743164
29.805675506591797
6.453597545623779
5.870641708374023
5.073770999908447
4.632370471954346
5.833918571472168
4.981962203979492
10.057860374450684
7.25261116027832
6.7382025718688965
12.359904289245605
11.382923126220703
4.918118000030518
5.206121444702148
7.534897327423096
4.623040676116943
6.0024518966674805
4.883378028869629
5.999563694000244
5.383033752441406
5.81094217300415
4.854056358337402
10.76384162902832
8.144035339355469
8.453618049621582
14.803277969360352
11.189513206481934
9.393869400024414
57.11113739013672
7.469488620758057
5.700541973114014
23.263710021972656
5.1512675285339355
5.534167289733887
4.878336429595947
4.6012864112854
4.914456367492676
5.657166957855225
13.760890007019043
29.611448287963867
4.285409927368164
6.182926177978516
4.863820552825928
7.528340816497803
18.306394577026367
6.7721452713012695
7.558516979217529
5.951137542724609
7.3419389724731445
5.103054523468018
5.234743595123291
31.573841094970703
23.40890121459961
12.063936233520508
10.953401565551758
5.843927383422852
12.883147239685059
27.842201232910156
9.685449600219727
4.7355570793151855
36.00989532470703
5.855447292327881
5.805782318115234
6.3592376708984375
27.05435562133789
6.444411277770996
5.536129951477051
5.444414138793945
4.350832462310791
6.6805620193481445
30.698837280273438
4.456512451171875
12.006912231445312
30.244014739990234
4.972377300262451
4.652321815490723
18.475801467895508
5.95658540725708
5.385921001434326
5.099709987640381
16.889482498168945
14.865546226501465
4.811097621917725
4.463730812072754
5.423830986022949
9.408337593078613
5.203695774078369
4.745181083679199
4.896571636199951
5.237308979034424
9.450948715209961
4.8139872550964355
4.52988862991333
5.273797988891602
6.1870317459106445
4.820021629333496
25.27060890197754
9.676815032958984
24.727983474731445
5.229514122009277
14.134973526000977
6.173250675201416
30.219085693359375
28.358034133911133
8.11609935760498
17.100881576538086
10.825210571289062
4.534370422363281
6.171220779418945
5.083352565765381
31.730010986328125
5.351474285125732
16.53274917602539
16.994522094726562
7.95081901550293
13.341496467590332
5.518360614776611
8.872810363769531
7.259624004364014
5.033570289611816
12.693485260009766
21.037750244140625
5.210925579071045
9.021047592163086
7.534120559692383
5.239504337310791
5.278109073638916
9.406800270080566
14.339869499206543
4.651745796203613
5.0602335929870605
4.897989749908447
11.926739692687988
4.901666164398193
51.94938278198242
4.881574630737305
4.955749034881592
4.309758186340332
4.828480243682861
4.68214750289917
19.977462768554688
5.063362121582031
10.670442581176758
5.358762264251709
20.141895294189453
20.12409210205078
6.069332599639893
10.728302955627441
26.892539978027344
15.85499382019043
29.64474868774414
7.455955982208252
5.846517562866211
6.238791465759277
11.69224739074707
6.668661594390869
7.619687080383301
6.20652437210083
23.941570281982422
5.419353008270264
15.058693885803223
12.175973892211914
9.764659881591797
11.480682373046875
5.007841110229492
4.6285400390625
5.229349136352539
5.350115776062012
4.703789234161377
4.522402286529541
10.423916816711426
4.752272605895996
55.286136627197266
5.064150810241699
9.868844032287598
40.04852294921875
8.605653762817383
5.2516913414001465
7.396556854248047
4.55747652053833
6.640267848968506
8.95452880859375
6.7091288566589355
5.064743518829346
9.551350593566895
6.396378993988037
23.1549072265625
4.769023895263672
22.83853530883789
53.5944938659668
6.502911567687988
4.980165481567383
5.107652187347412
29.19329833984375
8.316539764404297
12.60315227508545
36.81016159057617
4.871120929718018
11.158295631408691
20.556476593017578
5.544093132019043
4.93956184387207
6.003201961517334
6.398816108703613
4.831427097320557
4.7445969581604
5.4658050537109375
5.0424113273620605
6.606170654296875
5.4813971519470215
30.44654655456543
7.4474711418151855
7.985954761505127
5.636621475219727
5.651501655578613
9.78834342956543
6.062033176422119
5.027191162109375
4.742872714996338
7.294745922088623
4.570486545562744
4.9696502685546875
21.16091537475586
4.718011379241943
4.936555862426758
14.900803565979004
50.67870330810547
5.046890735626221
20.36211585998535
5.751458644866943
48.670780181884766
9.122337341308594
5.9336771965026855
7.074894428253174
4.579845905303955
7.840136528015137
5.3098978996276855
23.181482315063477
12.573039054870605
7.388352870941162
5.807450294494629
6.580360412597656
12.14819049835205
5.6068902015686035
5.227538585662842
5.654659748077393
8.313222885131836
4.500050067901611
5.600133895874023
9.624561309814453
4.242664337158203
4.523019790649414
6.44387674331665
4.751009941101074
6.885452747344971
4.782797336578369
24.167724609375
4.461397647857666
33.058868408203125
4.421797275543213
7.258347988128662
5.238190650939941
4.356794357299805
14.29719352722168
9.753401756286621
8.728620529174805
5.901665210723877
4.625646591186523
29.082616806030273
5.1261396408081055
8.712661743164062
5.144573211669922
4.59096097946167
4.6545023918151855
10.692192077636719
25.194320678710938
23.83551597595215
5.672847747802734
4.301907062530518
5.1978068351745605
12.951684951782227
6.195072174072266
15.487653732299805
29.165708541870117
5.48077392578125
4.994477272033691
16.728376388549805
6.4837422370910645
6.9058308601379395
23.108680725097656
30.19921112060547
4.885973930358887
5.063159465789795
5.9558939933776855
7.746095180511475
11.69826889038086
5.7148637771606445
5.56015157699585
4.8816962242126465
5.86816930770874
11.892334938049316
4.789852619171143
6.2720866203308105
7.40747594833374
5.218625068664551
6.581784725189209
8.116049766540527
8.057084083557129
15.442829132080078
5.201186656951904
6.46447229385376
46.238502502441406
4.913802623748779
22.85317611694336
33.897926330566406
5.023556709289551
5.2533345222473145
8.774395942687988
4.70369291305542
5.533815860748291
7.430460453033447
5.63108491897583
4.7293877601623535
4.5756683349609375
4.640093803405762
7.811874866485596
8.748893737792969
7.26781702041626
5.163666725158691
7.157736778259277
17.626131057739258
4.333581924438477
5.084652900695801
5.032505035400391
7.891340732574463
8.259261131286621
5.793314456939697
5.6128153800964355
7.297732830047607
38.24098587036133
15.862884521484375
5.2331976890563965
4.809038162231445
19.078691482543945
4.913763999938965
5.0428786277771
21.3502140045166
27.846372604370117
5.241340160369873
5.0226898193359375
7.424363613128662
6.755344390869141
28.890033721923828
5.417788028717041
6.464015960693359
7.935518264770508
4.399584770202637
4.318779468536377
5.3509202003479
7.438215255737305
4.904913425445557
4.898818016052246
4.446631908416748
5.441032886505127
4.713351726531982
40.35417938232422
5.412747859954834
4.814694881439209
57.540523529052734
10.061603546142578
6.764817714691162
5.265698432922363
20.240100860595703
5.191416263580322
4.867496490478516
5.283904552459717
4.397409915924072
5.463491916656494
4.743151664733887
8.535599708557129
12.786033630371094
7.7180891036987305
5.345124244689941
7.7104172706604
4.866052150726318
4.587766170501709
5.087390422821045
31.463035583496094
5.9807024002075195
6.298405170440674
22.89051628112793
25.688657760620117
8.582030296325684
21.194883346557617
4.611830234527588
7.024634838104248
5.0818190574646
33.21383285522461
8.944527626037598
16.021520614624023
6.466309070587158
18.944578170776367
12.97447681427002
6.133206367492676
35.47801971435547
5.674503803253174
8.19253158569336
28.950786590576172
19.15167236328125
7.135266304016113
8.24803638458252
7.626384258270264
7.465824127197266
5.390567779541016
5.629611968994141
6.6317572593688965
4.822494029998779
5.643048286437988
18.251161575317383
5.011014938354492
5.9857258796691895
7.09262752532959
4.658112049102783
10.04121208190918
4.62386417388916
5.416201591491699
22.20067596435547
7.66660737991333
8.592904090881348
6.63081693649292
5.212734222412109
8.094216346740723
22.06507682800293
9.423490524291992
23.008769989013672
5.1346116065979
22.10003662109375
41.0996208190918
6.266591548919678
4.795042514801025
5.316157817840576
7.5222487449646
6.277423858642578
7.280396461486816
5.171940326690674
6.3805718421936035
5.26197624206543
6.513599395751953
25.39081573486328
6.13585090637207
11.951706886291504
8.811264991760254
5.094810962677002
6.863072395324707
8.075348854064941
27.539630889892578
4.567172527313232
28.460695266723633
4.888359546661377
8.782670974731445
5.0978827476501465
28.184022903442383
6.113559246063232
5.999032974243164
19.945911407470703
14.980855941772461
34.60181427001953
5.118422031402588
6.096088886260986
5.750283241271973
4.639153003692627
5.436208724975586
46.32520294189453
4.388918399810791
26.963212966918945
29.93458366394043
7.918821334838867
6.995015621185303
6.201412200927734
5.292909622192383
5.5282697677612305
5.032758712768555
4.849445343017578
5.775876998901367
7.3806657791137695
5.051710605621338
6.825477600097656
16.080745697021484
28.260683059692383
7.7866034507751465
9.269530296325684
29.232030868530273
4.686273574829102
6.569687843322754
8.186540603637695
5.951205730438232
5.056567668914795
4.153595447540283
9.667641639709473
4.153230667114258
5.014774322509766
4.517624378204346
5.399336814880371
9.890913009643555
5.967955589294434
9.861259460449219
4.936741828918457
20.76104164123535
4.889293193817139
21.965429306030273
32.58001708984375
5.145521640777588
4.878243446350098
6.693026065826416
4.994011402130127
5.752230644226074
10.900331497192383
4.713239669799805
7.9098992347717285
4.5974507331848145
5.286044120788574
12.585028648376465
23.144426345825195
8.608206748962402
16.379638671875
7.532334327697754
5.105790138244629
5.257594108581543
7.917341232299805
4.8162736892700195
8.731005668640137
5.271842956542969
4.900718688964844
4.506455421447754
6.526812553405762
12.297589302062988
5.221254348754883
17.491687774658203
8.094075202941895
5.560866832733154
5.042509078979492
40.96399688720703
4.80999231338501
5.7690629959106445
14.368487358093262
4.916417121887207
4.817237854003906
19.419044494628906
38.7518196105957
6.911236763000488
12.605011940002441
6.313783645629883
4.976609706878662
44.785335540771484
9.269939422607422
5.065697193145752
12.308076858520508
5.023133277893066
4.512839317321777
4.749260902404785
32.0027961730957
5.41891622543335
14.423608779907227
8.245878219604492
5.490440845489502
10.282395362854004
5.624221324920654
4.7940874099731445
6.959303379058838
5.6065592765808105
30.964797973632812
32.208984375
6.740931034088135
4.61878776550293
4.618800640106201
6.9324870109558105
5.113343715667725
4.550266265869141
4.56610107421875
36.12074661254883
4.359875679016113
5.414303302764893
17.7974910736084
5.81945276260376
6.411426544189453
6.152435779571533
4.516138076782227
4.8042378425598145
29.29920196533203
6.124558925628662
5.398403644561768
35.965389251708984
9.526127815246582
4.509829044342041
8.743571281433105
5.065708160400391
4.363502025604248
5.766424179077148
6.585216522216797
22.294715881347656
27.796531677246094
4.434317588806152
35.51956558227539
4.860263824462891
7.8201093673706055
5.441286087036133
15.187179565429688
9.93042278289795
4.901747226715088
23.09688377380371
5.46690034866333
17.403932571411133
4.758311748504639
8.227511405944824
4.93821382522583
34.47541809082031
4.5371198654174805
5.2575836181640625
6.5770111083984375
8.561100006103516
5.592451095581055
5.576695442199707
7.341253757476807
4.47457218170166
4.840790271759033
4.231578826904297
9.815521240234375
5.161755084991455
4.910149574279785
9.730085372924805
6.5210041999816895
5.928676128387451
5.609116554260254
13.105194091796875
11.794361114501953
6.405880451202393
5.048091411590576
4.771385192871094
24.986162185668945
18.440292358398438
32.510887145996094
34.970184326171875
4.555058479309082
24.612775802612305
4.816042423248291
5.052259922027588
10.395864486694336
19.510120391845703
7.5979838371276855
5.644145488739014
4.88908576965332
4.921151161193848
10.710803985595703
25.990978240966797
4.997693061828613
4.940690517425537
5.025303840637207
5.427910804748535
4.863687515258789
7.826132774353027
5.3388190269470215
19.530508041381836
4.3132829666137695
27.190185546875
4.50267219543457
4.550909996032715
6.582677841186523
4.975058555603027
39.222110748291016
8.090008735656738
5.967829704284668
20.162317276000977
5.294814109802246
8.298807144165039
6.987295627593994
13.854345321655273
10.049605369567871
5.824970722198486
5.778092861175537
4.9047017097473145
5.467808246612549
6.058432102203369
5.308341026306152
25.52829360961914
5.877145290374756
5.043626308441162
5.598409652709961
13.104013442993164
31.253400802612305
4.5679755210876465
19.590845108032227
4.909767150878906
19.93897247314453
28.530534744262695
5.230377197265625
7.7242865562438965
4.293383598327637
4.3333258628845215
6.094816207885742
6.154906749725342
8.183347702026367
4.261168479919434
13.578682899475098
21.177167892456055
54.51874542236328
5.736942291259766
8.351286888122559
5.754934310913086
28.3873233795166
11.422271728515625
8.526657104492188
8.33554458618164
4.902846813201904
6.435992240905762
6.138309001922607
7.4668474197387695
4.530990123748779
9.09835147857666
4.632896900177002
7.619627952575684
6.090390205383301
4.484485626220703
4.832982063293457
7.327371120452881
6.308416843414307
4.751782417297363
5.050394058227539
5.152594089508057
10.462454795837402
26.087522506713867
10.090075492858887
5.798066139221191
4.874804973602295
4.759678363800049
4.209967613220215
6.160836696624756
32.349212646484375
5.694470405578613
7.356672763824463
6.303287982940674
4.957063674926758
6.10462760925293
4.237977027893066
4.551929950714111
28.562664031982422
9.873702049255371
23.657243728637695
24.17624282836914
6.135403633117676
4.9635114669799805
15.695562362670898
6.546540260314941
4.409518241882324
4.621747970581055
4.595099925994873
4.77408504486084
16.391130447387695
7.238422870635986
4.381459712982178
14.849698066711426
7.344503879547119
29.009552001953125
36.52507781982422
6.520009517669678
10.972514152526855
7.138582229614258
6.412654399871826
5.157084941864014
4.116050720214844
4.339568138122559
10.409248352050781
8.13082218170166
7.172750949859619
6.262224197387695
4.372800827026367
4.649712562561035
35.1239128112793
5.21304178237915
26.254207611083984
17.547101974487305
4.951077938079834
20.18166732788086
18.11660385131836
4.553528308868408
6.026336669921875
8.307109832763672
9.485122680664062
5.622976303100586
5.582078456878662
6.65582799911499
5.311384677886963
5.61756706237793
16.118192672729492
4.899256229400635
34.37636184692383
8.131617546081543
5.339903831481934
7.132440090179443
12.854286193847656
4.712721347808838
7.222909450531006
31.81751251220703
4.216153144836426
4.082773685455322
11.335458755493164
6.602375030517578
5.341860294342041
4.660275459289551
5.732239246368408
4.944736957550049
22.648239135742188
5.49898624420166
5.597193241119385
18.153528213500977
8.90936279296875
4.702879905700684
9.850485801696777
4.384735107421875
50.71213912963867
7.8246636390686035
4.99216365814209
12.296468734741211
4.936547756195068
4.250186920166016
19.810396194458008
4.408738613128662
27.747737884521484
6.9834771156311035
4.86009407043457
15.530674934387207
7.347217559814453
5.633332252502441
5.15016508102417
4.515059471130371
28.468345642089844
4.816632270812988
5.313567161560059
20.6566219329834
5.125031471252441
18.269132614135742
7.146830081939697
5.711845874786377
6.745540142059326
18.122314453125
7.212209701538086
30.23752212524414
25.29262924194336
4.960099220275879
4.382195949554443
6.597351551055908
5.897773265838623
4.68554162979126
5.448242664337158
12.059182167053223
12.346630096435547
5.220573902130127
6.297211647033691
4.860891819000244
4.5593791007995605
6.126187324523926
14.8258056640625
4.615754127502441
5.988221645355225
15.73862075805664
4.640488624572754
4.957674980163574
5.652935981750488
5.979384899139404
24.85964584350586
5.639118194580078
19.483795166015625
13.192112922668457
14.1490478515625
6.269922733306885
14.483333587646484
4.883615970611572
6.376654624938965
5.685366630554199
4.79115104675293
4.684873104095459
4.489110946655273
5.504010200500488
5.3827805519104
8.738883018493652
5.616640090942383
10.246048927307129
7.6243085861206055
5.622368335723877
4.518890857696533
4.8383870124816895
4.890209197998047
5.13590669631958
4.6493096351623535
4.3377180099487305
33.96307373046875
6.5614705085754395
28.909202575683594
34.77353286743164
4.419236183166504
26.4144229888916
5.014947414398193
7.468214988708496
4.461942672729492
4.706162452697754
28.391069412231445
5.750678539276123
20.953081130981445
5.041566848754883
4.8821845054626465
5.768433570861816
6.202518463134766
7.209221363067627
11.445870399475098
14.336609840393066
4.794314384460449
4.684442520141602
4.52946138381958
29.570341110229492
5.716208457946777
10.972610473632812
9.195125579833984
25.692596435546875
4.407898426055908
4.356254577636719
5.594170093536377
31.220212936401367
5.7776288986206055
5.327727794647217
7.101959228515625
5.307064533233643
5.1879072189331055
6.451701641082764
8.748695373535156
4.684749126434326
4.867556571960449
20.66826057434082
4.882368087768555
4.7931742668151855
6.6754913330078125
4.321957111358643
14.162498474121094
10.181342124938965
8.46504020690918
4.473857402801514
4.880361557006836
4.238635540008545
4.6865997314453125
4.417335033416748
6.361990928649902
4.5720295906066895
4.622775077819824
15.26890754699707
4.977407455444336
8.879307746887207
11.898932456970215
21.955739974975586
4.533694744110107
5.425366401672363
33.35432052612305
16.736698150634766
7.536890983581543
6.257619380950928
4.351630687713623
4.620235443115234
6.6520490646362305
11.466660499572754
5.704947471618652
24.053728103637695
4.555610179901123
6.109827518463135
4.715369701385498
32.86115264892578
4.472466945648193
23.614118576049805
4.6609416007995605
20.817684173583984
6.114072322845459
10.438360214233398
7.88857364654541
24.4218807220459
16.843706130981445
6.119868278503418
4.976348876953125
5.508970737457275
6.9062395095825195
6.181674003601074
4.0864739418029785
14.766866683959961
7.510534763336182
4.7278571128845215
5.8806586265563965
6.186543941497803
5.19942045211792
35.24541091918945
4.653561115264893
6.157329082489014
4.392043590545654
4.529029369354248
5.984121322631836
5.194634437561035
5.3819475173950195
28.46537208557129
4.344383716583252
6.298244476318359
5.576444625854492
30.620012283325195
5.369521617889404
31.389108657836914
5.032712459564209
5.520691871643066
6.023421764373779
5.771491050720215
4.631558418273926
4.7541890144348145
5.810544967651367
4.51292610168457
4.891968727111816
4.410902500152588
4.349789619445801
6.8072829246521
6.482629776000977
35.52395248413086
4.3650994300842285
8.2150239944458
33.830665588378906
4.773135662078857
5.923257350921631
5.7435526847839355
5.220810890197754
5.844801425933838
4.282141208648682
13.279230117797852
31.870878219604492
4.554199695587158
5.688951015472412
5.594996452331543
7.090845108032227
5.178010940551758
5.827050685882568
4.322484970092773
5.48922872543335
12.73861026763916
7.2903571128845215
39.334537506103516
5.356079578399658
25.867633819580078
6.547328948974609
4.393687725067139
4.277331829071045
4.405611515045166
5.4642744064331055
5.239362716674805
4.521859645843506
4.430168151855469
4.787072658538818
4.71999979019165
5.305722236633301
7.985054969787598
5.04683256149292
28.030933380126953
17.408695220947266
5.198554992675781
9.71383285522461
30.974119186401367
31.279396057128906
6.608043670654297
6.520548343658447
6.751392841339111
5.919861793518066
5.406978130340576
26.360132217407227
29.660741806030273
4.778774261474609
15.679287910461426
4.275108337402344
5.941150665283203
4.839804649353027
4.381211757659912
36.47438049316406
4.68007230758667
23.739604949951172
21.98691177368164
5.646346092224121
4.1359944343566895
5.307231903076172
4.685885906219482
5.583456039428711
4.609337329864502
21.122604370117188
4.843650817871094
4.566518306732178
6.4821624755859375
21.270360946655273
4.749262809753418
5.198962211608887
6.429710388183594
5.32239294052124
4.907993793487549
5.077154636383057
29.35161781311035
4.512854099273682
4.41777229309082
4.24940824508667
6.128389835357666
4.985919952392578
5.039331436157227
10.301287651062012
5.190408229827881
5.599819660186768
4.223257541656494
17.935073852539062
4.516558647155762
6.1018829345703125
5.864156246185303
15.736446380615234
12.999933242797852
9.277817726135254
59.922611236572266
5.558122634887695
11.603093147277832
6.713059902191162
4.814407825469971
5.486216068267822
13.490166664123535
6.539651870727539
4.800248622894287
4.646214962005615
13.891950607299805
31.413915634155273
11.358776092529297
6.878482818603516
27.345441818237305
33.7489013671875
13.454721450805664
12.500986099243164
5.2263922691345215
6.182433605194092
5.790576457977295
5.276878356933594
4.7452592849731445
4.611579895019531
33.71879196166992
46.920352935791016
4.385491371154785
4.580844402313232
5.962833404541016
5.298349857330322
7.8018107414245605
7.533453941345215
26.221500396728516
4.675302028656006
16.214183807373047
4.515893459320068
4.659329891204834
4.481180191040039
5.995800971984863
6.407230854034424
4.811166763305664
4.804439067840576
5.21200704574585
4.481832504272461
7.666370868682861
5.670844554901123
7.201064109802246
4.713703155517578
5.553921222686768
6.711154460906982
4.886852741241455
5.941943645477295
4.523453235626221
4.455505847930908
4.7962965965271
6.122213363647461
5.9328694343566895
4.635072231292725
5.659459590911865
4.271144390106201
4.454336643218994
24.48828887939453
5.100053787231445
33.55437469482422
4.8888983726501465
5.393121719360352
31.033973693847656
6.426854610443115
5.131949424743652
26.112789154052734
32.22583770751953
51.941009521484375
4.554213047027588
4.2154083251953125
4.627120494842529
9.866523742675781
6.137232303619385
5.006075859069824
5.197179317474365
30.823232650756836
4.448240280151367
4.489474773406982
36.551002502441406
6.692163467407227
19.419618606567383
36.045860290527344
5.9369797706604
23.094993591308594
4.096729755401611
5.877093315124512
27.794015884399414
21.822412490844727
5.8406219482421875
6.695759296417236
10.095503807067871
4.950279235839844
4.188666343688965
8.54755973815918
5.0023322105407715
4.634824752807617
6.795665264129639
7.154547214508057
5.885337829589844
4.79234504699707
5.617678642272949
18.92506980895996
16.295372009277344
5.90046501159668
5.329367160797119
4.6595540046691895
6.113290309906006
5.621707916259766
19.29787254333496
5.030932903289795
5.224666118621826
26.12566566467285
6.841971397399902
4.713635444641113
6.370401859283447
4.383088111877441
5.940521240234375
4.5749287605285645
4.585059642791748
48.14411926269531
5.216822147369385
31.6453857421875
4.4991068840026855
5.769802570343018
8.527331352233887
11.0189208984375
4.77587366104126
21.893939971923828
36.45594787597656
4.321954727172852
6.5223283767700195
7.0580549240112305
6.379465579986572
8.2698392868042
8.284781455993652
26.006805419921875
5.019623279571533
7.505036354064941
31.502958297729492
4.3509721755981445
5.185572624206543
9.885605812072754
9.254249572753906
13.000821113586426
4.295057773590088
4.654779434204102
6.984019756317139
21.9666690826416
6.03533411026001
6.500227928161621
9.336888313293457
5.164463520050049
5.619841575622559
11.216460227966309
4.463074684143066
4.933511257171631
32.29882049560547
6.218402862548828
8.869803428649902
5.798614501953125
5.038124084472656
28.96487045288086
4.649118423461914
4.200629711151123
4.372579574584961
4.358120918273926
28.756166458129883
18.03294563293457
5.325216770172119
4.503335475921631
4.3185343742370605
11.953167915344238
16.242830276489258
5.123895645141602
4.125799655914307
4.242091655731201
4.3826704025268555
5.650456428527832
5.565097332000732
4.861881732940674
5.391941547393799
5.984288215637207
4.333089351654053
8.711249351501465
4.23527717590332
16.219009399414062
25.65818977355957
5.6210432052612305
4.939023971557617
4.303509712219238
7.738346576690674
4.541099548339844
4.488697528839111
22.641693115234375
4.402088165283203
6.007156848907471
21.646425247192383
5.4661030769348145
6.534362316131592
9.674144744873047
27.579849243164062
6.677663326263428
5.076484203338623
4.202179908752441
5.437252521514893
4.19785213470459
4.169544219970703
4.8831562995910645
11.947500228881836
24.543949127197266
17.911928176879883
16.145727157592773
18.557209014892578
5.663942813873291
5.733833312988281
8.341543197631836
25.239748001098633
4.560789108276367
7.246251583099365
34.68404006958008
5.280633449554443
4.6531219482421875
5.370824813842773
4.627158164978027
18.007328033447266
28.875185012817383
16.55398178100586
4.93826150894165
4.623348236083984
7.051429271697998
5.801960468292236
11.338635444641113
4.998103141784668
4.346921443939209
51.95127487182617
6.089482307434082
5.381653308868408
4.810949802398682
7.164220809936523
6.301397800445557
6.722151756286621
5.601396560668945
4.442142009735107
4.254337310791016
4.488306522369385
5.014927387237549
9.71986198425293
5.612410545349121
5.56304931640625
4.581669330596924
4.696625232696533
24.041227340698242
4.818478584289551
25.95120620727539
47.448570251464844
4.601688385009766
7.640984535217285
14.248735427856445
8.908256530761719
5.797901153564453
26.11638832092285
6.530640125274658
4.684300899505615
4.971503734588623
4.333702564239502
4.444653034210205
4.666868209838867
4.804751396179199
8.435545921325684
4.246607303619385
5.118155002593994
5.509676933288574
26.899150848388672
4.780426025390625
5.060024738311768
21.36802864074707
6.844841003417969
4.619438171386719
23.591997146606445
5.587124824523926
6.659646987915039
5.442511081695557
5.52924919128418
15.577067375183105
4.828643798828125
26.262664794921875
8.080961227416992
8.71683120727539
5.406381130218506
4.826326370239258
5.84551477432251
4.848503589630127
9.774718284606934
4.376370906829834
6.312191963195801
4.386137962341309
5.171525955200195
5.565804958343506
10.682165145874023
4.347676753997803
5.345049858093262
5.52286434173584
5.711284160614014
5.1514153480529785
8.669734001159668
5.033873081207275
9.450716972351074
6.048694610595703
31.50592613220215
4.401662349700928
4.953117370605469
5.962238311767578
64.19992065429688
5.495087146759033
4.749174118041992
5.496311664581299
6.2149338722229
4.265199184417725
5.991881370544434
5.3650336265563965
6.941901683807373
7.948826313018799
4.179407119750977
4.180577278137207
32.48527908325195
4.708660125732422
13.822676658630371
4.405054092407227
5.2587571144104
5.805231094360352
7.855942726135254
9.00833797454834
8.728118896484375
26.389543533325195
5.819696426391602
4.96845817565918
4.386734962463379
4.702031135559082
20.75017738342285
5.291444778442383
6.178669452667236
4.930028438568115
4.437230110168457
38.5166015625
4.361842155456543
4.673450946807861
29.62689781188965
38.289276123046875
19.661563873291016
5.704141616821289
6.059388160705566
4.768597602844238
4.785146236419678
4.667680740356445
5.603084087371826
16.11130142211914
5.1961846351623535
6.901687145233154
4.70579719543457
9.394311904907227
7.286265850067139
4.865883827209473
21.599925994873047
17.78417205810547
44.619808197021484
8.2121000289917
17.688282012939453
5.4840192794799805
10.465253829956055
4.705359935760498
4.1942572593688965
5.216493129730225
27.145183563232422
9.409647941589355
4.534937381744385
4.5380473136901855
4.573065280914307
4.533174991607666
6.5140380859375
5.282386302947998
10.086169242858887
16.282506942749023
4.911549091339111
20.16397476196289
5.697531223297119
5.318428993225098
27.210479736328125
12.814803123474121
13.396684646606445
7.101102828979492
