134.9205780029297
157.63722229003906
154.8039093017578
169.54293823242188
171.04725646972656
203.78237915039062
226.32615661621094
258.5791015625
310.5386657714844
360.572265625
397.26629638671875
513.3635864257812
576.96728515625
682.64404296875
944.8491821289062
1017.0615234375
1123.7967529296875
1267.253662109375
1325.17724609375
1444.81005859375
1836.7855224609375
2225.89794921875
2587.267578125
2323.5791015625
1840.949951171875
1155.7235107421875
742.1043090820312
173.41969299316406
385.2839660644531
434.3397216796875
516.6978759765625
554.17529296875
486.6807861328125
454.66754150390625
505.915771484375
441.5809631347656
378.0421447753906
277.03985595703125
190.25588989257812
132.8596649169922
120.01130676269531
158.71481323242188
159.85800170898438
265.70697021484375
193.08209228515625
226.20172119140625
175.73406982421875
170.66445922851562
186.79673767089844
70.0171127319336
86.59307861328125
183.9029541015625
138.5869903564453
235.96771240234375
110.52051544189453
153.90304565429688
249.2252197265625
151.631103515625
74.72692108154297
84.56199645996094
67.24273681640625
50.745643615722656
196.5833282470703
129.35870361328125
143.4865264892578
88.48501586914062
72.65193176269531
129.70216369628906
65.79098510742188
145.75355529785156
145.00469970703125
92.83841705322266
36.044376373291016
50.70912551879883
59.980072021484375
76.85565185546875
45.08675003051758
30.151628494262695
40.79469299316406
216.63368225097656
55.117313385009766
208.71902465820312
50.20798110961914
38.06201934814453
17.966014862060547
22.117172241210938
167.66184997558594
47.93953323364258
38.29731369018555
156.81381225585938
45.1865234375
56.49357604980469
20.64128303527832
19.370101928710938
84.81909942626953
94.11722564697266
112.3674087524414
105.23297119140625
144.2951202392578
69.88326263427734
55.103511810302734
39.86671829223633
129.90115356445312
151.66090393066406
182.41407775878906
172.14451599121094
129.96104431152344
115.26666259765625
119.1789779663086
35.15773391723633
42.43692398071289
115.48471069335938
20.60084342956543
145.31715393066406
63.370330810546875
74.3154296875
22.4704532623291
29.506412506103516
17.093585968017578
45.58238220214844
