559.017578125
560.111083984375
560.2218017578125
565.7415771484375
575.4921264648438
592.6618041992188
603.8042602539062
630.9588012695312
658.1181030273438
689.3605346679688
722.3324584960938
764.1077880859375
807.1887817382812
859.459716796875
899.786865234375
962.1424560546875
1020.53515625
1068.248046875
1111.2132568359375
1169.294677734375
1232.6270751953125
1286.643798828125
1347.968017578125
1392.2806396484375
1435.1226806640625
1483.6553955078125
1495.1068115234375
1538.498046875
1549.6805419921875
1541.4337158203125
1517.31494140625
1479.1611328125
1384.1998291015625
1262.770263671875
1101.188720703125
851.9539184570312
482.9017333984375
165.4532470703125
515.33642578125
850.1625366210938
1058.2652587890625
1081.236572265625
1024.921630859375
877.1655883789062
683.744384765625
476.94561767578125
268.03497314453125
56.09859848022461
172.87680053710938
255.00376892089844
308.6421203613281
315.0402526855469
315.6566467285156
260.5340270996094
179.33035278320312
100.62499237060547
48.25511169433594
120.25054931640625
138.89064025878906
142.65931701660156
96.27552032470703
57.77241134643555
60.532928466796875
68.74320220947266
84.70259857177734
73.61414337158203
49.67966079711914
41.26859664916992
35.13251495361328
23.045143127441406
20.02242660522461
27.85519027709961
27.224029541015625
49.34029006958008
20.669498443603516
26.755748748779297
23.616640090942383
21.27471923828125
21.450328826904297
15.449202537536621
52.54658508300781
14.538551330566406
17.18465805053711
15.319790840148926
16.520647048950195
16.610944747924805
42.48951721191406
22.184898376464844
10.537884712219238
10.068032264709473
8.614845275878906
17.802623748779297
11.098986625671387
