41.46843338012695
41.40373229980469
42.94870376586914
52.69073486328125
61.0682487487793
79.93306732177734
103.10711669921875
150.8829803466797
189.304931640625
304.03863525390625
419.7311706542969
657.090576171875
855.0817260742188
1347.6031494140625
1863.785888671875
2622.911376953125
3527.82373046875
4851.33984375
5181.38916015625
5397.96630859375
4615.82275390625
3151.43994140625
1630.6417236328125
1115.2239990234375
1235.1639404296875
1026.9541015625
853.3729858398438
700.732421875
1069.5941162109375
1314.308837890625
1026.5645751953125
614.678466796875
589.4536743164062
805.5285034179688
579.3572387695312
468.1397399902344
420.88385009765625
793.8217163085938
561.0802612304688
220.0184783935547
440.4755554199219
522.264892578125
285.166259765625
347.1784973144531
353.158203125
209.3777618408203
219.40504455566406
250.10533142089844
204.09844970703125
182.37161254882812
304.2471618652344
177.03273010253906
125.02365112304688
102.37507629394531
218.68948364257812
114.43975830078125
171.56639099121094
376.1202697753906
209.7339630126953
106.31322479248047
191.3502197265625
82.76807403564453
423.8040771484375
294.12738037109375
313.8634033203125
273.7576599121094
421.15740966796875
616.60791015625
223.06761169433594
151.03456115722656
323.1802673339844
159.13662719726562
97.20845031738281
360.27557373046875
400.3598327636719
166.40696716308594
155.67886352539062
45.44275665283203
347.71636962890625
452.4417724609375
332.82806396484375
302.1222839355469
137.70079040527344
208.32379150390625
223.32884216308594
149.92361450195312
231.4567108154297
192.65383911132812
164.8755340576172
209.3838653564453
154.1702880859375
81.98319244384766
241.02139282226562
240.0934295654297
280.3580627441406
277.34698486328125
130.15904235839844
144.5065155029297
154.33587646484375
278.8134765625
246.5765838623047
61.15099334716797
134.231689453125
105.12893676757812
27.21468162536621
82.73875427246094
137.9249725341797
87.7363510131836
48.022762298583984
45.26927947998047
71.87569427490234
56.409549713134766
150.9156036376953
78.98059844970703
99.94700622558594
98.283935546875
47.025428771972656
53.341732025146484
128.5496063232422
362.1263122558594
