129.34710693359375
130.267333984375
132.73976135253906
139.4792938232422
133.72116088867188
137.05250549316406
134.02769470214844
135.35580444335938
122.80408477783203
135.470703125
125.93644714355469
135.34864807128906
122.01126098632812
132.51499938964844
129.86642456054688
123.74201965332031
113.80036163330078
117.56067657470703
109.13678741455078
103.59950256347656
96.30529022216797
94.82779693603516
97.88743591308594
83.8749008178711
84.7169189453125
76.01793670654297
71.85407257080078
66.12445831298828
61.022430419921875
55.367767333984375
49.76883316040039
44.219181060791016
40.11167526245117
35.64727020263672
32.77391815185547
29.822586059570312
25.977294921875
28.077869415283203
25.54421043395996
24.493152618408203
22.593835830688477
23.14403533935547
26.49911880493164
22.571638107299805
21.878076553344727
21.970827102661133
19.16533088684082
22.683528900146484
18.793041229248047
18.570375442504883
19.613449096679688
17.83551788330078
18.238264083862305
18.425945281982422
16.830358505249023
17.04476547241211
14.958986282348633
16.057546615600586
14.581589698791504
13.233784675598145
19.44939613342285
20.45661735534668
13.53696346282959
14.575820922851562
12.03773307800293
13.668375968933105
10.57824993133545
13.937685012817383
13.507905960083008
11.255218505859375
10.83857536315918
14.203495025634766
11.324031829833984
13.594117164611816
10.76941204071045
9.850950241088867
13.096245765686035
13.147056579589844
10.353344917297363
8.830901145935059
9.85236930847168
9.58389663696289
9.783132553100586
9.292861938476562
11.279998779296875
11.065908432006836
11.65999984741211
7.887548446655273
9.871857643127441
9.9771089553833
9.055381774902344
7.899593353271484
10.861363410949707
8.724845886230469
11.016498565673828
12.195820808410645
8.990378379821777
7.979972839355469
10.287755966186523
8.472447395324707
7.177753448486328
11.262078285217285
8.001843452453613
12.703563690185547
9.204217910766602
9.524153709411621
8.663602828979492
7.194972038269043
10.06596565246582
8.770039558410645
8.916918754577637
8.632257461547852
10.931293487548828
7.7812819480896
7.3271708488464355
11.386791229248047
10.159785270690918
11.55126953125
9.543839454650879
20.40209197998047
