31.66225814819336
34.38042068481445
34.72208786010742
35.663482666015625
37.29420471191406
39.61676025390625
42.8243522644043
45.728755950927734
49.56660461425781
53.281150817871094
57.211055755615234
61.838809967041016
67.50773620605469
72.47814178466797
77.73114013671875
83.64258575439453
89.8875732421875
97.01953887939453
102.84524536132812
110.84536743164062
117.84410858154297
127.40400695800781
138.0607452392578
147.2498321533203
159.41249084472656
172.55857849121094
187.8922576904297
203.41427612304688
221.6862030029297
244.02723693847656
266.984619140625
293.5067138671875
322.3216857910156
356.7325439453125
403.49444580078125
452.7157287597656
515.7508544921875
586.9067993164062
687.4373168945312
804.2081909179688
961.0936889648438
1152.7987060546875
1344.9951171875
1395.962158203125
3316.353759765625
15338.349609375
39140.09765625
50079.05078125
39349.07421875
22156.279296875
10046.6123046875
3073.679443359375
1248.7808837890625
1540.4373779296875
1726.819091796875
1817.510986328125
1837.0865478515625
1868.8472900390625
1843.4439697265625
1700.3182373046875
1417.616455078125
1026.1197509765625
1596.611083984375
3369.423095703125
4215.71630859375
3939.108154296875
2810.057373046875
1356.494384765625
790.8259887695312
1207.53173828125
1540.4393310546875
1669.136474609375
1716.59912109375
1550.5147705078125
1330.1204833984375
919.0034790039062
693.6166381835938
1081.940673828125
1587.0994873046875
1382.279052734375
834.1957397460938
596.008544921875
1012.0602416992188
1271.71533203125
1289.489501953125
1091.4951171875
861.56640625
506.0121154785156
876.5401000976562
910.6673583984375
898.8375854492188
449.8307800292969
676.1173095703125
