136.2095489501953
131.53982543945312
138.5941925048828
138.91293334960938
135.11410522460938
131.86061096191406
139.6109161376953
135.9040069580078
140.5412139892578
136.4487762451172
134.09779357910156
134.75494384765625
137.33258056640625
132.23269653320312
132.1009521484375
135.09396362304688
122.77948760986328
136.83224487304688
127.13878631591797
134.829345703125
131.06625366210938
131.07276916503906
137.194580078125
129.48130798339844
121.08800506591797
127.79615020751953
127.99072265625
124.8801498413086
126.18108367919922
119.16118621826172
126.21446990966797
116.0149917602539
121.55681610107422
120.34182739257812
115.80604553222656
108.52127075195312
116.15143585205078
107.99739074707031
105.15457153320312
108.39070129394531
101.19515991210938
96.38643646240234
87.7201156616211
83.07386779785156
74.8722152709961
65.10677337646484
58.636573791503906
59.727638244628906
70.39411926269531
77.9271469116211
67.19676971435547
57.868011474609375
47.987422943115234
45.32851028442383
45.05912399291992
45.675148010253906
39.97541809082031
41.4200553894043
41.86306381225586
37.966041564941406
34.976905822753906
31.870641708374023
29.70201301574707
30.408615112304688
32.3418083190918
33.54414749145508
30.791202545166016
27.78891944885254
27.050777435302734
25.03177261352539
23.920475006103516
25.6021728515625
24.351215362548828
23.20134735107422
23.328304290771484
21.816612243652344
22.85247802734375
19.98675537109375
19.21807098388672
27.015153884887695
19.649024963378906
21.435312271118164
22.69919776916504
18.955942153930664
19.366161346435547
18.396438598632812
20.944543838500977
18.402013778686523
20.738615036010742
20.558847427368164
17.450063705444336
20.367340087890625
22.38677978515625
19.5963134765625
19.209152221679688
18.52985382080078
20.415023803710938
17.377050399780273
18.249345779418945
17.888811111450195
21.213916778564453
17.75853157043457
23.750656127929688
20.369905471801758
16.35431671142578
19.49094581604004
17.54751205444336
17.685060501098633
20.213359832763672
18.949813842773438
15.846848487854004
16.04052734375
18.202346801757812
18.26801300048828
16.151592254638672
16.051225662231445
18.01628303527832
23.169952392578125
20.91825294494629
14.672277450561523
