221.98715209960938
222.2530059814453
222.6469268798828
222.8851776123047
223.73809814453125
222.6693115234375
222.28977966308594
219.93524169921875
221.04368591308594
221.3371124267578
222.73866271972656
221.86587524414062
221.44448852539062
221.85498046875
221.03939819335938
221.5313262939453
222.36434936523438
221.1545867919922
221.11471557617188
222.54861450195312
217.9315948486328
219.26596069335938
219.0693817138672
218.4795379638672
218.07289123535156
221.01815795898438
218.96051025390625
218.27175903320312
218.33750915527344
219.32705688476562
220.04432678222656
216.1206512451172
218.502685546875
217.62579345703125
217.45535278320312
218.02699279785156
215.9091033935547
215.4201202392578
216.55227661132812
213.6753692626953
216.47909545898438
215.91986083984375
215.61874389648438
215.74514770507812
216.96600341796875
215.93057250976562
213.969482421875
213.74440002441406
214.4476776123047
213.8737335205078
216.19598388671875
213.04920959472656
213.66490173339844
213.44146728515625
210.554443359375
213.25668334960938
212.393798828125
212.44451904296875
213.6387176513672
210.1161346435547
212.73049926757812
210.48609924316406
210.13946533203125
210.32565307617188
210.39395141601562
210.62692260742188
211.75234985351562
212.4376678466797
212.33380126953125
211.7063751220703
209.93289184570312
209.76649475097656
210.13734436035156
211.19940185546875
208.25399780273438
210.29576110839844
210.691650390625
210.4178466796875
207.40817260742188
208.44757080078125
208.58047485351562
211.1380157470703
208.24594116210938
210.67855834960938
207.6814727783203
211.33775329589844
208.82376098632812
208.66380310058594
207.3262176513672
208.90921020507812
207.95343017578125
210.63442993164062
208.4176483154297
