137.2923583984375
121.92243957519531
127.07527923583984
127.18584442138672
131.42416381835938
124.67105102539062
120.37847900390625
116.6228256225586
111.93119812011719
111.34297180175781
97.1015396118164
91.40547943115234
80.42886352539062
73.59748077392578
55.81684494018555
42.71550369262695
27.375507354736328
33.80586624145508
30.768224716186523
26.41239356994629
21.03245735168457
11.422215461730957
18.212078094482422
13.425990104675293
16.290281295776367
17.632997512817383
21.736427307128906
13.897130012512207
21.085344314575195
19.965213775634766
17.171382904052734
19.856342315673828
14.337935447692871
12.551185607910156
14.860336303710938
12.116036415100098
13.640578269958496
18.358034133911133
16.583391189575195
8.809596061706543
18.161865234375
23.313919067382812
11.812124252319336
18.33573341369629
18.267820358276367
13.407995223999023
10.768559455871582
11.848247528076172
21.176223754882812
12.786965370178223
17.08392333984375
14.932441711425781
13.493744850158691
16.941085815429688
19.126632690429688
14.556012153625488
19.322429656982422
11.630757331848145
15.057777404785156
18.387493133544922
15.585761070251465
10.609453201293945
13.76520824432373
15.080500602722168
12.622016906738281
15.795768737792969
9.043493270874023
12.844566345214844
10.202775955200195
10.860454559326172
16.827796936035156
13.15771484375
17.268190383911133
15.173747062683105
18.71388816833496
8.720854759216309
13.277371406555176
12.961008071899414
14.909664154052734
9.235428810119629
12.358464241027832
16.5369873046875
22.26128578186035
9.563750267028809
16.120630264282227
14.189931869506836
19.717575073242188
14.486042022705078
15.244441032409668
14.040302276611328
15.392255783081055
12.132953643798828
12.14938735961914
10.103784561157227
13.826661109924316
12.857495307922363
14.672224044799805
12.595868110656738
15.380646705627441
17.1914005279541
19.449966430664062
15.221440315246582
11.824662208557129
16.702383041381836
15.41151237487793
15.178682327270508
11.055845260620117
10.058758735656738
11.845792770385742
13.772653579711914
12.584848403930664
14.644264221191406
14.34591293334961
10.886866569519043
14.090575218200684
12.109031677246094
14.574193954467773
16.667617797851562
13.167765617370605
10.427608489990234
