136.2934112548828
140.39918518066406
137.40927124023438
134.23013305664062
134.6462860107422
127.35176086425781
135.6729736328125
138.48947143554688
138.8317108154297
135.62295532226562
131.08717346191406
130.86151123046875
130.58653259277344
133.1842498779297
130.13526916503906
121.48390197753906
116.18870544433594
112.23103332519531
113.6874771118164
102.1493911743164
95.73228454589844
84.17025756835938
66.75788116455078
60.498207092285156
56.819278717041016
47.85744094848633
49.48262023925781
47.350311279296875
44.66213607788086
44.436004638671875
32.78954315185547
40.278656005859375
22.899566650390625
16.84046173095703
19.514101028442383
19.689414978027344
16.394786834716797
17.817628860473633
15.668320655822754
20.173656463623047
15.436223030090332
19.135601043701172
17.287588119506836
15.989333152770996
13.053997993469238
15.450226783752441
19.069963455200195
16.168914794921875
13.433191299438477
10.527414321899414
23.193212509155273
16.522216796875
18.35236167907715
16.39586639404297
16.361934661865234
12.232772827148438
19.638233184814453
11.171452522277832
14.858142852783203
13.233646392822266
13.037959098815918
10.229866027832031
17.688488006591797
8.349407196044922
11.393202781677246
13.808438301086426
10.183378219604492
16.500322341918945
15.340129852294922
11.69389533996582
17.555187225341797
13.91547679901123
16.889915466308594
15.915059089660645
11.0059814453125
8.551478385925293
10.465303421020508
11.253132820129395
12.277228355407715
9.621343612670898
15.711498260498047
11.734142303466797
12.71744441986084
15.467508316040039
11.634454727172852
11.08376407623291
12.736170768737793
16.319686889648438
10.916425704956055
11.99028205871582
8.489532470703125
15.935120582580566
17.156665802001953
11.129549026489258
16.31827735900879
14.061323165893555
10.644718170166016
10.775936126708984
13.7540864944458
17.6445255279541
13.721207618713379
12.5639066696167
13.9513578414917
9.742180824279785
8.520951271057129
10.858302116394043
10.21849250793457
12.223831176757812
9.800006866455078
16.589324951171875
15.373144149780273
8.061408996582031
10.827779769897461
14.39733600616455
9.348505020141602
12.153387069702148
11.128662109375
11.330526351928711
12.375042915344238
5.907700061798096
