132.68182373046875
138.7936553955078
132.20045471191406
134.4990692138672
131.8859405517578
140.42999267578125
131.2487335205078
133.9556884765625
133.63015747070312
134.47579956054688
118.42864990234375
118.99140930175781
113.07975006103516
104.59532165527344
105.30715942382812
90.9261703491211
77.49915313720703
65.97003173828125
51.319488525390625
42.55012512207031
42.95166015625
48.28235626220703
59.399452209472656
46.05416488647461
41.96056365966797
32.849273681640625
22.198955535888672
12.964941024780273
16.253021240234375
19.635631561279297
18.869543075561523
18.684804916381836
17.653690338134766
14.698112487792969
21.416805267333984
15.196642875671387
14.292281150817871
13.233294486999512
13.890254974365234
25.18329429626465
12.282144546508789
18.204561233520508
17.387441635131836
11.180707931518555
15.594618797302246
20.0006046295166
14.888354301452637
13.352974891662598
17.62323570251465
15.857666969299316
16.109296798706055
18.81597328186035
18.091991424560547
12.824718475341797
17.09625244140625
11.737344741821289
15.990147590637207
15.004379272460938
14.843409538269043
13.557838439941406
11.620508193969727
16.053335189819336
19.62061309814453
15.316143989562988
18.75975227355957
15.894818305969238
15.053812980651855
13.803264617919922
14.266748428344727
16.195695877075195
18.47246551513672
15.528810501098633
16.969825744628906
15.22294807434082
13.433856010437012
14.913680076599121
13.485610008239746
16.092802047729492
15.35790729522705
12.654438018798828
17.544645309448242
20.012239456176758
13.893117904663086
14.297743797302246
13.585864067077637
15.512432098388672
12.578680038452148
10.954902648925781
12.458486557006836
16.271886825561523
17.210508346557617
11.696761131286621
16.663311004638672
20.276948928833008
11.778867721557617
14.421783447265625
19.727258682250977
14.494489669799805
17.497543334960938
16.571311950683594
11.507869720458984
14.567538261413574
12.900288581848145
14.330422401428223
11.71591567993164
18.659435272216797
12.2003812789917
15.720398902893066
16.574674606323242
16.529052734375
12.867716789245605
12.182764053344727
13.374225616455078
10.726451873779297
16.861560821533203
14.867875099182129
16.61920738220215
13.110309600830078
13.961446762084961
11.58834171295166
