424.7197265625
432.9228210449219
447.02960205078125
473.35333251953125
475.4683532714844
492.8938293457031
564.5894165039062
591.6084594726562
632.4381713867188
680.0798950195312
741.4465942382812
835.7079467773438
931.5227661132812
1057.127685546875
1169.41162109375
1348.4486083984375
1336.515380859375
1664.10791015625
1610.678466796875
1803.96435546875
1682.92431640625
1681.9345703125
1968.353515625
2288.922119140625
2575.8642578125
2499.370849609375
2023.6697998046875
1732.37890625
1126.5213623046875
657.6513671875
280.7695617675781
310.2431640625
488.1542663574219
593.951416015625
601.2061767578125
347.3275146484375
434.53533935546875
354.45269775390625
239.17652893066406
117.30015563964844
249.84201049804688
146.37820434570312
225.76246643066406
263.6907958984375
227.93463134765625
188.61012268066406
183.7922821044922
171.98130798339844
148.47315979003906
96.7807846069336
89.47083282470703
127.43270874023438
223.448486328125
239.76014709472656
197.99325561523438
156.0347442626953
242.447998046875
171.9800262451172
131.11495971679688
196.87278747558594
65.44671630859375
105.20701599121094
138.78656005859375
319.8609924316406
341.0041198730469
334.7940368652344
119.62947082519531
167.51535034179688
126.42548370361328
262.8745422363281
186.9254913330078
147.47573852539062
97.86698913574219
288.8238830566406
363.3129577636719
314.1700744628906
72.13021850585938
39.971134185791016
135.8379669189453
398.94366455078125
202.60073852539062
82.02706146240234
127.84468078613281
99.38871765136719
69.18441009521484
126.46977233886719
95.03093719482422
74.4853515625
240.11151123046875
106.34351348876953
58.381752014160156
34.49831008911133
129.48171997070312
50.23296356201172
63.510616302490234
100.74956512451172
60.4642333984375
296.1796875
259.1078796386719
165.76194763183594
88.92033386230469
25.98373794555664
137.82156372070312
40.403018951416016
179.95578002929688
32.66526412963867
29.229801177978516
119.07162475585938
71.60209655761719
98.17312622070312
43.49932098388672
55.139404296875
62.13235092163086
24.44601821899414
25.79631233215332
32.43574523925781
112.28143310546875
267.3035888671875
140.85031127929688
40.82331085205078
