26.719736099243164
26.726049423217773
27.829435348510742
28.257600784301758
28.255796432495117
28.412246704101562
30.439104080200195
31.02651596069336
32.42711639404297
33.511810302734375
34.73999786376953
36.10719299316406
38.17083740234375
38.48546600341797
40.04865646362305
42.458927154541016
41.12189865112305
46.346866607666016
45.51876449584961
48.916259765625
49.30658721923828
51.22993087768555
55.13753890991211
54.598445892333984
54.0084114074707
57.67292785644531
59.368621826171875
60.20659255981445
62.5897331237793
61.484275817871094
66.73986053466797
64.75162506103516
67.99310302734375
69.30854034423828
70.935302734375
69.02290344238281
75.54875183105469
72.22628021240234
76.0966796875
78.76385498046875
79.14787292480469
80.2479019165039
81.76139831542969
83.11210632324219
84.46824645996094
84.53240203857422
85.38585662841797
89.02256774902344
91.59957885742188
89.30525970458984
91.76866149902344
94.1685791015625
89.60317993164062
98.69163513183594
100.23953247070312
96.83177185058594
94.29784393310547
97.75892639160156
99.21263885498047
102.74337005615234
99.63316345214844
104.11468505859375
106.29081726074219
104.30374908447266
102.1876220703125
103.61113739013672
104.90110778808594
107.335205078125
104.56358337402344
111.52749633789062
111.32098388671875
113.05138397216797
111.64620208740234
109.80010986328125
108.47758483886719
109.5510025024414
114.06829833984375
117.4293441772461
119.1197509765625
104.76834869384766
118.17805480957031
116.04934692382812
111.16746520996094
115.7112808227539
116.64114379882812
121.17961883544922
116.08790588378906
120.70072937011719
113.84066772460938
117.2286148071289
119.89102935791016
117.78280639648438
114.54251098632812
118.37069702148438
117.68436431884766
118.7145767211914
114.15363311767578
125.57020568847656
124.99568939208984
122.92357635498047
117.2452163696289
121.11518859863281
116.6805419921875
122.29876708984375
128.35488891601562
123.84019470214844
125.26605224609375
129.43890380859375
123.70027160644531
124.56722259521484
126.46719360351562
128.60838317871094
126.81130981445312
127.8348617553711
129.2392120361328
129.03994750976562
125.35088348388672
119.62744140625
122.4890365600586
127.19221496582031
