94.49851989746094
74.28218078613281
93.98157501220703
71.52488708496094
99.24612426757812
97.51054382324219
69.5087890625
54.4234733581543
95.21464538574219
97.49203491210938
84.0903091430664
93.72457122802734
91.9595947265625
67.24485778808594
71.89531707763672
96.20499420166016
54.700714111328125
81.8001708984375
65.64688110351562
105.4802474975586
105.67650604248047
63.6765251159668
54.32583999633789
93.96253204345703
101.3558349609375
82.42984008789062
88.50414276123047
81.46881866455078
106.4962387084961
104.32413482666016
92.89887237548828
106.72331237792969
79.54730987548828
107.66744995117188
106.42827606201172
110.16600799560547
103.21704864501953
112.34508514404297
115.45209503173828
116.18280792236328
101.3066177368164
108.87187957763672
110.56126403808594
103.78963470458984
93.4298324584961
115.33146667480469
88.03927612304688
104.59759521484375
104.1552963256836
101.20685577392578
121.1878890991211
96.54195404052734
127.7033462524414
112.19556427001953
92.47721099853516
124.55148315429688
119.48286437988281
125.45747375488281
108.48043060302734
116.0011978149414
129.80221557617188
136.5430908203125
135.19265747070312
135.9907989501953
151.75863647460938
146.5609893798828
141.00003051757812
145.5258331298828
96.61524963378906
148.7655029296875
121.52294158935547
158.45928955078125
152.72349548339844
143.85023498535156
115.80045318603516
155.1898193359375
118.97115325927734
146.28855895996094
130.10699462890625
161.16940307617188
155.06271362304688
124.33821105957031
163.94662475585938
176.8817138671875
185.50375366210938
138.99900817871094
179.81883239746094
135.93734741210938
150.19256591796875
166.25482177734375
173.6671600341797
176.24119567871094
196.14559936523438
152.64984130859375
188.05355834960938
188.36663818359375
199.2086944580078
148.25453186035156
206.3384246826172
132.16183471679688
215.415771484375
157.08831787109375
215.2840118408203
212.4804229736328
208.88897705078125
229.41151428222656
221.4296875
203.916015625
215.142578125
229.9680633544922
224.95823669433594
227.43016052246094
219.27256774902344
240.39259338378906
256.4175109863281
254.04759216308594
179.15109252929688
257.3674011230469
261.2471923828125
222.67466735839844
264.84478759765625
263.71832275390625
247.4180450439453
227.7706756591797
270.20635986328125
252.32826232910156
269.33349609375
217.20423889160156
279.5189514160156
217.0096435546875
287.0327453613281
287.1003112792969
295.3137512207031
134.19049072265625
285.1334533691406
224.0780792236328
219.12338256835938
271.2846984863281
316.64117431640625
244.31443786621094
296.2991943359375
284.9467468261719
306.4692687988281
192.8025360107422
209.81088256835938
299.7622985839844
319.4549865722656
306.84307861328125
242.30703735351562
307.4448547363281
317.4349060058594
312.750244140625
332.14813232421875
335.0426025390625
280.74853515625
299.68145751953125
317.5447692871094
316.6721496582031
320.2194519042969
308.5689392089844
306.7409973144531
341.8203125
305.7059631347656
219.349609375
340.33062744140625
361.06048583984375
278.1562194824219
351.4065856933594
360.1470031738281
297.7530212402344
263.90924072265625
322.6578369140625
224.8195037841797
334.1641845703125
287.290771484375
333.300048828125
298.0199890136719
329.7798156738281
319.5887451171875
335.3280944824219
336.01812744140625
246.56887817382812
311.12322998046875
294.21240234375
267.4139709472656
307.61297607421875
338.48944091796875
303.4378662109375
271.2822570800781
273.35028076171875
290.5322265625
282.7257080078125
232.41139221191406
269.7949523925781
272.0368347167969
226.00125122070312
258.4046325683594
194.88197326660156
197.08950805664062
218.6583709716797
170.45066833496094
82.72682189941406
190.82655334472656
184.0198516845703
209.03636169433594
166.97898864746094
170.13140869140625
80.37757873535156
24.98748207092285
163.58009338378906
235.6788330078125
156.64425659179688
137.886962890625
88.1031723022461
51.132286071777344
145.8185272216797
109.01583099365234
81.2313232421875
78.40631103515625
134.30760192871094
79.13194274902344
62.5310173034668
81.74614715576172
136.51065063476562
65.55156707763672
140.8417205810547
70.80767059326172
38.113590240478516
41.373756408691406
88.5408706665039
85.70671844482422
70.71260833740234
80.1169204711914
20.980239868164062
93.52322387695312
80.7922134399414
42.58723068237305
78.37594604492188
98.1287841796875
95.50006866455078
41.42071533203125
107.6794204711914
59.077064514160156
55.00226974487305
69.49372863769531
46.33878707885742
164.26983642578125
67.49446105957031
41.88187026977539
201.39071655273438
153.49954223632812
34.51858139038086
116.13334655761719
45.281036376953125
154.59523010253906
126.59297180175781
32.380550384521484
76.08631896972656
50.79514694213867
45.37299346923828
349.3536682128906
57.259220123291016
34.31095886230469
166.67835998535156
79.71814727783203
104.47430419921875
77.00914764404297
114.70548248291016
103.03001403808594
119.61552429199219
87.30671691894531
99.83718872070312
26.369382858276367
70.8280029296875
53.01126480102539
87.59918975830078
93.8451156616211
88.06490325927734
87.21761322021484
77.08463287353516
93.4200210571289
89.97168731689453
74.44853210449219
97.94574737548828
69.92593383789062
29.801250457763672
29.78989028930664
75.59742736816406
25.78273582458496
27.615705490112305
39.479976654052734
29.119531631469727
13.475051879882812
23.242847442626953
119.3687744140625
175.155029296875
20.465253829956055
53.651031494140625
24.426359176635742
22.681459426879883
49.8875732421875
41.97417449951172
15.733516693115234
53.27096939086914
55.197879791259766
229.200927734375
36.20316696166992
22.02342414855957
22.991966247558594
69.59366607666016
49.448421478271484
67.2784423828125
37.59992599487305
40.699893951416016
66.73017883300781
40.653282165527344
80.49076843261719
113.19664001464844
57.22846221923828
81.03433227539062
79.63143920898438
30.725515365600586
55.77742385864258
31.893287658691406
97.03044128417969
54.747413635253906
17.567970275878906
62.218082427978516
101.81625366210938
29.068546295166016
41.20623779296875
62.82586669921875
44.69185256958008
146.33328247070312
260.4064025878906
54.58378601074219
18.972461700439453
19.46759796142578
50.77439880371094
148.3329315185547
17.543378829956055
64.88219451904297
238.12904357910156
112.56324005126953
50.480079650878906
90.2449951171875
54.460933685302734
48.49331283569336
72.47713470458984
56.697811126708984
61.20730209350586
50.010704040527344
73.60218048095703
71.96550750732422
70.51410675048828
20.82795524597168
11.971497535705566
59.50530242919922
13.400443077087402
34.24842834472656
28.742414474487305
31.410083770751953
105.57534790039062
54.30843734741211
55.70888900756836
53.27302932739258
25.228496551513672
93.52410888671875
29.97167205810547
64.40026092529297
23.944499969482422
106.93013000488281
54.66387939453125
88.08478546142578
35.78754425048828
20.75202178955078
54.418357849121094
55.132606506347656
85.17951202392578
139.9396209716797
39.18919372558594
35.74244689941406
18.780071258544922
49.453826904296875
100.47820281982422
18.595632553100586
197.16128540039062
91.44913482666016
144.8142852783203
100.38033294677734
61.26209259033203
26.608304977416992
31.544157028198242
67.64248657226562
35.916072845458984
32.012577056884766
32.72176742553711
56.9335823059082
55.602294921875
129.67242431640625
58.71289825439453
20.14778709411621
55.61992263793945
8.011385917663574
38.99778366088867
19.66921043395996
12.928990364074707
29.017799377441406
13.595053672790527
11.530340194702148
35.952945709228516
63.0420036315918
126.12631225585938
15.882469177246094
61.361480712890625
44.79886245727539
246.0833282470703
64.48833465576172
41.34052276611328
75.14434814453125
37.62654113769531
9.78824520111084
16.723621368408203
107.67792510986328
88.88773345947266
89.57414245605469
24.082439422607422
30.879350662231445
56.4834098815918
19.222976684570312
13.686052322387695
25.61467742919922
68.36428833007812
103.77747344970703
67.24510955810547
21.91838264465332
68.00881958007812
14.695408821105957
47.5528450012207
35.07891082763672
9.351561546325684
197.85667419433594
65.64019012451172
26.44032096862793
159.53738403320312
118.74786376953125
17.477296829223633
110.12055969238281
30.65542984008789
15.968047142028809
13.862791061401367
121.38137817382812
282.3287658691406
80.77287292480469
62.70000457763672
82.34352111816406
31.028724670410156
82.01409912109375
78.2298583984375
76.09699249267578
9.351296424865723
23.08051109313965
19.67939567565918
10.085465431213379
21.727298736572266
26.195205688476562
31.486740112304688
16.998809814453125
16.274803161621094
70.46000671386719
48.528499603271484
74.58619689941406
240.02879333496094
30.255823135375977
33.360694885253906
75.51779174804688
22.12980842590332
24.548559188842773
37.95948791503906
30.57964515686035
12.154973983764648
36.41919708251953
29.73716926574707
95.93118286132812
45.62074279785156
99.3212890625
27.7938175201416
34.351627349853516
21.34018325805664
71.7624282836914
18.43855094909668
188.05816650390625
22.516935348510742
117.55189514160156
111.11766815185547
33.31669998168945
96.21086883544922
118.22808074951172
98.45491027832031
79.09814453125
52.11685562133789
24.955528259277344
36.5518798828125
17.458271026611328
102.84808349609375
56.57033920288086
64.81693267822266
44.402687072753906
128.85520935058594
84.65388488769531
57.801116943359375
15.222000122070312
141.3791961669922
43.181304931640625
38.917362213134766
11.9999418258667
47.91187286376953
56.752899169921875
37.978336334228516
67.08048248291016
37.3406867980957
33.34300994873047
33.411739349365234
32.80722427368164
179.70761108398438
39.60843276977539
53.28152084350586
315.9179992675781
33.001800537109375
69.36277770996094
152.21617126464844
59.00374984741211
9.371601104736328
74.12560272216797
75.60799407958984
18.285295486450195
51.11516571044922
25.59882164001465
78.3601303100586
15.287436485290527
28.36688995361328
44.104740142822266
71.32923889160156
21.542234420776367
84.56170654296875
43.06828308105469
17.688474655151367
24.82342529296875
31.900066375732422
71.6551742553711
28.518583297729492
128.20298767089844
111.03437805175781
94.71124267578125
32.522621154785156
23.844694137573242
33.020931243896484
79.71244049072266
85.58319091796875
45.90642166137695
69.44245910644531
88.84300994873047
61.83403015136719
42.98909378051758
86.50202178955078
45.40889358520508
21.46076202392578
192.37045288085938
67.75953674316406
19.13930320739746
100.37907409667969
104.15484619140625
31.90624237060547
18.792726516723633
32.9565544128418
38.573856353759766
16.35857391357422
20.240163803100586
10.44162368774414
20.21044158935547
20.234283447265625
351.5389709472656
85.97285461425781
150.5615997314453
20.21895408630371
49.17644119262695
41.50120544433594
17.089750289916992
42.61554718017578
91.91946411132812
49.34475326538086
8.065156936645508
117.77218627929688
22.41167449951172
41.64496612548828
55.10981369018555
19.363279342651367
61.282928466796875
116.28364562988281
28.582860946655273
60.968353271484375
73.16381072998047
37.09286880493164
22.092178344726562
71.6280517578125
146.96640014648438
57.475833892822266
11.933341026306152
7.056939125061035
9.98967456817627
32.560176849365234
33.32650375366211
29.217126846313477
18.063201904296875
136.21072387695312
9.768537521362305
33.396148681640625
48.43751525878906
92.10820770263672
27.883644104003906
150.8270263671875
54.15370559692383
16.808061599731445
20.196443557739258
77.74143981933594
13.519962310791016
22.345684051513672
29.947402954101562
51.39231872558594
18.113067626953125
6.290278434753418
19.391016006469727
33.26860046386719
39.00624465942383
75.70748138427734
76.27854919433594
34.20784378051758
113.32162475585938
16.61958122253418
21.85082244873047
21.64978790283203
60.68423843383789
28.043237686157227
184.07766723632812
26.075847625732422
29.210102081298828
68.90442657470703
97.6904525756836
87.00350952148438
31.04091453552246
126.37487030029297
56.98280334472656
45.01545333862305
53.2884521484375
79.81157684326172
29.209026336669922
126.0168685913086
90.3727035522461
48.72351837158203
33.30205535888672
83.66508483886719
119.0860595703125
33.091224670410156
61.26270294189453
52.72214126586914
5.053608417510986
5.9048171043396
53.645511627197266
32.460418701171875
98.4704818725586
61.31480407714844
59.21030044555664
27.15443992614746
21.45485496520996
20.005613327026367
65.99759674072266
31.230735778808594
36.98173904418945
40.21221160888672
7.905311584472656
139.9906005859375
26.150026321411133
8.456615447998047
41.28615951538086
98.03378295898438
90.61561584472656
39.50480270385742
156.94407653808594
138.12452697753906
165.32601928710938
28.63697624206543
52.820796966552734
53.879886627197266
27.345815658569336
65.13139343261719
46.75434494018555
35.83976364135742
63.505767822265625
70.84807586669922
151.2623748779297
12.01088809967041
27.703022003173828
57.57429885864258
38.56837844848633
133.8474884033203
17.280269622802734
67.47860717773438
135.849365234375
19.215097427368164
6.867227077484131
49.56935501098633
23.762325286865234
121.44872283935547
60.27817916870117
31.58783531188965
92.93318939208984
46.542171478271484
102.05530548095703
24.06847381591797
35.16020965576172
13.665566444396973
13.458954811096191
66.64857482910156
26.300983428955078
61.646549224853516
21.189889907836914
63.12248229980469
42.6418571472168
11.015135765075684
30.140682220458984
148.1913299560547
21.625198364257812
38.237545013427734
9.436880111694336
10.365866661071777
170.91012573242188
182.2951202392578
35.82011413574219
26.01338768005371
142.593994140625
42.513084411621094
32.03288269042969
8.926533699035645
4.931522846221924
43.51607131958008
25.644695281982422
23.061716079711914
34.04527282714844
14.37135124206543
35.68082046508789
65.60629272460938
83.09184265136719
41.83833694458008
10.740909576416016
66.81410217285156
40.98915100097656
62.557579040527344
26.041006088256836
15.92907428741455
12.7335844039917
59.27956008911133
20.819223403930664
36.03258514404297
57.65346145629883
72.94206237792969
38.05113983154297
46.3362922668457
42.28678894042969
33.03144073486328
60.53112030029297
25.55231475830078
40.96465301513672
77.3354263305664
178.9785614013672
96.48551940917969
35.228416442871094
82.0580825805664
40.32155990600586
30.15643882751465
98.8027114868164
91.44166564941406
70.51151275634766
17.262340545654297
204.1684112548828
35.110923767089844
7.639978408813477
11.769930839538574
74.31535339355469
27.182621002197266
71.13227844238281
60.473262786865234
16.490549087524414
59.33297348022461
10.69840145111084
7.271768569946289
10.961645126342773
7.685184478759766
99.3605728149414
10.474790573120117
56.5923957824707
18.53706932067871
16.877281188964844
64.75715637207031
85.62203979492188
154.32949829101562
20.039037704467773
45.323028564453125
49.496482849121094
11.272047996520996
44.764041900634766
83.11405944824219
34.75029754638672
16.756969451904297
96.4607925415039
74.34988403320312
79.70088195800781
125.04512023925781
37.06947708129883
40.50653839111328
78.40818786621094
55.349849700927734
19.177989959716797
81.0685806274414
55.691566467285156
32.29754638671875
85.6258544921875
61.47056198120117
15.459698677062988
41.69219970703125
13.04229736328125
126.47993469238281
188.05519104003906
46.834190368652344
16.514455795288086
46.318275451660156
25.57077980041504
32.32801055908203
184.82456970214844
15.424166679382324
52.62737274169922
203.55946350097656
195.45657348632812
11.582854270935059
27.219018936157227
13.582231521606445
18.707698822021484
24.19706153869629
28.897727966308594
91.37273406982422
12.065375328063965
64.50444793701172
81.25763702392578
94.77992248535156
43.725608825683594
48.948856353759766
72.86521911621094
9.063117980957031
26.69894790649414
11.544025421142578
27.333189010620117
14.04250431060791
21.33098793029785
34.806034088134766
23.769941329956055
40.77613830566406
88.92440795898438
65.52869415283203
124.47506713867188
36.730865478515625
369.3620910644531
51.4620246887207
35.655601501464844
103.41773223876953
46.192832946777344
7.660304546356201
23.12788200378418
14.736207962036133
16.185518264770508
45.1418342590332
67.7310791015625
176.0298309326172
15.185233116149902
16.710493087768555
19.065940856933594
80.65721893310547
119.58061981201172
68.88411712646484
82.46597290039062
58.46546173095703
35.30571746826172
18.893680572509766
39.23255920410156
110.11255645751953
62.0550422668457
54.51734924316406
54.258522033691406
23.05868148803711
66.40960693359375
137.06207275390625
114.37305450439453
30.02154541015625
220.35716247558594
69.2286376953125
69.60521697998047
7.501989364624023
144.49693298339844
89.14653778076172
36.24969482421875
15.249358177185059
7.241286277770996
51.73362350463867
121.72706604003906
12.844565391540527
73.32839965820312
127.18038177490234
11.382015228271484
30.81106185913086
94.03060150146484
68.6990737915039
30.035877227783203
52.19792938232422
37.661434173583984
69.59683990478516
23.429595947265625
34.68327331542969
59.93971252441406
44.70365905761719
19.681303024291992
29.855335235595703
31.198999404907227
46.27548599243164
38.57770538330078
36.039093017578125
40.97807693481445
17.520606994628906
42.264381408691406
22.231082916259766
162.74716186523438
66.52741241455078
160.8227081298828
48.16916275024414
71.88479614257812
22.260848999023438
168.52943420410156
147.0692138671875
43.75761795043945
59.69414138793945
58.9272346496582
23.096887588500977
34.040985107421875
52.903175354003906
173.5095672607422
57.84389877319336
76.25445556640625
85.5537338256836
22.143747329711914
73.99982452392578
52.04508590698242
76.0709228515625
82.72702026367188
52.854034423828125
73.74541473388672
124.87939453125
11.102791786193848
38.91997528076172
58.544097900390625
5.827160358428955
29.770498275756836
8.864838600158691
53.84688949584961
10.151957511901855
46.204715728759766
36.12880325317383
32.98079299926758
29.528234481811523
312.3558044433594
19.64553451538086
34.836666107177734
5.353845596313477
22.57019805908203
5.855128765106201
87.0614013671875
20.066091537475586
35.33299255371094
44.55043411254883
101.33087921142578
100.69085693359375
79.685791015625
23.62556266784668
98.66278076171875
49.655948638916016
107.38140869140625
80.57752227783203
21.009235382080078
77.6351089477539
20.99496841430664
86.4238052368164
100.01087188720703
76.47257995605469
44.13328170776367
36.793514251708984
101.72796630859375
24.048978805541992
39.79562759399414
83.80217742919922
62.111507415771484
14.350137710571289
25.855241775512695
36.10334014892578
19.41790199279785
31.370264053344727
37.3148193359375
21.071531295776367
302.8796081542969
24.051374435424805
22.30293846130371
186.0593719482422
14.96776294708252
56.259429931640625
21.425344467163086
15.364795684814453
12.426185607910156
12.038249015808105
101.48968505859375
41.358585357666016
38.09804153442383
76.02191162109375
103.75402069091797
29.337297439575195
145.7358856201172
330.5775451660156
14.590153694152832
28.52255630493164
42.47291946411133
164.7572021484375
96.97014617919922
87.67312622070312
145.50064086914062
41.706478118896484
59.63380813598633
99.86070251464844
24.680526733398438
23.09226417541504
65.8102798461914
80.7568130493164
28.621171951293945
7.447300434112549
34.280418395996094
53.9499397277832
86.84383392333984
20.349939346313477
151.6262969970703
60.58803939819336
63.44353485107422
39.34772491455078
19.863828659057617
89.7333755493164
15.275411605834961
38.395301818847656
9.291060447692871
25.29080581665039
9.86557388305664
11.042755126953125
63.923763275146484
19.48624038696289
11.900839805603027
104.399169921875
298.77203369140625
21.76577377319336
92.05370330810547
5.501126289367676
290.4645080566406
48.46894454956055
66.75262451171875
59.437320709228516
39.417572021484375
50.688907623291016
47.59672927856445
31.6674747467041
21.553058624267578
26.88724136352539
64.20121765136719
20.545639038085938
98.91493225097656
10.835603713989258
28.26509666442871
6.867075443267822
60.91588592529297
5.2386088371276855
65.43136596679688
18.178386688232422
5.468066692352295
12.067731857299805
59.89571762084961
43.186256408691406
19.276456832885742
11.409320831298828
162.523681640625
16.51584243774414
194.9280242919922
22.38020896911621
28.86368751525879
31.84136199951172
11.287761688232422
108.56977844238281
72.54045867919922
90.43510437011719
6.9968180656433105
26.915924072265625
191.17071533203125
16.449180603027344
29.625139236450195
12.44989013671875
15.850019454956055
13.707259178161621
94.427490234375
169.1704864501953
128.35374450683594
54.73887634277344
13.673563003540039
52.506343841552734
48.465728759765625
41.99737548828125
55.118896484375
106.38508605957031
63.86738204956055
55.1605224609375
47.94270706176758
79.38294982910156
38.143714904785156
77.36907196044922
108.52519226074219
52.932498931884766
57.92194747924805
78.0805892944336
98.34085845947266
68.23233795166016
67.65196990966797
24.988292694091797
7.637599945068359
60.846858978271484
85.32342529296875
24.529735565185547
81.12380981445312
12.335516929626465
21.2443790435791
31.593948364257812
20.650983810424805
24.404434204101562
91.07171630859375
28.460235595703125
14.443419456481934
302.28302001953125
7.959539413452148
148.80178833007812
152.4054412841797
45.84098434448242
22.884246826171875
52.82102966308594
35.61233139038086
54.941070556640625
10.591164588928223
5.69789981842041
23.736520767211914
30.565305709838867
10.280220985412598
43.17597579956055
19.64439582824707
63.80210876464844
28.037874221801758
69.64921569824219
130.55487060546875
6.861905097961426
23.144657135009766
11.588165283203125
26.833415985107422
35.355712890625
13.501917839050293
44.43247985839844
38.60554885864258
204.92359924316406
94.0555648803711
55.32027816772461
17.16412353515625
109.8711166381836
27.584545135498047
51.824798583984375
125.57197570800781
150.3291778564453
69.9867172241211
46.380611419677734
37.16714096069336
75.17200469970703
147.16725158691406
54.32025146484375
76.83618927001953
32.72954177856445
27.666732788085938
14.623144149780273
30.5797061920166
41.58948516845703
7.9413299560546875
17.463821411132812
23.729276657104492
11.007075309753418
33.41437911987305
312.55657958984375
20.0693359375
27.951705932617188
346.4452209472656
31.48282814025879
18.853607177734375
13.816743850708008
176.76602172851562
20.497953414916992
4.72954797744751
30.208097457885742
9.502055168151855
43.82210159301758
44.47001266479492
92.7596206665039
61.21763229370117
17.194799423217773
26.25701141357422
45.06159210205078
40.98811721801758
19.106094360351562
4.1340413093566895
171.3330535888672
43.06406784057617
49.20045471191406
162.7512969970703
142.9241485595703
20.779447555541992
124.75969696044922
10.452770233154297
57.82189178466797
46.46228790283203
200.3946075439453
20.865280151367188
66.90312957763672
29.443893432617188
129.98434448242188
18.56099510192871
39.78006362915039
107.96255493164062
72.23954010009766
64.64564514160156
142.28712463378906
125.40096282958984
36.19083786010742
45.47284698486328
48.51923370361328
69.76385498046875
53.68120574951172
53.8568229675293
8.61929702758789
19.52301788330078
58.4690055847168
107.95677947998047
34.52428436279297
20.311716079711914
72.91878509521484
26.94814109802246
83.84695434570312
5.873870849609375
56.251888275146484
181.51760864257812
15.248259544372559
21.491825103759766
56.89512252807617
59.32515335083008
16.62461280822754
155.4737548828125
71.90180969238281
170.27316284179688
40.068092346191406
122.81489562988281
215.8590850830078
37.860450744628906
14.890603065490723
47.333892822265625
74.67530059814453
89.1947250366211
66.47750091552734
12.202932357788086
87.61271667480469
55.47355651855469
61.47768783569336
90.98959350585938
52.45740509033203
52.50681686401367
75.10003662109375
9.473498344421387
33.93714141845703
39.07993698120117
121.95409393310547
8.15759563446045
196.73452758789062
10.477988243103027
16.1740665435791
50.10997772216797
114.16215515136719
55.32109451293945
18.33632469177246
101.83927917480469
84.55872344970703
188.9759063720703
46.76952362060547
47.492061614990234
77.33778381347656
11.220987319946289
28.78134536743164
295.185546875
27.67409324645996
94.34406280517578
151.21852111816406
87.79519653320312
80.23848724365234
85.83926391601562
38.6816520690918
32.421504974365234
43.54014587402344
27.666484832763672
8.852173805236816
24.738601684570312
54.56602096557617
40.991451263427734
115.20507049560547
138.59033203125
36.56782531738281
54.32964324951172
162.58457946777344
36.82986831665039
20.394142150878906
19.773380279541016
22.9788761138916
55.94260025024414
7.800636291503906
90.92340087890625
17.11968421936035
25.056442260742188
18.597543716430664
42.04740524291992
75.37335205078125
76.09076690673828
79.80856323242188
28.989700317382812
144.96102905273438
26.163257598876953
103.03491973876953
140.1493682861328
56.93498992919922
49.161685943603516
16.057878494262695
27.79265594482422
36.71043014526367
102.18771362304688
38.44375228881836
75.34249877929688
32.25779724121094
41.32435607910156
63.167991638183594
158.05906677246094
37.11394500732422
28.772077560424805
91.11739349365234
57.81717300415039
58.62946319580078
10.737990379333496
42.384193420410156
22.419057846069336
51.29878234863281
6.18565559387207
21.57794189453125
73.97132110595703
76.81803131103516
33.97936248779297
108.92211151123047
21.414403915405273
25.555879592895508
21.29168701171875
249.3676300048828
21.297269821166992
24.66802406311035
60.815853118896484
11.553025245666504
19.678434371948242
146.3643341064453
253.6581573486328
39.29279708862305
52.44535446166992
19.90366554260254
21.358182907104492
301.1582946777344
21.68927001953125
49.9650764465332
18.731704711914062
45.854454040527344
40.54253387451172
50.77892303466797
175.1787567138672
45.144527435302734
44.44350051879883
24.229888916015625
25.332725524902344
119.73646545410156
22.05449867248535
47.60097885131836
57.039180755615234
13.917593955993652
183.88339233398438
117.17881774902344
53.39529037475586
13.055386543273926
17.760650634765625
27.35128402709961
30.208799362182617
29.632911682128906
13.03052043914795
221.59695434570312
20.228567123413086
48.91229248046875
109.41887664794922
25.722063064575195
44.023681640625
28.803068161010742
31.866910934448242
17.030656814575195
167.22415161132812
30.070302963256836
60.006404876708984
221.4792938232422
57.024173736572266
18.59076499938965
22.489755630493164
33.87324523925781
10.26164436340332
51.013824462890625
57.285484313964844
116.677001953125
159.99041748046875
6.821713924407959
264.809326171875
6.874181747436523
29.833797454833984
7.603437423706055
121.7996826171875
42.541507720947266
48.57062530517578
81.13077545166016
62.2017707824707
88.43772888183594
49.85898208618164
34.36061477661133
57.11747360229492
139.36231994628906
5.452584266662598
28.90549087524414
71.57650756835938
24.135744094848633
25.12877082824707
34.06357955932617
8.999709129333496
31.727222442626953
34.153202056884766
15.260555267333984
76.36404418945312
32.71084976196289
39.74364471435547
68.79181671142578
39.706363677978516
58.4929313659668
14.453047752380371
118.73250579833984
84.17471313476562
46.35617446899414
14.773311614990234
14.063337326049805
138.3759765625
142.65243530273438
193.77801513671875
168.37794494628906
14.539414405822754
70.53288269042969
37.99860763549805
46.416290283203125
38.79269027709961
52.32491683959961
43.16667556762695
55.50431442260742
19.641986846923828
24.69908905029297
20.041004180908203
153.896240234375
54.691097259521484
59.55632781982422
26.71110725402832
58.49734115600586
26.775800704956055
74.02507781982422
15.139506340026855
120.3172378540039
23.773225784301758
170.39474487304688
10.618170738220215
10.487835884094238
37.2877311706543
6.226657390594482
231.1475067138672
14.124526023864746
16.975967407226562
103.39988708496094
15.769054412841797
19.21291732788086
20.365005493164062
111.07962799072266
54.53633499145508
82.10443115234375
62.19638442993164
44.06800842285156
71.05699920654297
64.23031616210938
67.6297836303711
120.29716491699219
78.34181213378906
65.41761779785156
76.36048126220703
73.53703308105469
111.37211608886719
20.765331268310547
115.37965393066406
25.76173210144043
69.0551986694336
109.98524475097656
29.234304428100586
23.67067527770996
25.44637680053711
21.15276336669922
20.6868839263916
19.745075225830078
64.12188720703125
7.628263473510742
135.19369506835938
156.61781311035156
375.229736328125
15.84587574005127
37.300228118896484
19.29449462890625
212.56100463867188
85.21222686767578
96.33802795410156
12.553340911865234
48.574581146240234
17.00432586669922
31.72058868408203
59.857112884521484
23.828203201293945
57.961097717285156
12.342374801635742
17.66916275024414
51.87139129638672
13.038142204284668
4.570255756378174
61.75664138793945
46.19711685180664
21.044912338256836
19.69306755065918
26.110462188720703
80.3362045288086
180.9251708984375
68.77568054199219
31.28714370727539
32.956932067871094
26.557802200317383
12.925601959228516
37.71022415161133
173.69544982910156
15.5971040725708
75.74333953857422
34.48994064331055
17.987157821655273
16.174291610717773
10.363862991333008
10.728678703308105
194.7353515625
54.847938537597656
130.632568359375
157.26832580566406
73.0384750366211
28.211925506591797
99.58829498291016
81.3952407836914
16.349058151245117
12.235605239868164
10.979424476623535
23.683761596679688
104.69343566894531
49.401527404785156
11.600250244140625
86.57515716552734
65.87606811523438
184.74813842773438
241.3901824951172
28.79617691040039
29.74783706665039
36.1314811706543
31.54153823852539
24.172393798828125
6.54549503326416
8.950850486755371
53.06460189819336
47.01631546020508
24.20844841003418
42.821041107177734
16.295175552368164
19.618223190307617
201.3990936279297
9.517145156860352
237.76104736328125
116.56029510498047
26.27079963684082
124.214111328125
156.97628784179688
37.592166900634766
84.64048767089844
27.385658264160156
54.33751678466797
21.108417510986328
39.20375442504883
19.650415420532227
39.986690521240234
26.643203735351562
39.84838104248047
34.786502838134766
148.05665588378906
113.44820404052734
17.720779418945312
44.06032943725586
55.003395080566406
52.60847854614258
30.83005142211914
170.78976440429688
4.9807891845703125
16.261564254760742
52.685543060302734
65.35456848144531
27.006921768188477
39.68050765991211
52.222713470458984
27.43938446044922
99.30940246582031
64.59571075439453
13.517045974731445
84.92559814453125
66.16883850097656
37.273868560791016
87.47419738769531
21.844003677368164
341.81549072265625
53.48488235473633
26.901443481445312
56.22470474243164
38.83757400512695
9.725503921508789
179.62640380859375
24.54547691345215
157.97323608398438
38.06929397583008
38.652732849121094
86.2106704711914
16.631427764892578
75.12804412841797
16.01166534423828
27.00311279296875
201.54864501953125
35.38518524169922
49.77327346801758
159.51414489746094
44.99400329589844
95.08782196044922
50.145816802978516
40.98802185058594
73.33717346191406
86.6114273071289
57.56732940673828
163.10214233398438
186.88914489746094
45.536537170410156
35.26149368286133
22.84452247619629
53.14787673950195
27.966489791870117
9.771307945251465
60.669105529785156
89.12812805175781
28.50661849975586
12.744524955749512
6.158482074737549
23.935747146606445
9.127169609069824
125.00852966308594
23.90304183959961
50.60683822631836
162.0009765625
48.47526168823242
24.821725845336914
7.668344497680664
25.57988166809082
206.22308349609375
60.7321662902832
158.01429748535156
88.69173431396484
95.27933502197266
31.336206436157227
99.78934478759766
22.99170684814453
49.77330017089844
32.955238342285156
3.5970730781555176
39.08293151855469
8.989618301391602
67.73163604736328
8.694406509399414
52.7431526184082
19.100698471069336
55.53902053833008
23.78391456604004
27.322166442871094
9.853492736816406
19.324050903320312
19.32914161682129
15.011553764343262
12.179195404052734
31.1219425201416
188.6558380126953
31.003881454467773
211.98092651367188
210.73208618164062
19.06357192993164
149.24453735351562
52.2567138671875
64.30223083496094
21.31300926208496
30.79371452331543
169.7625732421875
42.564910888671875
115.95018768310547
57.18710708618164
53.24821853637695
17.064868927001953
15.159321784973145
13.633427619934082
35.244903564453125
71.65282440185547
12.573580741882324
45.434791564941406
20.541189193725586
177.33334350585938
10.348494529724121
55.90598678588867
55.76366424560547
192.40728759765625
32.95048141479492
18.27699851989746
38.788597106933594
205.4874267578125
7.272894859313965
32.02036666870117
38.64176559448242
25.255151748657227
56.454368591308594
17.085615158081055
53.87343978881836
16.986196517944336
21.06450653076172
143.02481079101562
32.64937973022461
9.138026237487793
23.905380249023438
4.884279251098633
135.05892944335938
112.44273376464844
40.305015563964844
21.22002601623535
34.65085220336914
27.786109924316406
27.082277297973633
4.637443542480469
43.7410774230957
7.745206832885742
9.88394832611084
70.50857543945312
20.66160011291504
65.67231750488281
98.16877746582031
138.1310577392578
24.637596130371094
67.01966094970703
185.67994689941406
160.51051330566406
91.02218627929688
45.81306076049805
19.65093994140625
34.3213005065918
57.810115814208984
62.325889587402344
22.80426025390625
182.50030517578125
6.2755126953125
24.23308753967285
38.14750289916992
266.6451721191406
22.05097007751465
159.50799560546875
9.542939186096191
85.12870025634766
33.215087890625
52.90548324584961
74.8166732788086
116.65998840332031
90.52728271484375
52.15198516845703
18.833826065063477
13.643322944641113
106.30157470703125
66.41877746582031
7.078239440917969
68.6811294555664
43.47985076904297
51.30549240112305
44.921146392822266
30.36113166809082
61.66899490356445
239.9080047607422
13.927330017089844
48.49922561645508
6.913068771362305
21.722368240356445
48.69377517700195
40.99509811401367
19.559309005737305
143.8070068359375
10.410273551940918
16.303495407104492
30.454790115356445
208.47933959960938
39.252750396728516
193.94834899902344
4.329683303833008
27.95256233215332
21.631168365478516
63.24882888793945
27.17504119873047
10.650275230407715
3.385380983352661
10.430047035217285
39.5386848449707
8.823787689208984
30.904634475708008
41.74951171875
53.682029724121094
143.54811096191406
7.411920547485352
88.89180755615234
233.90992736816406
48.8726806640625
15.74473762512207
11.50301456451416
51.35918426513672
29.920574188232422
12.013818740844727
68.42333984375
156.1150360107422
11.717723846435547
15.405599594116211
32.50539016723633
45.94061279296875
43.85431671142578
9.494141578674316
6.454482555389404
5.196497440338135
61.84444808959961
17.07275390625
269.87445068359375
25.728559494018555
140.3571319580078
28.736143112182617
14.898957252502441
17.602428436279297
22.945539474487305
53.467140197753906
72.73314666748047
39.74185562133789
29.35765838623047
21.61578941345215
39.859256744384766
8.586129188537598
48.652549743652344
21.138656616210938
213.88426208496094
139.6215057373047
29.548473358154297
66.67512512207031
211.4107208251953
159.4201202392578
16.995750427246094
13.867341041564941
39.523372650146484
20.330068588256836
52.01265335083008
255.40301513671875
128.10693359375
35.85305404663086
84.80720520019531
11.587900161743164
30.213359832763672
41.41998291015625
16.493314743041992
227.96823120117188
49.31292724609375
185.833740234375
113.38593292236328
46.99798583984375
27.324064254760742
32.79409408569336
31.586320877075195
48.261043548583984
9.22061824798584
175.2156982421875
42.97502517700195
20.240039825439453
27.81650161743164
137.0419464111328
48.15750503540039
68.65625762939453
13.309098243713379
62.0992431640625
43.00529479980469
25.29984474182129
226.4097137451172
37.69451141357422
39.0657958984375
20.978805541992188
55.756839752197266
9.430619239807129
15.897428512573242
63.33003616333008
20.824399948120117
31.106401443481445
21.318967819213867
83.40039825439453
10.664687156677246
35.762142181396484
23.561203002929688
109.69831085205078
108.18199157714844
15.417859077453613
388.1424560546875
66.14411926269531
70.29302978515625
55.67035675048828
20.054931640625
21.059446334838867
63.90660095214844
22.82903289794922
33.41231155395508
37.698974609375
121.16880798339844
192.94142150878906
72.1923599243164
34.48469543457031
211.640380859375
175.58326721191406
62.5180549621582
112.62054443359375
6.802306652069092
79.95454406738281
10.840027809143066
53.44353103637695
33.217227935791016
24.457244873046875
170.8937225341797
322.0306091308594
23.333351135253906
32.05743408203125
68.86143493652344
31.072420120239258
78.04676055908203
58.61854934692383
130.00157165527344
54.20320510864258
70.21280670166016
43.31733703613281
35.78568649291992
7.031139373779297
9.310908317565918
41.35892868041992
30.57281494140625
18.617116928100586
14.761150360107422
17.721811294555664
90.09378051757812
77.6317138671875
16.84490966796875
6.319434642791748
77.81792449951172
40.105709075927734
6.1260786056518555
49.32106018066406
16.27931022644043
33.794986724853516
38.784488677978516
44.691898345947266
63.87801742553711
15.333473205566406
12.81143856048584
7.79935884475708
15.784867286682129
204.2190704345703
35.15255355834961
220.8681182861328
63.60347366333008
39.95117950439453
193.27667236328125
76.17034912109375
44.393653869628906
156.2707977294922
210.22164916992188
365.0458679199219
5.562880039215088
28.938594818115234
28.868972778320312
20.576778411865234
65.10120391845703
61.57194137573242
43.97541427612305
162.4769744873047
32.08940124511719
32.714962005615234
247.72964477539062
50.5788459777832
129.47042846679688
179.0036163330078
60.59840774536133
180.57855224609375
22.615966796875
16.922597885131836
170.86924743652344
119.76595306396484
85.8123779296875
36.198299407958984
79.80172729492188
21.704423904418945
34.312889099121094
53.28353500366211
61.96889114379883
39.259315490722656
66.27596282958984
81.35433197021484
57.50592803955078
30.097679138183594
41.387142181396484
127.12129211425781
96.34093475341797
42.57780838012695
29.541383743286133
15.223426818847656
9.677810668945312
41.61294937133789
121.28279876708984
36.032127380371094
21.5173397064209
175.44300842285156
17.862125396728516
23.363248825073242
54.394142150878906
6.2115583419799805
31.292381286621094
19.03411102294922
20.21629524230957
275.5402526855469
27.042781829833984
283.0158386230469
10.084966659545898
42.25166702270508
104.39286804199219
70.76268005371094
50.950557708740234
141.0153350830078
219.56689453125
25.2592716217041
44.455745697021484
23.619007110595703
11.571098327636719
31.38397979736328
69.31844329833984
137.7562713623047
23.838499069213867
47.27668380737305
134.39712524414062
8.814081192016602
25.192323684692383
36.153141021728516
63.86383056640625
98.42780303955078
32.64207458496094
4.604166507720947
28.405305862426758
130.10232543945312
37.52497482299805
60.5380859375
54.25545120239258
21.95093536376953
12.487618446350098
25.64103126525879
29.872774124145508
58.29200744628906
161.1465606689453
25.356285095214844
76.70917510986328
29.12449836730957
15.975692749023438
201.5902099609375
10.946420669555664
23.1866512298584
13.526954650878906
15.147814750671387
183.71043395996094
92.3686752319336
48.92544174194336
19.78182029724121
10.814864158630371
70.41215515136719
88.16056823730469
37.47150421142578
21.18772315979004
12.27758502960205
19.280534744262695
9.96082592010498
18.194442749023438
24.03654670715332
7.249336242675781
13.91286849975586
22.85030174255371
49.113834381103516
18.60310935974121
133.21258544921875
151.5074920654297
80.75934600830078
8.892110824584961
17.18971824645996
75.65939331054688
8.078330993652344
33.17265319824219
121.72364044189453
30.316787719726562
28.396034240722656
138.35958862304688
47.7690544128418
24.241689682006836
119.0589828491211
136.68199157714844
66.38310241699219
13.963080406188965
17.406631469726562
43.39548873901367
16.82646369934082
1.686415672302246
10.550864219665527
74.56669616699219
171.63397216796875
112.52227783203125
119.69396209716797
161.65655517578125
71.83535766601562
14.764620780944824
45.79483413696289
103.51910400390625
24.510135650634766
84.5713882446289
173.36439514160156
65.22685241699219
49.18983459472656
53.07400894165039
24.509443283081055
132.70741271972656
152.98480224609375
62.82630157470703
32.503135681152344
20.318239212036133
64.48625946044922
29.38797378540039
111.12564849853516
29.8023738861084
20.82854652404785
319.6329345703125
57.99293899536133
47.45827865600586
20.32173728942871
29.332735061645508
74.33353424072266
20.167978286743164
8.547329902648926
23.599082946777344
7.246812343597412
34.453861236572266
15.500226974487305
51.741371154785156
18.197229385375977
41.23927307128906
7.581747055053711
36.12743377685547
224.25538635253906
37.6652946472168
186.8292694091797
371.2467346191406
7.604034423828125
22.000911712646484
147.25465393066406
121.70523834228516
10.439815521240234
171.53466796875
36.345279693603516
8.599089622497559
23.468658447265625
8.4605131149292
17.827260971069336
9.92518138885498
15.538119316101074
74.96270751953125
17.056568145751953
15.652983665466309
16.022666931152344
152.48020935058594
10.063145637512207
28.706867218017578
149.6007843017578
59.9615364074707
3.832717180252075
111.71683502197266
37.944793701171875
27.40180015563965
25.97883415222168
24.77752113342285
100.24037170410156
33.48482894897461
210.78228759765625
25.39807891845703
64.2538070678711
6.09525728225708
15.79440975189209
13.994532585144043
30.046207427978516
38.98064422607422
25.03420066833496
74.35601043701172
25.14286994934082
54.98359680175781
14.009793281555176
76.0773696899414
25.16246795654297
62.581382751464844
7.738107681274414
55.42554473876953
9.615189552307129
83.92298889160156
37.11246109008789
66.56684112548828
37.163726806640625
214.35379028320312
6.987546920776367
23.8596248626709
56.453887939453125
375.5687561035156
15.164003372192383
29.276073455810547
61.14176559448242
27.67303466796875
17.62006378173828
44.97990036010742
10.746784210205078
16.684118270874023
57.88906478881836
9.21861457824707
16.677268981933594
179.06887817382812
29.557838439941406
96.9290542602539
31.506084442138672
64.13461303710938
15.584298133850098
44.42691421508789
36.84904479980469
77.90117645263672
160.17112731933594
21.724382400512695
65.32099151611328
24.754291534423828
38.99235153198242
147.52952575683594
23.323183059692383
34.20443344116211
15.48500919342041
5.571702480316162
207.2490692138672
19.508934020996094
20.302133560180664
196.2930450439453
165.84231567382812
91.21592712402344
17.513072967529297
31.023569107055664
11.954668998718262
14.8527250289917
7.580001354217529
36.01607894897461
134.48605346679688
44.24531936645508
64.40106201171875
38.07217788696289
52.084144592285156
20.036014556884766
46.9127197265625
165.1288604736328
150.4194793701172
349.1040954589844
18.21982192993164
89.33143615722656
66.1822738647461
84.66161346435547
21.543537139892578
8.298380851745605
9.815465927124023
153.14373779296875
54.40779495239258
44.593509674072266
32.05217742919922
28.206668853759766
29.039857864379883
34.09794616699219
7.186287879943848
106.02723693847656
103.11563110351562
41.13321304321289
84.05667114257812
71.69448852539062
15.076815605163574
185.43873596191406
91.64295196533203
113.2048110961914
15.473952293395996
