105.01837921142578
103.06571960449219
106.74432373046875
108.1659927368164
106.98817443847656
106.05923461914062
112.55882263183594
112.41698455810547
114.95714569091797
116.23158264160156
118.30337524414062
121.23030853271484
126.38917541503906
126.94493865966797
130.8407440185547
138.05508422851562
132.88075256347656
150.05047607421875
146.87521362304688
158.3016357421875
158.78053283691406
165.08792114257812
178.65379333496094
176.39138793945312
173.50804138183594
185.8447723388672
190.88905334472656
193.10775756835938
200.91455078125
196.0445098876953
213.1271209716797
205.6795654296875
216.3649444580078
219.0926971435547
224.54315185546875
216.53897094726562
238.1912841796875
225.1609649658203
236.6692657470703
246.0009765625
245.0515899658203
246.6059112548828
250.318115234375
252.93614196777344
256.1703796386719
254.5359649658203
256.12646484375
266.7295837402344
274.03179931640625
264.3517150878906
270.3134460449219
276.1448059082031
257.4481506347656
287.23089599609375
290.4433288574219
275.30828857421875
262.1352233886719
272.97149658203125
274.9936828613281
285.3279724121094
270.6708068847656
283.9992370605469
289.1120300292969
278.4748229980469
267.9226379394531
269.166015625
270.68206787109375
276.6736755371094
262.47686767578125
285.2103271484375
281.1903076171875
283.4892883300781
275.1113586425781
264.2349548339844
255.3813018798828
256.3105163574219
269.79022216796875
279.8706359863281
282.66217041015625
224.41941833496094
271.99249267578125
260.69500732421875
238.1045379638672
251.8361358642578
252.274658203125
266.0597229003906
243.0783233642578
257.5905456542969
228.029296875
237.93801879882812
245.8292999267578
233.23793029785156
218.04356384277344
230.12257385253906
224.22950744628906
225.68728637695312
205.79217529296875
247.46591186523438
242.3207550048828
231.8363800048828
205.96701049804688
219.06857299804688
199.17181396484375
218.48365783691406
240.13394165039062
220.37655639648438
223.82369995117188
237.3910369873047
213.1699676513672
214.83631896972656
220.41165161132812
226.34471130371094
217.9647979736328
220.21585083007812
223.39483642578125
221.0244903564453
204.9583282470703
179.63189697265625
190.6071319580078
206.73915100097656
