136.25897216796875
140.34237670898438
137.35824584960938
134.17832946777344
134.57977294921875
127.2950668334961
135.61082458496094
138.45004272460938
138.8134307861328
135.72689819335938
131.24977111816406
131.30955505371094
131.63499450683594
134.66827392578125
133.10411071777344
126.02735137939453
123.26717376708984
122.5127182006836
128.63587951660156
122.94995880126953
122.74198913574219
122.05121612548828
107.49480438232422
114.73895263671875
108.31031036376953
105.74887084960938
105.71280670166016
104.05714416503906
98.9769058227539
94.74342346191406
93.31205749511719
83.16141510009766
82.69999694824219
82.46248626708984
75.46228790283203
73.26502227783203
69.59355926513672
65.00714111328125
66.25894927978516
54.29265213012695
56.150054931640625
49.714290618896484
49.69931411743164
44.674774169921875
43.511905670166016
39.06008529663086
38.30805587768555
34.78870391845703
32.57448959350586
29.61025619506836
30.404470443725586
28.096817016601562
28.73210906982422
29.060955047607422
28.843048095703125
24.486845016479492
26.900646209716797
25.18364906311035
25.304725646972656
24.682220458984375
26.491090774536133
23.587217330932617
24.799474716186523
22.901565551757812
22.796863555908203
24.763872146606445
21.794414520263672
25.805471420288086
23.516958236694336
22.6536808013916
22.335336685180664
21.12333106994629
24.129718780517578
23.460405349731445
22.119775772094727
18.916645050048828
20.86266326904297
19.6512393951416
20.07489776611328
19.665573120117188
19.99874496459961
20.82716178894043
18.525836944580078
20.587291717529297
18.43415641784668
17.6748104095459
18.65068244934082
19.030431747436523
17.631654739379883
18.941938400268555
16.61031723022461
21.989938735961914
22.260414123535156
18.44270133972168
18.86072540283203
20.17995262145996
16.48703384399414
16.787817001342773
18.87089729309082
19.115680694580078
20.009117126464844
16.841352462768555
18.70992088317871
16.74969482421875
15.160835266113281
15.961113929748535
15.908750534057617
17.811134338378906
15.776684761047363
19.657468795776367
18.535123825073242
14.329133987426758
15.959421157836914
18.304716110229492
15.380855560302734
17.894197463989258
16.273426055908203
17.12213134765625
16.806686401367188
13.88526725769043
