143.6369171142578
124.31745147705078
120.34386444091797
143.2238311767578
130.1387176513672
132.79920959472656
144.63241577148438
149.9076690673828
142.9072723388672
149.3567352294922
137.22845458984375
131.40438842773438
140.40963745117188
127.91743469238281
138.23692321777344
132.60276794433594
124.4987564086914
120.00814056396484
148.8722381591797
152.9146270751953
135.95957946777344
127.00301361083984
127.8508529663086
131.00575256347656
121.57090759277344
146.11013793945312
144.73641967773438
126.19657897949219
133.3806915283203
135.5572967529297
141.51808166503906
122.70339965820312
110.97113800048828
137.8492889404297
143.44276428222656
144.00074768066406
121.4631576538086
154.4589385986328
126.48966217041016
128.21005249023438
112.99617004394531
117.56736755371094
107.58955383300781
127.55833435058594
99.8744125366211
119.41966247558594
131.1659393310547
113.81280517578125
108.22366333007812
97.3796615600586
122.27412414550781
87.07341766357422
96.92081451416016
110.26829528808594
107.78459930419922
90.95134735107422
105.03457641601562
99.1747055053711
97.51970672607422
88.67070007324219
104.72048950195312
89.15543365478516
74.11295318603516
88.16651916503906
85.97859954833984
87.29933166503906
80.47023010253906
79.80421447753906
78.2375717163086
79.27857971191406
54.93690490722656
60.2061653137207
59.095394134521484
47.157711029052734
52.88822555541992
48.21352005004883
47.91305923461914
39.74781799316406
34.61317443847656
33.25003433227539
23.67841148376465
25.532079696655273
21.902793884277344
16.597387313842773
15.52023983001709
14.275097846984863
12.660957336425781
17.99370765686035
9.191155433654785
8.890755653381348
11.655587196350098
8.491888999938965
7.740597248077393
9.084004402160645
49.16693878173828
28.994083404541016
31.513378143310547
26.1042537689209
21.989364624023438
7.23249626159668
6.732787132263184
5.773146152496338
22.81407928466797
26.871719360351562
13.695516586303711
15.534132957458496
16.287147521972656
9.91773509979248
10.418753623962402
14.475672721862793
9.633537292480469
19.683345794677734
11.942255020141602
18.753177642822266
8.034835815429688
13.537840843200684
9.688607215881348
7.066076755523682
10.862125396728516
6.700809478759766
7.276130676269531
13.604183197021484
5.697506904602051
6.225770950317383
5.553603649139404
5.417919635772705
15.712265968322754
5.843828201293945
6.388878345489502
5.644322872161865
12.91893482208252
12.449261665344238
10.141895294189453
7.406948566436768
11.478672981262207
11.511761665344238
10.276664733886719
11.182060241699219
7.393080234527588
6.51214075088501
5.665119171142578
10.027865409851074
9.368112564086914
5.98537540435791
9.97180461883545
5.619309425354004
9.687569618225098
19.060483932495117
8.0035400390625
7.009218215942383
6.671333312988281
6.64805793762207
9.60400390625
5.675665378570557
9.971756935119629
7.248985767364502
6.372162818908691
8.585137367248535
8.9638032913208
6.8512372970581055
8.835834503173828
6.969228744506836
6.55054235458374
5.631681442260742
5.5860185623168945
5.442192554473877
8.720149993896484
8.349959373474121
8.459261894226074
16.6389102935791
6.077373027801514
6.887825965881348
6.332355499267578
6.330678462982178
6.528946399688721
5.416248321533203
5.75604772567749
5.740969657897949
7.377849578857422
6.908740997314453
6.539430141448975
6.614071846008301
5.197973251342773
6.48531436920166
5.643199443817139
6.05543327331543
5.62059211730957
5.223953723907471
6.935039043426514
5.630159378051758
5.496542453765869
6.743387222290039
5.678991317749023
6.199224472045898
5.39823055267334
5.764085292816162
5.682284832000732
5.375020980834961
6.582400321960449
6.456294536590576
5.1032514572143555
7.29789400100708
5.433633804321289
5.408898830413818
5.423514366149902
5.271576881408691
3.9812254905700684
5.005792140960693
5.3197245597839355
5.296051025390625
5.755892753601074
5.345826625823975
5.939962387084961
5.000932216644287
5.202157020568848
5.5977559089660645
5.611532688140869
5.331505298614502
5.499507427215576
5.2779364585876465
5.273383140563965
5.503177642822266
5.2591986656188965
5.21218204498291
4.9577317237854
5.0442023277282715
5.27010440826416
5.70112943649292
5.474630832672119
5.266049861907959
5.209738254547119
5.113061904907227
5.094818115234375
7.645756721496582
6.306425094604492
6.366798400878906
5.275972843170166
4.652259349822998
5.500035762786865
4.824946880340576
5.551762580871582
5.123331069946289
5.219706058502197
5.537191867828369
4.749147891998291
5.193663120269775
5.196274280548096
5.719752311706543
4.9651899337768555
5.222530364990234
4.847723484039307
5.3121466636657715
5.522328853607178
5.042003154754639
4.616067886352539
6.0262885093688965
4.95562744140625
5.017434597015381
5.397566318511963
4.943699836730957
5.240488052368164
5.064667224884033
4.911708354949951
5.426520347595215
4.9072065353393555
5.516194820404053
5.191579818725586
5.251034736633301
5.217822074890137
5.505557060241699
4.7912917137146
4.984459400177002
4.932545185089111
5.040007591247559
5.019722938537598
5.3613691329956055
4.92783260345459
5.265232086181641
4.959134101867676
5.519996166229248
5.329171657562256
4.936671733856201
5.239243984222412
4.733565807342529
5.150146961212158
5.1212286949157715
5.148283004760742
4.855864524841309
4.973710536956787
4.741235733032227
4.621223449707031
4.879983425140381
4.9256768226623535
4.9670586585998535
4.983573913574219
5.167520523071289
4.778721332550049
4.9308762550354
4.988039493560791
5.078057289123535
4.972465991973877
5.467968940734863
4.590429306030273
4.832454681396484
4.559200286865234
5.296666622161865
5.50372838973999
4.731600284576416
5.175539970397949
4.819060802459717
5.281813144683838
5.070377349853516
4.312160015106201
4.873357772827148
4.826643466949463
5.025066375732422
5.394273281097412
4.892518520355225
4.855105400085449
4.65276575088501
5.104134559631348
4.811838626861572
4.20254373550415
4.805411338806152
4.932066440582275
4.6352033615112305
4.634698867797852
4.963799953460693
5.092697620391846
4.510278701782227
4.736758708953857
5.102286338806152
4.453531265258789
5.364837646484375
4.11613655090332
4.980094909667969
4.807834148406982
4.613307476043701
4.468042850494385
5.3052978515625
4.9372477531433105
4.581517696380615
4.358207702636719
4.455230236053467
4.872747421264648
4.854412078857422
4.8387298583984375
4.437092304229736
4.834046363830566
4.932568073272705
5.100924491882324
5.7654032707214355
4.986678123474121
4.446298122406006
4.588685512542725
5.070286750793457
4.8299713134765625
5.145092964172363
4.021889686584473
4.808385848999023
4.521241664886475
4.217272758483887
5.186745643615723
5.021507740020752
4.849390029907227
4.984583377838135
4.397630214691162
5.024744987487793
4.629789352416992
5.366199493408203
5.687020778656006
4.813826560974121
4.874226093292236
5.021522045135498
4.982980251312256
3.545828104019165
4.4022746086120605
4.511539936065674
4.617085933685303
4.803006172180176
4.799814224243164
5.140430927276611
4.84007453918457
5.1176629066467285
4.712233543395996
5.070003986358643
4.920936107635498
4.401973247528076
4.949846267700195
4.711986064910889
5.542296409606934
5.250317573547363
4.245079040527344
4.213715553283691
4.750743865966797
5.083502769470215
4.829003810882568
4.820228099822998
5.093689441680908
4.99802827835083
4.839745998382568
4.9745869636535645
5.038383960723877
5.0782976150512695
4.243029594421387
5.118798732757568
4.662317276000977
4.7727952003479
4.730760097503662
4.416653633117676
4.241800308227539
5.011582374572754
4.505149841308594
5.080965995788574
4.557483196258545
4.7691216468811035
4.862722396850586
4.893130779266357
4.609318256378174
4.256279468536377
4.521196365356445
4.06758975982666
5.188579082489014
5.04275369644165
5.167119979858398
5.410375595092773
4.783876419067383
4.944944381713867
4.769169330596924
4.847078800201416
4.60533332824707
4.846513271331787
4.965569019317627
5.068466663360596
5.277549743652344
4.9402031898498535
4.863244533538818
4.2097859382629395
4.596008777618408
5.0534772872924805
3.9486818313598633
4.8118577003479
4.19573974609375
4.890364646911621
4.811376094818115
4.909088611602783
5.050113201141357
4.5043487548828125
4.453170299530029
4.2126922607421875
4.0315327644348145
4.820977687835693
3.7591168880462646
4.3623785972595215
4.627885818481445
4.649717330932617
4.966994285583496
4.924180030822754
4.373038291931152
4.886868476867676
4.432245254516602
4.535379886627197
4.7679829597473145
4.617712497711182
5.123928070068359
4.837048530578613
4.778593063354492
4.730082988739014
4.693984031677246
4.836703777313232
4.713127613067627
4.0359015464782715
4.743668556213379
4.225311756134033
4.665259838104248
3.877396821975708
4.73647928237915
4.444243907928467
4.885368824005127
4.620232105255127
4.498973369598389
3.944693088531494
5.42534065246582
5.678407669067383
5.845611095428467
5.177938938140869
4.648951530456543
4.376058101654053
4.647684574127197
5.148157119750977
5.486873149871826
5.239806175231934
4.2851457595825195
4.646652698516846
4.640933990478516
4.627897262573242
3.8792037963867188
4.442284107208252
3.935070753097534
4.868631839752197
4.470283031463623
4.686279296875
4.474420070648193
4.542265892028809
4.329540729522705
4.032139301300049
4.445550441741943
4.291011333465576
4.551411151885986
4.538633823394775
4.76174259185791
4.817615509033203
4.625296115875244
4.5775556564331055
4.563560962677002
4.087255001068115
4.245162487030029
4.161660671234131
4.201374530792236
3.668388605117798
4.086254596710205
4.468753337860107
4.030594348907471
4.561944961547852
4.55833625793457
4.633076190948486
4.4468183517456055
3.5929393768310547
4.437524795532227
4.4800286293029785
4.919641494750977
4.455529689788818
4.262209892272949
4.453972339630127
4.721296787261963
5.356068134307861
5.420874118804932
4.6422600746154785
3.8848304748535156
4.062012195587158
4.728362083435059
4.390416145324707
4.274756908416748
4.142608642578125
4.783087730407715
3.9522409439086914
4.744026184082031
4.038582801818848
4.048114776611328
4.261443138122559
4.725532054901123
4.525427341461182
4.77534818649292
4.966717720031738
5.092531681060791
4.550416946411133
4.4054975509643555
4.630372047424316
4.590070724487305
4.502591609954834
4.431363105773926
4.20114278793335
4.315742015838623
4.280963897705078
4.795016288757324
3.80361270904541
3.7146189212799072
4.598909854888916
4.307366371154785
4.086269378662109
4.445840358734131
4.345523357391357
4.776040554046631
4.938613414764404
4.263099670410156
4.326676368713379
4.084141731262207
3.9574313163757324
4.906338691711426
4.336006164550781
4.435669422149658
4.4856977462768555
4.241694927215576
4.507274150848389
4.326794624328613
4.023132801055908
4.595588684082031
4.348966598510742
4.369442462921143
4.454986095428467
4.849977016448975
4.525985240936279
4.282413959503174
4.429608345031738
4.169225692749023
4.333634376525879
3.9331753253936768
4.213799953460693
4.19870138168335
4.107926368713379
4.274846076965332
3.947542667388916
4.283220291137695
4.544368743896484
4.34480619430542
4.120670318603516
4.152046203613281
4.698690414428711
3.946836471557617
3.8921942710876465
4.4507832527160645
4.041858196258545
4.303295612335205
4.330428123474121
4.27589225769043
4.55364990234375
4.38967227935791
5.022286891937256
3.6967196464538574
3.9715771675109863
4.148931503295898
4.271612644195557
4.650982856750488
4.561164379119873
4.610555171966553
4.437444686889648
4.370162010192871
4.755894184112549
5.081133842468262
4.920003414154053
4.425264358520508
4.150231838226318
4.53574800491333
4.440093517303467
4.431277275085449
4.238462448120117
3.9068078994750977
4.8412299156188965
4.1724677085876465
4.098272323608398
4.217483043670654
3.544203281402588
4.421375274658203
4.448574542999268
4.10203742980957
3.9444570541381836
3.9551618099212646
4.109227657318115
4.170609951019287
4.062572479248047
4.1312737464904785
4.005971431732178
3.9719412326812744
3.450385332107544
3.8005447387695312
4.161258697509766
4.305389404296875
4.069268703460693
3.779656410217285
3.7293198108673096
3.8787567615509033
3.846292734146118
3.805565595626831
4.012767791748047
4.03130578994751
3.9374840259552
3.5323667526245117
4.15390682220459
4.148868083953857
3.868302345275879
4.069125175476074
4.278975486755371
3.616731882095337
3.8624985218048096
4.053238391876221
4.076065540313721
4.03095006942749
3.789565086364746
3.995905637741089
3.933250904083252
4.282106399536133
4.124467849731445
4.26769495010376
4.124586582183838
3.9831323623657227
3.842637062072754
3.7671120166778564
3.9893903732299805
3.705658435821533
4.207934856414795
4.178632736206055
4.067692756652832
4.417176723480225
3.6056160926818848
3.941835403442383
3.8096306324005127
4.1412482261657715
4.209556579589844
4.109177589416504
4.138868808746338
3.836991548538208
4.416317939758301
4.059971332550049
4.448861122131348
4.104029178619385
3.736901044845581
4.124430179595947
4.328667640686035
4.072275161743164
3.9766902923583984
3.9535319805145264
4.323598384857178
4.095023155212402
3.8581018447875977
4.027171611785889
3.6724743843078613
4.22527551651001
4.3988118171691895
3.8363375663757324
3.913116931915283
3.7589340209960938
3.9888010025024414
3.979755163192749
4.139911651611328
4.088951110839844
4.295836925506592
3.776746988296509
3.9816176891326904
4.102977275848389
3.3709630966186523
3.887187957763672
4.3725175857543945
3.5957863330841064
3.661109447479248
4.077129364013672
4.1044182777404785
3.4450201988220215
3.8811230659484863
3.621286630630493
4.088951587677002
3.7415006160736084
3.9769210815429688
3.662945032119751
3.7437708377838135
3.7028579711914062
3.665699005126953
3.6351234912872314
3.2464447021484375
3.638232469558716
3.955073118209839
3.387302875518799
3.7527706623077393
3.8447201251983643
3.553917169570923
3.617093563079834
3.2987332344055176
3.6281566619873047
3.7497591972351074
3.7447636127471924
3.6176280975341797
3.9773709774017334
4.09394645690918
3.533398389816284
3.4461941719055176
3.650057315826416
3.6448631286621094
3.6605494022369385
3.5917038917541504
2.9971742630004883
3.9694182872772217
3.9678046703338623
3.6272504329681396
3.412506341934204
3.692352533340454
3.6814634799957275
3.8052680492401123
3.502234935760498
3.40397572517395
4.100270748138428
3.890206813812256
3.4913008213043213
3.5144219398498535
3.8282761573791504
3.8026034832000732
3.5475804805755615
3.4522948265075684
3.4302210807800293
3.2699193954467773
3.1775927543640137
3.789219379425049
3.4258289337158203
3.684476375579834
3.4336464405059814
3.30112361907959
3.9391820430755615
3.5869226455688477
3.3870723247528076
3.1634931564331055
3.676772356033325
3.7846808433532715
3.808324098587036
3.7954230308532715
3.35148286819458
3.7692933082580566
3.761521816253662
3.762030839920044
3.8125879764556885
3.475254535675049
3.8008275032043457
3.6244473457336426
3.4926159381866455
3.721940279006958
3.4797942638397217
3.614919424057007
3.506046772003174
3.7195053100585938
3.0790812969207764
3.795304536819458
3.911226749420166
3.485921621322632
3.727524518966675
3.29622483253479
3.175556182861328
4.20394229888916
2.9339051246643066
3.6085543632507324
3.2665481567382812
3.6419360637664795
3.372964859008789
3.7832281589508057
3.789597988128662
3.7779266834259033
3.3671836853027344
3.6417319774627686
3.2422802448272705
3.3430700302124023
3.444993257522583
3.3927361965179443
3.6771397590637207
3.5269877910614014
2.983774185180664
3.4202423095703125
3.3130884170532227
3.61224102973938
3.6325814723968506
3.4996838569641113
3.4593546390533447
3.7473275661468506
3.1710450649261475
3.567892074584961
3.709643602371216
3.4213552474975586
3.495082139968872
3.660055160522461
3.7578775882720947
3.438413381576538
3.175487756729126
3.222008466720581
3.2318456172943115
3.620189905166626
3.318875789642334
3.2775635719299316
5.360049724578857
3.573038339614868
3.437134265899658
3.65002179145813
3.5087342262268066
3.6091904640197754
3.2190873622894287
3.347503423690796
3.1720528602600098
3.1620020866394043
3.188100814819336
3.591071367263794
3.4989054203033447
3.1945767402648926
3.4008586406707764
3.822674036026001
3.849107503890991
3.5872528553009033
3.5321526527404785
3.4253878593444824
3.1474974155426025
3.304746150970459
3.2965173721313477
3.536043882369995
3.356088638305664
3.784273386001587
3.539518117904663
2.796053647994995
3.6367738246917725
3.5855960845947266
3.6138267517089844
3.1336164474487305
3.1680803298950195
3.6892900466918945
3.7357895374298096
3.6713476181030273
3.3050739765167236
3.4170429706573486
3.228468894958496
3.3943984508514404
3.4980521202087402
3.4347634315490723
3.4828298091888428
3.5456526279449463
3.413245439529419
3.400883436203003
3.3695461750030518
3.717797040939331
3.550929307937622
3.3732523918151855
3.430014133453369
3.4547362327575684
3.496598720550537
3.0594730377197266
3.5110394954681396
3.2968389987945557
3.54309344291687
3.4713573455810547
3.5269715785980225
3.461653709411621
2.7928946018218994
3.1697216033935547
3.438347339630127
3.5178794860839844
3.445160388946533
2.871030569076538
3.244381904602051
3.256054162979126
3.3211095333099365
3.432358980178833
3.5023930072784424
4.103677272796631
3.3839004039764404
2.907865524291992
3.442363977432251
2.993773937225342
3.1840686798095703
3.345261335372925
3.3975419998168945
3.5210227966308594
3.5204925537109375
3.6640853881835938
3.3981804847717285
3.3956267833709717
3.565603017807007
3.281235694885254
3.0957388877868652
3.3486475944519043
3.4926769733428955
3.4320826530456543
3.440169095993042
3.451064348220825
3.34924578666687
3.665609121322632
3.849525213241577
3.306591272354126
3.396380662918091
2.8893039226531982
3.2215747833251953
2.7557380199432373
3.386779308319092
3.1365127563476562
3.3886125087738037
3.078826665878296
3.3375072479248047
3.6089179515838623
3.228835105895996
3.190528392791748
3.346067428588867
3.0231568813323975
3.116436004638672
3.086503744125366
2.985215187072754
3.2697160243988037
3.117570161819458
3.2951042652130127
3.483851671218872
3.2757394313812256
3.030503749847412
2.937166929244995
3.0960497856140137
3.329721689224243
3.119703531265259
3.0659868717193604
3.206892490386963
3.241056203842163
3.3485913276672363
3.3914618492126465
3.142422676086426
3.1731936931610107
3.1228177547454834
3.085500717163086
3.5125012397766113
3.6597421169281006
3.278348684310913
3.2918801307678223
3.1377484798431396
2.903517007827759
3.4656693935394287
2.9351954460144043
3.278561592102051
3.080007314682007
3.1680753231048584
3.3120265007019043
3.0545108318328857
3.4726996421813965
3.2299699783325195
3.3056070804595947
3.0924434661865234
3.1263132095336914
2.6421258449554443
3.441126823425293
3.1997811794281006
3.0008530616760254
3.0434181690216064
3.272469997406006
3.439753293991089
3.3574438095092773
3.0256705284118652
2.9872334003448486
3.2018258571624756
3.4348127841949463
3.3789637088775635
3.0208077430725098
3.498473882675171
3.039618730545044
3.338594436645508
3.2341418266296387
3.116624593734741
3.0189740657806396
3.3549511432647705
3.2253165245056152
2.8549182415008545
3.236222267150879
3.2551207542419434
3.1770424842834473
3.362156391143799
3.178483486175537
3.123717784881592
3.014258861541748
3.0411524772644043
2.997603178024292
3.505882740020752
2.889737844467163
3.3251616954803467
3.2788162231445312
3.113194465637207
3.4726085662841797
3.1908843517303467
2.7417430877685547
3.7030739784240723
2.926762342453003
2.8526039123535156
3.4318158626556396
2.7299695014953613
2.9273018836975098
3.001098155975342
3.285808801651001
3.0593981742858887
3.29561710357666
3.22249698638916
2.9333901405334473
3.2157399654388428
3.197427988052368
3.227715492248535
3.1322388648986816
3.1575927734375
3.0708205699920654
3.1112663745880127
3.333479404449463
3.133659839630127
3.5331897735595703
3.3284013271331787
3.2325987815856934
2.7062790393829346
3.233643054962158
3.204333782196045
2.959373712539673
3.117465019226074
3.3376762866973877
3.063798666000366
3.2860453128814697
3.2322189807891846
3.185927152633667
3.2577037811279297
3.197646141052246
2.9870736598968506
3.1529624462127686
3.2449843883514404
3.1222658157348633
3.137960910797119
3.478656530380249
2.8068525791168213
3.009679079055786
3.221370220184326
3.0274386405944824
3.0861876010894775
3.132436513900757
3.2633442878723145
3.2001729011535645
3.0131311416625977
3.224733352661133
3.0193393230438232
2.925534248352051
3.3210432529449463
3.333423137664795
3.1981401443481445
3.0406622886657715
3.1470351219177246
3.1385767459869385
2.953831434249878
3.175243616104126
2.9294328689575195
3.2448713779449463
3.4508438110351562
3.211153507232666
3.2842905521392822
3.0148746967315674
3.1484458446502686
3.266249656677246
3.388101100921631
2.562347650527954
3.1376283168792725
2.9391655921936035
3.1112561225891113
3.118572950363159
3.2009356021881104
3.084660768508911
3.342195510864258
3.3898706436157227
3.161201238632202
3.2210333347320557
3.2187001705169678
3.163926362991333
3.315706253051758
3.18870210647583
2.884556770324707
3.0731894969940186
3.005323886871338
3.146933078765869
3.1508333683013916
3.3586597442626953
2.4393310546875
3.301358938217163
3.209841251373291
3.3318004608154297
3.3114819526672363
3.1346583366394043
3.1745822429656982
3.099984884262085
3.1333401203155518
2.4954936504364014
2.8294873237609863
2.8875184059143066
3.158438205718994
3.2143819332122803
3.247612476348877
2.836052417755127
3.338559865951538
2.833277463912964
2.890065908432007
2.9767496585845947
2.7671568393707275
3.120227813720703
3.272979259490967
3.076711893081665
3.1872975826263428
2.5297462940216064
3.1175239086151123
3.1843323707580566
3.1498310565948486
3.2325119972229004
3.1192739009857178
2.8932228088378906
