141.02293395996094
133.20758056640625
126.67363739013672
130.10726928710938
143.0244598388672
122.82836151123047
145.77066040039062
146.34011840820312
154.51283264160156
147.66651916503906
130.40335083007812
124.77350616455078
120.49614715576172
139.2465362548828
132.2405548095703
155.8913116455078
142.8484344482422
145.61436462402344
145.7144317626953
134.10678100585938
141.12281799316406
122.05729675292969
139.26754760742188
131.385009765625
127.93255615234375
120.37312316894531
146.5816650390625
131.0148468017578
126.48250579833984
110.8846664428711
141.0522003173828
116.1327133178711
117.7829360961914
123.43212890625
143.41297912597656
140.11837768554688
122.53199005126953
139.3681640625
148.7259979248047
122.94622802734375
135.46157836914062
142.46739196777344
141.0886993408203
137.0330352783203
143.80177307128906
119.76274871826172
135.28677368164062
144.24497985839844
121.37162780761719
117.43219757080078
126.5854263305664
125.12842559814453
129.55511474609375
132.12261962890625
135.5912322998047
115.38053894042969
124.4107666015625
132.19558715820312
130.25547790527344
130.1889190673828
116.9489517211914
134.38851928710938
128.28009033203125
123.74327087402344
121.5530776977539
128.83563232421875
134.07894897460938
118.67073059082031
91.21338653564453
96.1602783203125
110.08574676513672
110.31603240966797
113.88053131103516
109.56683349609375
102.47701263427734
118.72181701660156
103.9476089477539
109.79289245605469
102.5774154663086
109.67980194091797
90.40318298339844
103.07434844970703
98.68634796142578
104.24482727050781
83.20954132080078
89.64240264892578
63.37385940551758
87.13904571533203
73.16716003417969
88.42267608642578
81.20623779296875
82.06868743896484
78.50533294677734
73.44062805175781
69.16851806640625
79.95557403564453
60.59033966064453
61.841373443603516
72.19564819335938
58.95011520385742
68.7719955444336
65.76411437988281
70.38887786865234
51.557861328125
61.3297119140625
53.785518646240234
60.26522445678711
51.3343391418457
45.59571075439453
42.13221740722656
46.50138473510742
47.54526138305664
37.3455924987793
37.20808410644531
33.85133743286133
30.36783218383789
26.219348907470703
23.409610748291016
35.96843719482422
29.30160140991211
22.913467407226562
19.538509368896484
19.329776763916016
25.006010055541992
21.544082641601562
17.745744705200195
16.418636322021484
14.005660057067871
15.00915813446045
12.114875793457031
13.146245956420898
10.381776809692383
9.298162460327148
8.166359901428223
17.91745376586914
15.146502494812012
9.790162086486816
17.573654174804688
17.659236907958984
10.146037101745605
15.697474479675293
9.152705192565918
22.37109375
8.794462203979492
6.070332050323486
6.011587142944336
14.091011047363281
5.469362258911133
8.690519332885742
8.683865547180176
11.77971363067627
12.868330001831055
9.041264533996582
14.689239501953125
5.572685718536377
7.116251468658447
5.276357650756836
7.018058776855469
9.064169883728027
11.869606971740723
17.2734317779541
10.569870948791504
5.8224897384643555
10.119064331054688
9.918763160705566
10.010849952697754
9.364041328430176
5.113238334655762
7.070568084716797
9.782565116882324
7.964554309844971
7.980814456939697
8.68803882598877
10.125808715820312
6.264510154724121
5.142740249633789
12.319215774536133
9.341232299804688
10.076982498168945
11.033552169799805
8.637505531311035
8.90239429473877
6.007288932800293
6.244319438934326
10.966185569763184
5.9671735763549805
7.589798927307129
10.057930946350098
9.512070655822754
7.025874137878418
6.4318461418151855
14.699067115783691
6.427167892456055
5.970623016357422
6.270548343658447
6.971118927001953
5.888188362121582
5.372236251831055
5.340367317199707
5.887904167175293
6.049255847930908
5.653631687164307
9.487987518310547
5.324792861938477
5.718527793884277
5.115261077880859
5.723333358764648
5.333382606506348
5.559761047363281
5.508883476257324
5.102519989013672
5.398015975952148
5.344121932983398
5.526918411254883
5.158259391784668
6.534488677978516
7.611096382141113
6.4042792320251465
5.488777160644531
5.694826602935791
5.884568214416504
5.696621894836426
5.6742377281188965
5.553529262542725
7.171252727508545
5.343635082244873
4.553630828857422
5.877103805541992
4.919809341430664
4.769559860229492
6.087432384490967
7.406820774078369
6.743559837341309
4.880499362945557
5.830977439880371
6.1381025314331055
5.722217082977295
5.346774578094482
5.2606306076049805
6.896800994873047
6.143612384796143
4.901163101196289
4.7037129402160645
5.369919300079346
5.344968795776367
5.115833759307861
6.34483528137207
7.408689975738525
5.913124084472656
4.761565208435059
5.8847551345825195
5.51090669631958
4.585646629333496
6.671445846557617
7.031851768493652
7.575193405151367
8.775744438171387
7.296088218688965
5.1560444831848145
5.154965877532959
5.8697285652160645
5.635546684265137
5.662421703338623
6.072263240814209
6.307882308959961
6.1485185623168945
6.065407752990723
3.6357710361480713
5.267183303833008
5.243706226348877
5.360129356384277
5.7898268699646
7.406565189361572
6.230906963348389
6.185478687286377
5.319991111755371
5.985188007354736
5.876693248748779
5.337021350860596
5.857697486877441
6.847576141357422
6.888481616973877
5.479196548461914
5.115464687347412
5.903896808624268
5.1583452224731445
5.412308692932129
5.441504001617432
5.492613315582275
5.100274085998535
5.172582149505615
5.078428268432617
5.123148441314697
5.219694137573242
5.249673366546631
5.28043794631958
4.049720764160156
4.894745826721191
5.480512619018555
5.101337432861328
5.182413101196289
4.713492393493652
4.658062934875488
5.116361141204834
5.321388244628906
5.28264856338501
4.928465366363525
5.17589807510376
4.041121959686279
3.9633407592773438
4.58574914932251
5.56036901473999
4.435142993927002
5.3448333740234375
5.324630260467529
5.251092910766602
4.732458114624023
4.901764869689941
4.643383502960205
5.41493558883667
4.951186656951904
4.480188369750977
5.112239360809326
4.40778923034668
5.1282124519348145
4.539360046386719
4.568474292755127
4.9569172859191895
4.947816848754883
4.566501140594482
5.247833251953125
4.054049015045166
5.200361728668213
5.146305084228516
5.465292930603027
4.160916805267334
4.945019245147705
5.724429607391357
5.944254398345947
6.858659744262695
6.451879501342773
4.962678909301758
5.387574195861816
4.892240524291992
5.126144886016846
6.1281561851501465
5.037058353424072
5.494112491607666
5.6078410148620605
5.337876796722412
4.53152322769165
4.633067607879639
5.3871941566467285
5.052605628967285
4.70820951461792
4.5472588539123535
4.582088947296143
4.040215015411377
4.846685409545898
4.446963787078857
4.689321517944336
4.95575475692749
5.1890482902526855
4.984896659851074
4.861292839050293
4.829310417175293
5.2732319831848145
5.045373439788818
4.464982032775879
4.934509754180908
5.540396213531494
4.6309814453125
4.731190204620361
4.357810974121094
6.050343990325928
7.065706253051758
8.137345314025879
6.556783676147461
5.106150150299072
4.715108871459961
5.219581604003906
5.082198619842529
4.503965854644775
4.062155723571777
4.744644641876221
5.060330867767334
4.479668140411377
4.647418022155762
4.248011112213135
5.083209991455078
4.626806259155273
4.979145526885986
4.831961631774902
5.329538345336914
5.262625217437744
4.512217044830322
4.429808139801025
4.876943588256836
4.025910377502441
4.2091498374938965
4.769563674926758
4.328174591064453
4.400665283203125
3.921231269836426
3.908377170562744
3.970367670059204
5.183877944946289
3.951327323913574
4.6877827644348145
4.293002605438232
4.39924955368042
3.7453460693359375
3.929245710372925
4.681557655334473
4.487662315368652
4.367821216583252
4.08713960647583
4.1746344566345215
4.192135334014893
4.620406627655029
4.0802435874938965
3.4864766597747803
3.9828288555145264
3.622901678085327
3.8296382427215576
4.023446559906006
3.6230862140655518
4.080494403839111
4.026345729827881
3.995206594467163
3.5709521770477295
4.243038654327393
3.845499038696289
4.433492660522461
4.511848449707031
4.160900592803955
3.9301252365112305
3.778731346130371
3.782764434814453
4.167141437530518
3.859081506729126
3.9529778957366943
4.120197296142578
4.543008804321289
4.090938568115234
3.6931967735290527
4.143533229827881
3.9566726684570312
3.7476906776428223
3.859556198120117
4.242085933685303
3.976731777191162
3.3155951499938965
3.726749897003174
4.175727367401123
3.8559811115264893
3.9807987213134766
3.837735652923584
4.044741153717041
3.9040157794952393
4.364999771118164
4.16129207611084
3.6038498878479004
3.5918455123901367
3.886836290359497
4.182152271270752
3.7952775955200195
3.805952310562134
3.9709672927856445
3.6589505672454834
3.5774354934692383
3.7531368732452393
3.299225330352783
3.5522265434265137
3.7001242637634277
4.283632755279541
4.2887468338012695
3.9281160831451416
3.978775978088379
3.5069162845611572
3.862773895263672
3.966623067855835
3.8444550037384033
3.095378875732422
4.040401935577393
3.8301548957824707
3.4702889919281006
3.6547513008117676
3.687223196029663
3.6620583534240723
3.905020236968994
3.680361270904541
3.8663010597229004
3.811757802963257
3.9982151985168457
4.2464599609375
3.693420886993408
4.137703895568848
4.162147521972656
3.8071236610412598
3.3676514625549316
3.8900561332702637
3.78912091255188
3.8589541912078857
3.8047759532928467
3.6272730827331543
3.618229389190674
3.776508331298828
3.720369338989258
3.8126473426818848
3.949387788772583
3.545586347579956
3.6367783546447754
3.691943645477295
3.132625102996826
3.599188804626465
3.3871612548828125
3.597576141357422
3.413679599761963
3.655531883239746
3.5857326984405518
3.5753426551818848
3.7635514736175537
3.333030939102173
3.039900541305542
3.131338596343994
3.558112859725952
3.6798148155212402
3.1378695964813232
3.045961856842041
3.1966116428375244
3.812037944793701
3.60788893699646
3.4632694721221924
3.2463746070861816
3.3258020877838135
3.7587413787841797
3.2891101837158203
3.754772901535034
3.725446939468384
3.0739808082580566
3.405599355697632
3.3179101943969727
3.7117323875427246
3.2942683696746826
3.4181041717529297
3.782212972640991
3.629546880722046
2.9025495052337646
4.048121929168701
3.634706974029541
3.0283374786376953
3.5712697505950928
3.481520175933838
3.5789432525634766
3.893160820007324
3.9030227661132812
3.0814321041107178
3.949026584625244
3.6994431018829346
3.4858622550964355
3.47247314453125
3.4506373405456543
3.6478967666625977
3.4658968448638916
3.4828622341156006
3.6900854110717773
3.35762357711792
3.363862991333008
2.509575843811035
3.140209436416626
3.5563673973083496
3.869906425476074
3.0235960483551025
2.773972988128662
3.0680785179138184
3.0504984855651855
3.4325783252716064
3.3647351264953613
2.9111170768737793
3.415883779525757
3.4421935081481934
3.4646317958831787
3.261801242828369
3.4328901767730713
3.4603679180145264
3.6917331218719482
3.2511987686157227
3.4787070751190186
3.5066709518432617
3.6508913040161133
3.105273962020874
3.1617345809936523
3.174225091934204
3.3596951961517334
3.2357187271118164
3.0784122943878174
3.044680595397949
3.4800493717193604
2.4739673137664795
2.89923095703125
2.9128196239471436
3.8684895038604736
3.5579426288604736
3.137413740158081
3.497790575027466
3.331268787384033
4.018193244934082
3.3988869190216064
3.2825605869293213
3.2565195560455322
3.5287787914276123
3.58284854888916
3.419975757598877
3.2856838703155518
3.453730344772339
3.4698352813720703
3.0008718967437744
3.076986074447632
2.7083659172058105
2.841766357421875
3.40537428855896
2.874257802963257
3.5132219791412354
3.0315864086151123
2.917024850845337
3.3463542461395264
3.170605182647705
3.2861576080322266
3.673732042312622
3.579693078994751
2.8920798301696777
3.65019154548645
3.2102856636047363
2.8141326904296875
3.0979199409484863
3.107771396636963
3.3062636852264404
3.242161989212036
3.3657286167144775
3.151906728744507
2.7763350009918213
3.1589105129241943
3.3488590717315674
3.167901039123535
3.8856101036071777
3.5943009853363037
3.2813758850097656
3.413576602935791
3.788565158843994
3.654296636581421
3.3566040992736816
3.326890230178833
3.31181263923645
3.473194122314453
3.2022883892059326
3.304349899291992
3.9937691688537598
3.257171392440796
3.3276596069335938
3.1430537700653076
2.2942516803741455
3.3043999671936035
2.947254180908203
3.31756329536438
3.8274829387664795
3.141585111618042
3.0823869705200195
3.3107099533081055
3.3910529613494873
3.553576707839966
3.416722059249878
3.4692635536193848
3.4065895080566406
3.1304068565368652
2.9667775630950928
3.319013833999634
3.525846004486084
3.329901933670044
3.287048101425171
3.170125722885132
3.6307244300842285
3.414402723312378
3.3275883197784424
3.2867238521575928
3.542471170425415
3.502492666244507
2.888725996017456
3.2029457092285156
2.832043409347534
3.244818687438965
3.2470927238464355
2.990661859512329
3.255086660385132
3.7152504920959473
3.199510097503662
3.0222091674804688
2.753506660461426
3.0178768634796143
3.1380066871643066
3.029237747192383
3.2604079246520996
3.1079256534576416
3.936253070831299
3.7379846572875977
3.94834566116333
3.5691874027252197
3.0161125659942627
2.983543872833252
3.486114978790283
3.104106903076172
3.440056324005127
3.117487668991089
3.1523451805114746
3.2395973205566406
3.3561699390411377
3.1290395259857178
3.443369150161743
2.8063437938690186
2.9377388954162598
2.913299798965454
3.3435606956481934
3.327855348587036
2.8823156356811523
3.29984974861145
3.3164894580841064
3.324721097946167
2.9787378311157227
3.3295836448669434
2.930277109146118
2.7880778312683105
3.165130853652954
3.0150680541992188
3.6244797706604004
3.3147032260894775
3.14013671875
2.693298816680908
3.2529399394989014
3.636216878890991
2.6461637020111084
3.0884408950805664
3.0710299015045166
3.324218273162842
3.2808995246887207
3.646848201751709
3.381350040435791
3.305957078933716
2.9424519538879395
3.144503593444824
3.1318154335021973
2.88120698928833
2.679685592651367
3.228785753250122
2.8697798252105713
3.2562286853790283
2.883063793182373
2.694718837738037
3.051582098007202
3.0663681030273438
3.1850152015686035
2.3641109466552734
2.5600032806396484
2.6651036739349365
3.2200324535369873
3.127858877182007
3.312938690185547
2.4474620819091797
3.257270097732544
3.1193153858184814
2.9137256145477295
3.2579808235168457
3.198674440383911
3.2417027950286865
3.128704786300659
3.1329007148742676
3.554112195968628
3.4783644676208496
3.370723009109497
3.0350451469421387
3.405263662338257
3.2823240756988525
3.001089572906494
3.2290663719177246
3.045844078063965
3.3914151191711426
3.5907249450683594
3.6716325283050537
2.7142162322998047
2.940786838531494
3.2681095600128174
3.0434751510620117
3.063814878463745
3.241701126098633
3.2157320976257324
2.8195173740386963
3.604896306991577
3.7564923763275146
3.4651553630828857
2.9840080738067627
3.130051374435425
3.3091812133789062
2.986604928970337
3.154888153076172
2.5557565689086914
3.3432297706604004
3.5313448905944824
3.11669659614563
3.4410862922668457
3.3137662410736084
2.8939011096954346
3.331864833831787
2.8550491333007812
3.2981040477752686
3.086324453353882
2.8226873874664307
2.9781782627105713
3.4499740600585938
3.2095041275024414
2.6009931564331055
3.1593880653381348
3.1585257053375244
3.1668896675109863
3.172523260116577
3.1090686321258545
2.4422738552093506
2.9551851749420166
3.3592472076416016
2.9373116493225098
2.974759340286255
3.1632304191589355
3.1132652759552
3.2270781993865967
3.0510265827178955
2.940443515777588
3.172605276107788
2.614842176437378
3.0893185138702393
3.090057373046875
3.1962013244628906
3.040048599243164
3.1137070655822754
2.3612499237060547
3.101665496826172
2.9668140411376953
3.106527090072632
2.895857572555542
3.1530098915100098
3.227022171020508
2.813748598098755
3.2055468559265137
2.749807834625244
3.02919340133667
3.1169519424438477
2.766566514968872
3.198420763015747
2.7200164794921875
3.0248870849609375
3.0755152702331543
2.684603214263916
2.583155870437622
2.7862184047698975
3.105861186981201
2.7468719482421875
3.0121958255767822
3.080789566040039
3.2001490592956543
3.243506669998169
3.1320018768310547
3.399435043334961
2.784489631652832
3.120407819747925
3.0315747261047363
3.0134999752044678
3.4542970657348633
3.0080583095550537
2.9951117038726807
2.435986280441284
2.541128396987915
2.992204427719116
2.960848808288574
2.778453826904297
2.866802215576172
3.1433942317962646
2.8994715213775635
3.176180362701416
3.1975486278533936
2.962395668029785
2.774610757827759
3.1727733612060547
3.1574158668518066
2.8314852714538574
3.1416103839874268
3.237997531890869
3.138254404067993
3.3702139854431152
2.987757682800293
2.802950143814087
2.830228090286255
2.615389585494995
2.823397159576416
2.5143239498138428
2.955613851547241
3.000028610229492
3.154336929321289
2.6066973209381104
2.496389150619507
2.9635918140411377
2.7675626277923584
2.971843957901001
2.7772469520568848
2.7963125705718994
3.351870536804199
2.980515956878662
3.0654077529907227
2.862088680267334
3.173125743865967
3.0414650440216064
3.350167751312256
3.1990950107574463
2.6109068393707275
2.7052104473114014
3.0383307933807373
3.1993868350982666
3.1055691242218018
2.7592453956604004
3.1786699295043945
2.994821786880493
3.0902981758117676
2.4572813510894775
2.8030006885528564
2.862513303756714
2.5356647968292236
2.7928144931793213
3.014564037322998
3.0937492847442627
3.02197003364563
3.0992186069488525
2.995568037033081
2.6915266513824463
2.999239921569824
3.0306241512298584
2.4109745025634766
2.8979623317718506
2.7280917167663574
2.778766393661499
3.0022904872894287
2.934621572494507
3.1137049198150635
3.073659658432007
3.1285526752471924
3.2690317630767822
2.8144915103912354
3.0430243015289307
3.1000490188598633
3.117550849914551
2.7492125034332275
2.9618051052093506
2.9437313079833984
3.1061155796051025
3.1582069396972656
2.26409649848938
2.750938653945923
2.9965453147888184
3.0587711334228516
3.075279474258423
2.930525541305542
2.771660089492798
2.6308376789093018
3.070486307144165
2.8142387866973877
2.796475648880005
2.8325459957122803
2.7480127811431885
2.538020133972168
2.9421188831329346
3.00119686126709
2.80172061920166
2.839946746826172
3.1095991134643555
2.7754294872283936
2.66237735748291
2.8811941146850586
2.736621618270874
2.931337356567383
3.045428514480591
3.003572940826416
2.8594069480895996
2.9641990661621094
3.0088391304016113
2.5716018676757812
2.964902400970459
3.038555145263672
2.84729266166687
2.689577102661133
2.8695340156555176
2.865776777267456
2.871166944503784
2.7060389518737793
2.3210551738739014
3.1190972328186035
3.1475143432617188
3.1155755519866943
3.1588175296783447
3.0154247283935547
3.0464820861816406
2.391342878341675
2.779839038848877
2.1507580280303955
3.1277248859405518
2.915806770324707
2.9713056087493896
2.6700360774993896
3.0056638717651367
2.863004446029663
2.734557867050171
2.486431121826172
2.68766713142395
2.832287311553955
3.036050319671631
3.1273138523101807
2.5094563961029053
3.295999526977539
2.8729822635650635
3.024050712585449
3.0818724632263184
2.727762460708618
3.0082802772521973
2.814748764038086
3.1263115406036377
2.7849860191345215
3.04512882232666
2.6620612144470215
2.554037094116211
3.0704915523529053
2.572199583053589
2.7332193851470947
2.944444417953491
2.819965124130249
2.784252882003784
2.931403636932373
2.955155372619629
3.0168635845184326
2.785425901412964
3.050379991531372
2.662435531616211
2.979694128036499
2.8395373821258545
3.014753818511963
2.977855920791626
2.9931371212005615
2.5397112369537354
2.9061219692230225
2.839120388031006
3.0240001678466797
2.658747434616089
3.0774173736572266
3.009845495223999
3.046900510787964
2.900275945663452
2.8775949478149414
3.315810441970825
3.1036596298217773
2.85528302192688
3.1100313663482666
2.9797942638397217
2.638960361480713
3.1507973670959473
2.5841197967529297
2.557209014892578
2.711925745010376
2.7741031646728516
3.0653841495513916
2.8471744060516357
2.9090442657470703
2.974212646484375
3.0638670921325684
2.6512997150421143
3.0287322998046875
2.802513599395752
2.6867990493774414
2.7892603874206543
3.207087755203247
2.6839165687561035
2.686777114868164
2.6085917949676514
2.734462261199951
2.6833486557006836
2.883531332015991
2.7522377967834473
2.964569568634033
2.4412143230438232
2.9479382038116455
2.63720965385437
2.574657917022705
2.4050345420837402
3.0593740940093994
2.715132713317871
2.8117454051971436
2.9211673736572266
2.8449864387512207
2.9386308193206787
2.4010677337646484
2.718438148498535
2.7686498165130615
2.7558176517486572
2.308863639831543
2.8994877338409424
3.0373411178588867
2.901226758956909
2.876697540283203
2.6505179405212402
2.7878923416137695
3.0136375427246094
2.731259346008301
2.9469363689422607
2.897646903991699
2.647948980331421
2.953758478164673
2.9614672660827637
2.728137731552124
2.6135027408599854
2.9295663833618164
2.4062798023223877
2.99947190284729
2.922910213470459
3.2146310806274414
2.8938417434692383
2.9113259315490723
2.675290107727051
2.9097096920013428
2.8373587131500244
2.8146963119506836
2.9598617553710938
2.8740720748901367
2.9131200313568115
3.154381275177002
2.955955982208252
2.4824047088623047
3.1599044799804688
2.671194553375244
2.6245250701904297
2.576831102371216
2.8546128273010254
2.9552595615386963
2.3891472816467285
3.1185550689697266
2.625276565551758
2.742286205291748
2.973404884338379
3.0384857654571533
2.4241182804107666
3.074659824371338
3.355823516845703
2.8867881298065186
2.617825984954834
3.051931619644165
3.0025887489318848
2.923030376434326
2.943868637084961
3.0546936988830566
2.987837076187134
2.7396814823150635
2.818770408630371
2.9535059928894043
2.8225789070129395
2.6097443103790283
2.9358019828796387
2.9015157222747803
1.9961533546447754
2.660027265548706
2.5486905574798584
2.4767279624938965
3.0269758701324463
2.6202921867370605
2.6206278800964355
2.907355785369873
