1939.32080078125
1985.6513671875
1914.8602294921875
2018.7955322265625
1902.607666015625
2111.44482421875
2120.85400390625
2185.042236328125
2338.513916015625
2392.094970703125
2278.232666015625
2551.595703125
2454.8115234375
2435.68408203125
2914.751220703125
2566.783203125
2214.449462890625
1862.775146484375
1419.8902587890625
2008.427001953125
2695.990966796875
2630.798095703125
2754.906005859375
2234.76416015625
1773.4339599609375
1277.632080078125
1068.1669921875
911.8988037109375
955.9171752929688
779.8189086914062
764.2655029296875
742.2353515625
377.9501953125
384.4389343261719
858.6431274414062
778.8607177734375
684.88623046875
454.31048583984375
305.1234436035156
113.33956909179688
229.9975128173828
194.95718383789062
198.00030517578125
475.1797180175781
246.45909118652344
245.28550720214844
213.5642852783203
225.42987060546875
315.5184020996094
169.45440673828125
206.65518188476562
314.27423095703125
238.2467498779297
501.65277099609375
166.22439575195312
115.08861541748047
397.664794921875
368.65093994140625
213.1534423828125
94.6042251586914
174.1317138671875
295.8955993652344
104.4615249633789
198.03909301757812
132.25413513183594
99.28915405273438
343.52435302734375
160.36016845703125
182.63734436035156
256.9718322753906
143.5309600830078
173.9066619873047
209.3693084716797
163.63926696777344
201.7042236328125
108.42353820800781
175.6562042236328
167.23851013183594
83.57819366455078
541.651611328125
244.40093994140625
179.43800354003906
215.86740112304688
162.75474548339844
99.54458618164062
101.42241668701172
205.20790100097656
235.8766632080078
206.9636688232422
492.18963623046875
176.267578125
200.8470916748047
115.6077651977539
63.290679931640625
187.6329803466797
264.7250671386719
346.947021484375
401.3509521484375
518.6830444335938
442.2287902832031
336.91839599609375
405.4383239746094
215.07330322265625
110.99352264404297
79.30315399169922
180.4002227783203
168.56143188476562
259.9383850097656
333.17706298828125
136.85841369628906
284.3189697265625
73.66035461425781
224.07537841796875
97.9456787109375
81.82230377197266
80.37950134277344
109.64341735839844
44.27009201049805
66.6950912475586
148.2742156982422
