129.34710693359375
129.75814819335938
132.15286254882812
138.57925415039062
132.38925170898438
134.81924438476562
130.4226531982422
128.829345703125
113.15452575683594
117.00528717041016
96.96163177490234
85.72647094726562
64.16376495361328
60.050994873046875
75.27484130859375
109.81693267822266
108.10737609863281
60.89215850830078
30.956104278564453
21.173925399780273
26.080907821655273
29.318513870239258
27.48186683654785
26.580286026000977
21.32509994506836
30.38473129272461
29.9761905670166
19.967744827270508
20.550365447998047
16.62115478515625
14.356109619140625
15.017168045043945
19.47541046142578
13.692753791809082
18.65620994567871
20.226673126220703
15.163993835449219
21.27092170715332
19.0673885345459
17.242603302001953
14.080291748046875
15.1932954788208
17.065521240234375
15.3104829788208
18.42565155029297
12.606562614440918
13.287324905395508
20.913145065307617
17.12176513671875
15.42913818359375
14.094759941101074
13.73293685913086
11.837272644042969
16.605533599853516
14.645769119262695
15.746753692626953
13.052895545959473
12.044039726257324
13.139364242553711
12.6056547164917
20.414400100708008
22.71349334716797
14.985568046569824
16.307880401611328
13.829883575439453
17.376399993896484
12.843262672424316
15.305452346801758
14.778362274169922
13.429976463317871
13.403822898864746
16.47005271911621
12.043668746948242
17.377307891845703
11.88839340209961
12.596338272094727
18.7880916595459
14.430585861206055
14.11653995513916
13.64784049987793
14.596455574035645
13.214259147644043
12.704072952270508
9.71560001373291
16.55252456665039
15.350448608398438
14.015373229980469
10.646865844726562
11.391521453857422
14.208305358886719
12.13957405090332
11.187512397766113
15.03637409210205
14.47268295288086
13.076189041137695
13.947762489318848
9.867652893066406
14.447931289672852
10.425003051757812
12.779787063598633
11.233503341674805
13.486315727233887
11.97421646118164
17.458560943603516
12.347834587097168
14.021586418151855
11.491196632385254
13.202462196350098
11.925627708435059
12.561007499694824
11.732122421264648
12.287728309631348
13.597850799560547
11.522480010986328
9.433772087097168
13.039361953735352
10.703742027282715
13.43954086303711
12.784329414367676
26.786340713500977
