128.76683044433594
128.91748046875
130.1295623779297
142.53741455078125
145.0456085205078
158.27207946777344
168.11720275878906
192.6197509765625
197.10498046875
241.72727966308594
259.58941650390625
309.65142822265625
319.8139343261719
387.02996826171875
429.6441955566406
472.5582580566406
501.79205322265625
573.2630004882812
601.1363525390625
654.1177978515625
677.3844604492188
716.1016845703125
818.3765869140625
788.4116821289062
855.8982543945312
840.3900756835938
865.6956787109375
862.2942504882812
861.2146606445312
849.4267578125
819.7687377929688
760.4150390625
703.8807983398438
663.2293701171875
525.7930908203125
488.8399353027344
385.1138916015625
324.80126953125
319.19964599609375
293.6326599121094
284.3741149902344
265.942138671875
350.035400390625
277.2967224121094
296.0743713378906
213.71588134765625
218.02565002441406
243.7720489501953
207.47891235351562
222.87709045410156
206.18931579589844
242.99667358398438
232.65057373046875
191.5922393798828
212.58534240722656
132.0170440673828
205.19204711914062
101.21967315673828
131.9161376953125
100.19338989257812
171.48312377929688
196.32098388671875
78.05387115478516
67.99603271484375
90.62716674804688
37.846492767333984
112.25645446777344
43.8336296081543
82.41912078857422
118.14231872558594
146.31585693359375
68.98160552978516
80.54241943359375
49.01128005981445
48.47648620605469
53.01409912109375
76.85973358154297
96.00032806396484
15.949453353881836
46.73655700683594
27.558717727661133
42.9443473815918
25.363792419433594
22.691036224365234
27.83559226989746
40.14484405517578
38.10261917114258
85.31671142578125
51.633338928222656
66.47242736816406
50.06037521362305
61.54594421386719
34.804107666015625
20.586929321289062
31.791292190551758
39.39362335205078
15.550673484802246
62.14754104614258
18.381879806518555
72.1789779663086
80.75142669677734
37.3007926940918
58.679019927978516
48.03807067871094
27.490182876586914
14.371075630187988
78.55807495117188
40.35902404785156
22.82010269165039
47.48226547241211
6.605828285217285
7.37329626083374
36.986507415771484
30.325319290161133
32.104576110839844
74.75848388671875
28.531831741333008
51.80219268798828
7.125293254852295
193.43402099609375
