224.09271240234375
220.60313415527344
222.56021118164062
218.4328155517578
222.7412567138672
221.871337890625
220.3323211669922
221.82199096679688
216.621826171875
216.74851989746094
216.37033081054688
211.95469665527344
207.0135955810547
199.69342041015625
192.16854858398438
183.5028839111328
172.66763305664062
157.532958984375
143.71458435058594
126.33365631103516
107.56306457519531
88.91424560546875
69.6085205078125
57.29116439819336
52.95207214355469
59.07863235473633
67.34132385253906
72.9980239868164
73.79945373535156
70.98638153076172
62.81386184692383
55.253936767578125
49.4316291809082
46.72074508666992
46.680633544921875
47.537906646728516
48.68724822998047
48.60889434814453
47.90663146972656
45.714759826660156
44.54981994628906
44.46691131591797
44.69142150878906
44.516815185546875
43.8731803894043
43.38136291503906
43.50818634033203
43.23320770263672
43.128353118896484
42.789390563964844
42.465545654296875
41.89638900756836
41.91237258911133
41.792083740234375
41.70476150512695
41.28199005126953
41.24387741088867
41.07609558105469
40.84261703491211
40.65623092651367
40.50072479248047
40.534759521484375
40.30250549316406
40.289920806884766
40.31000518798828
40.34081268310547
40.345455169677734
40.40034866333008
40.473331451416016
40.371788024902344
40.485206604003906
40.28499221801758
40.21094512939453
40.40835189819336
40.13340377807617
40.20736312866211
40.1348876953125
40.2089729309082
40.133827209472656
40.1836051940918
40.14706039428711
40.240745544433594
40.21686935424805
40.07357406616211
40.06047821044922
40.149696350097656
40.21144104003906
40.05156707763672
40.06788635253906
40.02896499633789
40.13920974731445
40.08042526245117
40.164939880371094
