1975.544921875
1705.1318359375
1848.052734375
1889.4932861328125
1991.9041748046875
2015.1943359375
2084.491455078125
2070.981689453125
2200.330810546875
2384.484130859375
2426.09521484375
2568.2421875
2663.991943359375
2950.3125
2825.727783203125
2718.109375
2523.629638671875
3368.5859375
3079.705322265625
1982.5675048828125
1202.2738037109375
546.7196655273438
646.4320678710938
831.703857421875
894.5158081054688
814.9841918945312
584.1943359375
428.86407470703125
495.9199523925781
462.0670166015625
190.01466369628906
292.23992919921875
357.61053466796875
320.2486572265625
284.0750427246094
178.4276885986328
163.62649536132812
455.7294921875
424.03228759765625
270.9149475097656
266.430419921875
232.68475341796875
361.6368408203125
279.97662353515625
166.49952697753906
197.1045379638672
178.1797332763672
245.43341064453125
216.337890625
76.1335220336914
159.9202880859375
411.2529296875
221.4739532470703
296.2915344238281
195.35768127441406
111.45343017578125
371.1316223144531
344.8586730957031
160.462158203125
97.44625091552734
129.36936950683594
271.316650390625
113.89231872558594
219.7998809814453
135.9923553466797
85.85796356201172
138.40345764160156
194.77659606933594
108.27224731445312
98.93064880371094
170.054931640625
126.22328186035156
238.54156494140625
93.13858795166016
63.508365631103516
241.1526641845703
128.98724365234375
78.21292877197266
352.4472961425781
273.82171630859375
213.64675903320312
374.66485595703125
283.82501220703125
160.30645751953125
93.4391098022461
371.1418762207031
167.44056701660156
156.82113647460938
79.69039916992188
83.7842025756836
206.8331298828125
235.9909210205078
99.83964538574219
102.37168884277344
58.563655853271484
134.62245178222656
123.18475341796875
94.04458618164062
234.66969299316406
50.78476333618164
161.65615844726562
53.34910202026367
146.4292449951172
207.52540588378906
208.35751342773438
136.27125549316406
54.62033462524414
177.98458862304688
137.37741088867188
175.31036376953125
186.34231567382812
304.70184326171875
462.9058837890625
82.95848846435547
234.09088134765625
243.46249389648438
182.6554718017578
337.05194091796875
30.588457107543945
72.84227752685547
