30.31169319152832
37.13581085205078
35.438133239746094
41.447662353515625
39.6973876953125
39.64069366455078
42.650447845458984
44.74393844604492
44.216835021972656
46.00640106201172
45.332523345947266
43.05078125
48.26298522949219
45.23872756958008
51.169673919677734
51.5020751953125
50.91460037231445
49.73334503173828
62.15697479248047
65.09500885009766
64.34778594970703
63.13527297973633
67.28765106201172
70.30990600585938
70.80852508544922
83.56436920166016
88.83744049072266
83.01153564453125
92.59333038330078
98.91631317138672
109.02824401855469
101.27798461914062
101.80953979492188
123.57149505615234
134.69961547851562
142.62423706054688
132.19979858398438
165.04168701171875
157.7039337158203
162.179931640625
155.9208984375
168.5587158203125
169.0408172607422
204.38473510742188
185.617431640625
204.6847686767578
240.6210479736328
228.74163818359375
228.9334716796875
214.33998107910156
278.45770263671875
220.92251586914062
251.0760040283203
300.84539794921875
310.53314208984375
268.20050048828125
334.90887451171875
328.726806640625
347.50164794921875
321.9929504394531
388.755859375
371.1818542480469
311.37872314453125
388.079833984375
403.9665832519531
422.5170593261719
416.9826354980469
430.07672119140625
441.08197021484375
456.53497314453125
373.68670654296875
419.1382751464844
427.5892333984375
352.975830078125
422.5087890625
414.3100280761719
427.2065124511719
305.6694030761719
364.2275085449219
374.5056457519531
280.2665710449219
328.584716796875
293.76715087890625
245.67897033691406
170.33047485351562
122.17073059082031
190.65956115722656
27.050241470336914
103.23604583740234
94.24787902832031
75.97095489501953
54.494293212890625
68.66803741455078
124.15980529785156
510.4005126953125
324.2322998046875
316.60418701171875
267.4007568359375
243.82374572753906
61.13747787475586
58.32089614868164
28.374217987060547
162.9709930419922
155.37405395507812
46.54147720336914
26.03988265991211
79.14366149902344
172.41778564453125
186.41067504882812
81.58393859863281
145.85926818847656
84.76824188232422
27.552026748657227
31.956037521362305
137.65231323242188
49.08384704589844
37.760101318359375
106.62992858886719
39.78310775756836
65.5628890991211
38.60199737548828
44.61356735229492
48.582275390625
40.17361068725586
31.39447021484375
21.12424659729004
142.57789611816406
39.54914474487305
56.22247314453125
33.925392150878906
30.0076847076416
77.1325454711914
39.45882797241211
127.67001342773438
39.192264556884766
40.82012176513672
69.8673095703125
66.02235412597656
118.63939666748047
97.95374298095703
36.65750503540039
63.6241455078125
89.83483123779297
47.41781234741211
113.72720336914062
37.05624771118164
76.38666534423828
151.4482879638672
30.548297882080078
102.443603515625
47.36182403564453
93.3170394897461
33.29443359375
36.67491149902344
65.21568298339844
35.93538284301758
24.631072998046875
47.32565689086914
23.72846221923828
104.09463500976562
95.35076904296875
43.8092041015625
88.70836639404297
30.231048583984375
56.79448318481445
50.77591323852539
140.09239196777344
123.3947982788086
69.7263412475586
127.42047882080078
74.8702392578125
108.5753402709961
94.56484985351562
90.43197631835938
73.35917663574219
26.297536849975586
40.86150360107422
70.0654067993164
119.29867553710938
131.37477111816406
80.96659088134766
83.98816680908203
21.03788185119629
25.200984954833984
52.407676696777344
55.73582077026367
25.20603370666504
11.931486129760742
81.1028823852539
52.12848663330078
33.392974853515625
33.51210021972656
26.65778923034668
71.54817199707031
35.38164138793945
71.85472106933594
31.811464309692383
27.279142379760742
56.32038879394531
44.97142791748047
34.32644271850586
21.00048828125
31.503414154052734
30.180273056030273
45.045936584472656
23.91376304626465
19.712749481201172
26.946842193603516
55.58419418334961
45.822689056396484
58.51823425292969
33.964027404785156
67.89655303955078
33.50798034667969
27.16163444519043
21.159448623657227
10.017097473144531
39.44081497192383
54.28129577636719
45.044124603271484
29.6097354888916
41.95189666748047
20.846309661865234
24.54917335510254
32.99591827392578
25.71099281311035
17.532411575317383
27.910184860229492
37.205020904541016
45.91322326660156
19.1446590423584
20.333765029907227
23.519041061401367
26.200883865356445
95.05902099609375
97.79871368408203
42.30622482299805
32.0995979309082
39.44835662841797
30.07101058959961
46.3443603515625
32.84931182861328
24.093290328979492
65.0038833618164
39.612884521484375
27.525142669677734
26.01974868774414
44.083213806152344
55.592002868652344
26.142032623291016
15.985648155212402
25.050010681152344
32.67172622680664
45.565425872802734
22.643035888671875
37.920772552490234
17.249984741210938
17.757247924804688
47.5985107421875
28.344045639038086
21.111852645874023
31.475765228271484
24.42540740966797
46.16419982910156
67.21837615966797
56.027679443359375
19.58027458190918
54.19398880004883
70.14926147460938
53.98374557495117
24.95901870727539
17.95942497253418
40.20343017578125
31.49074935913086
25.971426010131836
31.615190505981445
41.75873947143555
30.576974868774414
17.754240036010742
34.039390563964844
43.00905990600586
34.0184211730957
37.64509582519531
13.233242988586426
21.209909439086914
54.825382232666016
28.220008850097656
19.51310157775879
17.31296157836914
30.799959182739258
33.32284164428711
21.312273025512695
18.914236068725586
14.3328218460083
16.261947631835938
22.70518684387207
23.637632369995117
28.52405548095703
23.360219955444336
34.66309356689453
18.9334659576416
58.27058792114258
29.34967803955078
34.275360107421875
21.265748977661133
40.953086853027344
48.828941345214844
13.378437042236328
18.579267501831055
22.40772819519043
43.777957916259766
26.30901336669922
17.04997444152832
37.600650787353516
47.27996826171875
61.179874420166016
41.83749771118164
22.008386611938477
39.05948257446289
42.0300178527832
30.2999210357666
18.68722152709961
17.373682022094727
18.180946350097656
17.518404006958008
34.472713470458984
36.47962188720703
24.649272918701172
18.184412002563477
13.62288761138916
12.281859397888184
31.965211868286133
13.07222843170166
19.219318389892578
23.311399459838867
22.09402847290039
39.62656021118164
30.656028747558594
20.015127182006836
21.90499496459961
23.567293167114258
34.398014068603516
15.003802299499512
31.82866096496582
28.12590217590332
28.13619613647461
13.708765983581543
24.03948402404785
30.95148277282715
14.51917552947998
41.10646438598633
33.336883544921875
16.796646118164062
17.32005500793457
29.75311851501465
27.247989654541016
46.871273040771484
45.14760208129883
18.842182159423828
24.31162452697754
17.710100173950195
24.335723876953125
46.77238464355469
35.4779052734375
14.155056953430176
48.980255126953125
22.642309188842773
21.811437606811523
22.364906311035156
62.826690673828125
52.15928268432617
31.033010482788086
52.013545989990234
34.01766586303711
32.33340835571289
16.110916137695312
26.281360626220703
24.805225372314453
27.221996307373047
28.05729866027832
13.556028366088867
42.024288177490234
26.84959602355957
20.915754318237305
13.517923355102539
35.31126022338867
27.07050895690918
17.273164749145508
26.22118377685547
39.668697357177734
35.217559814453125
66.67849731445312
49.82862854003906
40.83769607543945
28.149702072143555
31.76063346862793
32.23970031738281
14.8712739944458
29.40729522705078
59.0787467956543
26.706954956054688
23.814476013183594
22.7027587890625
24.38427734375
17.025390625
42.9848747253418
21.83209228515625
26.533662796020508
32.47283935546875
16.662290573120117
18.688152313232422
37.345314025878906
11.463635444641113
46.57126998901367
19.12769317626953
30.52292823791504
20.53569793701172
18.76408576965332
25.475337982177734
21.325130462646484
27.984399795532227
11.487119674682617
35.677371978759766
55.751609802246094
64.39456939697266
57.59540557861328
12.000543594360352
32.01768112182617
36.38724136352539
30.77010154724121
22.810401916503906
21.13176918029785
34.58720397949219
69.14913177490234
66.62772369384766
40.381465911865234
27.818279266357422
14.693660736083984
40.71892547607422
47.48965072631836
30.145606994628906
28.386886596679688
20.42313575744629
38.668460845947266
25.640642166137695
23.874195098876953
26.71831512451172
35.53482437133789
15.600661277770996
28.065759658813477
16.665767669677734
33.45027160644531
12.105514526367188
18.416336059570312
22.782527923583984
15.758634567260742
43.54130935668945
36.38658142089844
13.480563163757324
30.43720054626465
13.080208778381348
17.972257614135742
14.68879508972168
17.820371627807617
18.57033348083496
30.057144165039062
21.687543869018555
41.78693389892578
44.12302780151367
19.159832000732422
18.12721061706543
20.771394729614258
26.933639526367188
13.286833763122559
25.607894897460938
21.38212013244629
14.085417747497559
40.42560958862305
53.03199005126953
30.210235595703125
15.143567085266113
10.532614707946777
80.32853698730469
87.34163665771484
97.2371826171875
73.60488891601562
31.071529388427734
18.35350799560547
50.19791030883789
60.123661041259766
72.94845581054688
45.69867706298828
19.807479858398438
13.623538970947266
20.874839782714844
20.856698989868164
18.072118759155273
19.163013458251953
17.98049545288086
36.9951057434082
22.16155433654785
28.77535629272461
22.211977005004883
13.167506217956543
14.604229927062988
16.845714569091797
19.21864891052246
18.833486557006836
21.86534881591797
16.756200790405273
22.77687644958496
29.955385208129883
37.75703430175781
25.29845428466797
33.05656433105469
24.812088012695312
21.90614891052246
25.215402603149414
20.589635848999023
29.339441299438477
16.053997039794922
24.548921585083008
13.81089973449707
13.406134605407715
21.09288787841797
20.215877532958984
14.907317161560059
8.937414169311523
9.503426551818848
13.355372428894043
29.13287925720215
26.247514724731445
16.3797607421875
10.573846817016602
48.689266204833984
85.01544189453125
76.38440704345703
32.84251403808594
9.448328018188477
11.239008903503418
33.770416259765625
24.4761905670166
21.089845657348633
30.695280075073242
54.20545196533203
29.942798614501953
49.33491897583008
12.128801345825195
14.605069160461426
20.23963165283203
20.694501876831055
16.659303665161133
27.77557945251465
55.614784240722656
58.15662384033203
14.760674476623535
9.739335060119629
41.454830169677734
53.36578369140625
28.665433883666992
19.73368263244629
18.715059280395508
29.849580764770508
39.704856872558594
38.44685363769531
19.380765914916992
29.19533920288086
45.373069763183594
47.41872024536133
26.11697006225586
24.349458694458008
14.55458927154541
44.10612487792969
45.23255920410156
19.983135223388672
20.171337127685547
32.463199615478516
17.083419799804688
35.74591064453125
17.093791961669922
9.141080856323242
25.372400283813477
38.526397705078125
20.601259231567383
17.26568031311035
20.312044143676758
13.605870246887207
9.357540130615234
15.135574340820312
20.706411361694336
49.079132080078125
29.418750762939453
14.947795867919922
8.388737678527832
43.153507232666016
33.30023956298828
14.96670913696289
21.97295379638672
13.915151596069336
8.165493965148926
17.60215950012207
20.36933135986328
15.049120903015137
18.468172073364258
31.687774658203125
13.541617393493652
23.203744888305664
52.12669372558594
13.774528503417969
10.46906852722168
27.842052459716797
27.61199951171875
24.3279972076416
28.254745483398438
10.223855018615723
35.07698440551758
49.9033317565918
55.546112060546875
23.617355346679688
18.238250732421875
32.2725944519043
46.728206634521484
55.0687255859375
40.2089729309082
44.33538818359375
25.13525390625
36.96619415283203
53.36324691772461
69.29756164550781
51.89481735229492
37.99421310424805
11.18295955657959
7.749911785125732
41.537567138671875
36.0568962097168
22.75568199157715
14.874711036682129
27.388837814331055
17.676345825195312
17.200029373168945
15.929945945739746
18.735355377197266
20.269264221191406
18.665292739868164
31.353836059570312
31.00818634033203
15.98335075378418
10.620925903320312
11.141108512878418
6.594526290893555
26.10309600830078
27.030595779418945
22.377017974853516
18.660367965698242
9.75336742401123
7.891615390777588
9.206782341003418
16.7535400390625
24.078187942504883
12.964686393737793
21.77263832092285
19.100725173950195
7.21762228012085
18.533912658691406
23.416339874267578
25.782846450805664
15.331897735595703
14.328333854675293
39.6214599609375
32.68508529663086
31.55579376220703
20.26594352722168
9.307169914245605
16.013063430786133
19.4437198638916
12.313240051269531
10.994608879089355
14.53760814666748
17.530759811401367
26.33222770690918
24.40076446533203
15.888297080993652
26.085203170776367
11.884684562683105
19.402469635009766
23.31023597717285
28.411727905273438
11.50285530090332
11.238459587097168
22.83050537109375
31.43301010131836
11.925533294677734
26.3612060546875
30.45721435546875
7.323647499084473
19.07920265197754
12.047468185424805
17.815486907958984
14.766621589660645
23.85226821899414
15.92242431640625
43.13810348510742
32.99202346801758
15.230363845825195
17.16705894470215
6.944948196411133
9.5388765335083
22.74725341796875
19.67091178894043
7.771905422210693
7.414937496185303
13.123217582702637
12.271171569824219
13.801410675048828
14.076804161071777
19.9320011138916
32.01429748535156
15.827709197998047
5.2997894287109375
6.735727787017822
5.048238277435303
20.552635192871094
13.841703414916992
13.559042930603027
19.65069580078125
20.5601863861084
12.105245590209961
19.760021209716797
13.830194473266602
16.066598892211914
14.753199577331543
23.853713989257812
12.674263000488281
11.576333045959473
27.015718460083008
28.84502410888672
40.26555252075195
29.11528205871582
7.286097049713135
28.192537307739258
9.788363456726074
9.664188385009766
6.783380031585693
22.290830612182617
9.712932586669922
10.14942455291748
10.51346492767334
19.879194259643555
22.142213821411133
22.197906494140625
6.502286911010742
18.066253662109375
10.771337509155273
8.751068115234375
15.93004035949707
16.01506805419922
12.81404972076416
33.74623489379883
26.098163604736328
15.648225784301758
28.072710037231445
26.957412719726562
21.288787841796875
21.28911781311035
14.478161811828613
17.382715225219727
12.054160118103027
20.672836303710938
4.828586578369141
18.89402198791504
8.122538566589355
21.704187393188477
4.284259796142578
7.273951053619385
6.178763389587402
9.44809341430664
12.82945728302002
6.106328964233398
4.3304314613342285
23.073911666870117
31.40365219116211
17.802627563476562
26.1835994720459
25.980186462402344
12.652003288269043
20.46055793762207
9.421257972717285
17.683237075805664
9.16466999053955
15.947651863098145
24.317230224609375
12.830263137817383
7.019163131713867
18.373571395874023
19.518835067749023
12.525376319885254
7.934844017028809
11.971489906311035
22.17421531677246
15.560687065124512
13.640057563781738
24.798582077026367
5.036986827850342
11.942524909973145
9.467377662658691
8.755730628967285
21.09477996826172
7.252188205718994
9.168890953063965
8.49677848815918
13.849143981933594
17.007551193237305
21.078292846679688
11.111451148986816
8.917915344238281
25.058073043823242
21.900596618652344
10.096967697143555
22.02215003967285
17.00625228881836
12.523721694946289
9.865513801574707
11.950211524963379
35.66752243041992
4.706395626068115
14.591385841369629
6.1452813148498535
17.06108283996582
14.150309562683105
24.05902862548828
31.7759952545166
27.059171676635742
9.380080223083496
8.965691566467285
6.894040107727051
14.308730125427246
13.112606048583984
16.900157928466797
14.182382583618164
12.781106948852539
6.4569196701049805
13.561277389526367
19.128406524658203
7.021425247192383
10.58525562286377
21.98822021484375
4.603738784790039
23.12531089782715
8.754411697387695
35.13727951049805
33.75672912597656
4.859541416168213
5.094195365905762
10.44513988494873
23.5353946685791
13.789074897766113
15.035103797912598
16.284130096435547
6.961526870727539
24.717357635498047
12.444604873657227
17.132949829101562
31.820131301879883
7.055544376373291
11.349749565124512
31.114686965942383
21.601428985595703
13.10293960571289
14.203144073486328
8.877835273742676
10.740443229675293
13.609086036682129
21.30060386657715
18.476850509643555
11.98054313659668
28.15530014038086
23.379499435424805
39.225685119628906
29.763883590698242
11.67598819732666
17.87984848022461
14.154446601867676
20.385211944580078
7.174702167510986
7.552791595458984
10.392544746398926
10.223325729370117
8.72100830078125
20.269329071044922
15.209869384765625
30.284334182739258
26.432819366455078
26.45706558227539
7.2694993019104
9.927999496459961
8.13567066192627
11.260493278503418
9.37646198272705
4.370510101318359
9.298724174499512
10.656920433044434
12.839200973510742
8.653977394104004
14.442965507507324
6.040522575378418
16.008235931396484
4.889400482177734
10.859835624694824
12.1519193649292
21.609935760498047
20.253318786621094
9.516464233398438
4.830718040466309
9.014148712158203
10.369453430175781
11.45248794555664
7.0183234214782715
26.741043090820312
24.430036544799805
24.547836303710938
13.68224811553955
8.861510276794434
18.593265533447266
26.086271286010742
12.863285064697266
14.581759452819824
5.446522235870361
7.30083703994751
9.730627059936523
13.509920120239258
21.2005672454834
12.915192604064941
8.097724914550781
14.007485389709473
10.962764739990234
4.721067905426025
16.6774845123291
8.12431526184082
9.638996124267578
7.489365577697754
10.665709495544434
9.185193061828613
19.094831466674805
16.25644302368164
15.590046882629395
10.888164520263672
13.070253372192383
10.717591285705566
9.811606407165527
8.372157096862793
23.958581924438477
18.76836585998535
16.588848114013672
6.722094535827637
7.306293487548828
31.015901565551758
43.72209930419922
16.797731399536133
29.44680404663086
28.21735954284668
20.729455947875977
9.494240760803223
9.237876892089844
16.185426712036133
28.75005340576172
11.491966247558594
10.729864120483398
11.811293601989746
19.219568252563477
16.233034133911133
19.701496124267578
15.215507507324219
20.734134674072266
16.09681510925293
17.513803482055664
7.744519233703613
16.088869094848633
8.436983108520508
18.506385803222656
6.271373271942139
11.419000625610352
18.758228302001953
19.847640991210938
24.37326431274414
21.800443649291992
20.813278198242188
5.243259429931641
11.806485176086426
15.383373260498047
21.962392807006836
11.583794593811035
15.507277488708496
16.58933448791504
5.168910980224609
16.363449096679688
14.93024730682373
18.65701675415039
23.752492904663086
14.934584617614746
19.836992263793945
25.43392562866211
12.358819007873535
6.351200103759766
15.953768730163574
3.058081865310669
10.712568283081055
6.885598182678223
20.24752426147461
6.562440872192383
7.604057312011719
5.101748943328857
11.723484992980957
5.69529390335083
13.105634689331055
20.36411476135254
5.482232093811035
10.69540023803711
6.22214412689209
8.770078659057617
20.530576705932617
9.135496139526367
19.84918212890625
4.579759120941162
11.690973281860352
11.614988327026367
19.151470184326172
34.0430908203125
5.047389984130859
6.813663005828857
3.6145176887512207
4.735652923583984
4.292947769165039
16.045549392700195
10.179450035095215
7.051943778991699
12.123688697814941
12.644665718078613
7.827615737915039
17.158615112304688
5.803360462188721
7.612713813781738
11.496131896972656
12.412574768066406
6.9172210693359375
14.225510597229004
11.415839195251465
6.84989595413208
10.27077865600586
22.9368896484375
17.18535041809082
7.434768199920654
8.342843055725098
19.470108032226562
19.20562744140625
21.80565643310547
6.223276138305664
8.87480354309082
10.046998023986816
15.029309272766113
5.922894477844238
6.353127956390381
13.693042755126953
19.546781539916992
18.22373390197754
8.971696853637695
6.939977645874023
14.86137580871582
11.509326934814453
31.237457275390625
17.704273223876953
8.63766098022461
12.511346817016602
8.362512588500977
16.109281539916992
16.57815933227539
21.73017120361328
5.372395992279053
13.64254093170166
8.3018159866333
11.629146575927734
16.337154388427734
20.509538650512695
18.694189071655273
9.380648612976074
11.868844985961914
7.978301048278809
18.594894409179688
12.239298820495605
26.304170608520508
8.988717079162598
3.693587303161621
12.26181697845459
4.472872734069824
27.630300521850586
7.476421356201172
18.33252716064453
23.675504684448242
11.180903434753418
7.097707748413086
15.754585266113281
33.881675720214844
33.89630126953125
20.566850662231445
23.45904541015625
10.920231819152832
5.28804874420166
4.492112636566162
13.207218170166016
12.311529159545898
6.209009647369385
12.884836196899414
3.8848936557769775
7.0146379470825195
15.455947875976562
6.913435459136963
9.905406951904297
14.5855073928833
7.365273952484131
8.317846298217773
8.004895210266113
13.530343055725098
9.603623390197754
23.51093864440918
6.712131500244141
10.330111503601074
6.190950393676758
10.138289451599121
6.948834419250488
6.351772308349609
7.464978218078613
4.762820243835449
23.5277099609375
7.999390125274658
14.636407852172852
9.000896453857422
4.5516204833984375
15.629687309265137
9.238577842712402
13.810587882995605
6.635459899902344
10.377189636230469
10.720309257507324
14.694474220275879
21.600257873535156
7.05050802230835
13.870711326599121
20.431285858154297
16.98155403137207
14.470932006835938
9.189717292785645
9.19532585144043
6.218941688537598
4.278682708740234
8.90464973449707
6.515515327453613
22.119312286376953
19.970693588256836
6.236922264099121
12.599077224731445
13.076837539672852
14.88878345489502
12.50461196899414
13.603227615356445
14.482895851135254
8.802124977111816
28.81901741027832
12.419689178466797
6.244478225708008
2.4020164012908936
7.252929210662842
5.837773323059082
15.230080604553223
15.240938186645508
9.881362915039062
5.059431076049805
11.3148832321167
