30.91775894165039
31.121496200561523
32.40237045288086
36.650264739990234
39.980201721191406
46.58153533935547
53.0257568359375
63.424869537353516
68.26234436035156
85.96002960205078
94.88702392578125
115.71748352050781
122.21922302246094
150.0288848876953
169.0950164794922
187.771484375
202.19801330566406
233.00784301757812
247.8472900390625
272.316162109375
285.7318115234375
305.7902526855469
351.6460876464844
348.48748779296875
382.1505432128906
386.3422546386719
408.78631591796875
420.9574890136719
438.97003173828125
455.37890625
466.77850341796875
470.00732421875
478.2928466796875
500.6220397949219
483.5129089355469
512.5047607421875
510.5765380859375
481.3929138183594
491.3589172363281
514.5448608398438
516.4503784179688
519.6076049804688
486.1739807128906
505.0826721191406
481.101318359375
503.45404052734375
491.161376953125
417.3773193359375
441.8370361328125
435.86700439453125
405.08477783203125
407.5072937011719
381.34027099609375
347.4611511230469
341.0677185058594
287.7350158691406
311.6234436035156
244.70541381835938
252.99244689941406
222.86398315429688
86.79830932617188
55.497718811035156
108.97516632080078
71.04203796386719
84.95051574707031
32.24301528930664
39.983577728271484
47.13433074951172
51.00739669799805
38.025455474853516
23.66944122314453
57.23480224609375
37.89448547363281
74.80866241455078
39.58311462402344
19.000070571899414
61.297576904296875
58.03899002075195
16.727657318115234
22.27469253540039
16.988950729370117
35.6707649230957
25.574460983276367
28.32792091369629
39.70337677001953
35.86043930053711
9.861373901367188
74.23109436035156
54.75920867919922
60.0811767578125
55.63230895996094
70.14749908447266
20.57014274597168
36.73580551147461
22.324453353881836
15.488497734069824
23.98989486694336
56.1390495300293
21.262887954711914
51.91338348388672
58.63660430908203
16.35822296142578
43.56122589111328
25.651269912719727
27.334535598754883
16.59639549255371
65.67953491210938
41.501953125
20.904144287109375
52.96387481689453
26.826566696166992
30.916261672973633
15.66408634185791
51.835445404052734
56.35682678222656
20.07061004638672
34.981998443603516
17.289926528930664
33.399593353271484
107.39506530761719
