132.68209838867188
134.19729614257812
127.33814239501953
128.50424194335938
124.96603393554688
131.02577209472656
119.87744140625
120.07510375976562
116.42237854003906
114.11534881591797
96.15913391113281
90.17536163330078
81.8618392944336
71.85948944091797
64.24932098388672
52.20903778076172
40.24558639526367
30.559476852416992
22.816280364990234
25.24387550354004
28.169126510620117
27.411270141601562
32.97633743286133
22.74681282043457
25.27065658569336
25.893077850341797
20.03264045715332
15.196050643920898
17.108415603637695
18.394351959228516
15.944951057434082
14.755608558654785
13.517146110534668
11.33434772491455
19.880088806152344
14.10135269165039
13.308148384094238
12.044575691223145
13.10536003112793
24.373559951782227
11.584318161010742
17.4080810546875
16.443906784057617
10.196730613708496
14.479187965393066
18.672666549682617
13.995745658874512
12.405807495117188
16.860519409179688
15.3113374710083
15.399471282958984
17.986522674560547
17.222637176513672
12.12990665435791
16.40102195739746
10.668395042419434
14.837665557861328
14.428180694580078
14.129464149475098
12.550049781799316
10.705635070800781
15.423605918884277
18.087753295898438
13.986225128173828
17.377338409423828
14.62117862701416
14.707427978515625
12.438081741333008
13.49815559387207
14.91252326965332
17.26991081237793
14.762301445007324
15.957023620605469
14.386882781982422
12.792522430419922
13.670475006103516
12.943194389343262
15.481095314025879
13.937263488769531
11.629751205444336
16.92287254333496
18.298818588256836
13.118794441223145
13.361794471740723
12.897866249084473
14.816353797912598
11.24057674407959
10.388529777526855
11.989354133605957
15.978294372558594
16.135644912719727
10.794585227966309
16.00770378112793
19.42682647705078
11.166173934936523
13.59096908569336
18.8914737701416
14.252074241638184
17.21841812133789
16.199159622192383
11.056955337524414
14.193074226379395
11.83890151977539
12.935683250427246
10.48725414276123
17.572175979614258
11.172491073608398
14.95433521270752
15.604591369628906
15.41195011138916
12.426637649536133
10.951407432556152
12.909710884094238
9.604290962219238
15.902047157287598
13.849699974060059
15.541257858276367
12.454671859741211
13.039996147155762
10.869071960449219
