18.960599899291992
19.08514976501465
18.834304809570312
19.09424591064453
18.419261932373047
18.893156051635742
18.908178329467773
19.415664672851562
16.866674423217773
18.94439125061035
18.03353500366211
18.718830108642578
18.783864974975586
18.51003074645996
18.93524932861328
18.54038429260254
16.166736602783203
18.30324363708496
19.20010757446289
18.677471160888672
16.367895126342773
18.15009880065918
18.01304054260254
18.525819778442383
18.278614044189453
18.716129302978516
18.426565170288086
18.730989456176758
18.14299774169922
18.831130981445312
18.535362243652344
18.833097457885742
17.90297508239746
15.906228065490723
18.519445419311523
17.925329208374023
17.72735595703125
16.14580726623535
18.580583572387695
18.25179100036621
17.828357696533203
17.610868453979492
17.578750610351562
17.876667022705078
16.409561157226562
16.398649215698242
18.446945190429688
18.0303955078125
17.5141658782959
17.449541091918945
18.30547523498535
17.240093231201172
17.506074905395508
17.413776397705078
17.13071632385254
17.448638916015625
17.18796157836914
16.961532592773438
16.452659606933594
16.84296226501465
16.50373077392578
16.482717514038086
15.0516357421875
16.510526657104492
14.886894226074219
16.51779556274414
15.79153823852539
16.23950958251953
15.92154312133789
15.620866775512695
15.906450271606445
15.246390342712402
15.20976734161377
15.061420440673828
15.104823112487793
15.250592231750488
11.283863067626953
14.466936111450195
13.04214096069336
14.516861915588379
14.486307144165039
13.548721313476562
13.670949935913086
13.530577659606934
13.764418601989746
13.495885848999023
12.015050888061523
13.216304779052734
12.766057014465332
12.472294807434082
12.764440536499023
12.303484916687012
12.205469131469727
10.94191837310791
11.754096031188965
11.632036209106445
11.198259353637695
11.0066556930542
10.779370307922363
11.016160011291504
10.798088073730469
10.434876441955566
10.387636184692383
10.170493125915527
9.674428939819336
9.91815185546875
9.437872886657715
9.478272438049316
9.2670316696167
9.32436466217041
9.221009254455566
9.20637321472168
9.011138916015625
8.675049781799316
8.541427612304688
8.348958969116211
8.460862159729004
8.422531127929688
8.07689380645752
7.891726493835449
8.006536483764648
7.739090442657471
7.554044246673584
7.434202194213867
7.398115634918213
7.273571014404297
7.1409687995910645
6.973483562469482
6.99232292175293
6.73205041885376
6.782564163208008
6.579720973968506
6.516041278839111
6.38885498046875
6.228828430175781
6.38803768157959
6.1033616065979
6.0378618240356445
5.805136203765869
5.8720903396606445
5.874806880950928
5.702991008758545
5.472944259643555
5.354617118835449
5.465753078460693
5.586562156677246
5.412153720855713
5.482723236083984
5.013600826263428
5.158846378326416
5.144920349121094
5.117224216461182
4.979547500610352
4.946278095245361
4.85661506652832
4.716583728790283
4.798044681549072
4.819217681884766
4.78224515914917
4.705255031585693
4.481034278869629
4.555190086364746
4.383026123046875
4.471967697143555
4.507482051849365
4.621328353881836
4.494808673858643
4.380302906036377
4.325038909912109
4.5542120933532715
4.377686023712158
4.276290416717529
4.320211410522461
4.243511199951172
4.165446758270264
4.261160850524902
4.1985979080200195
4.081125259399414
4.24768590927124
4.067977428436279
4.170387268066406
4.149662494659424
3.9906554222106934
4.051717281341553
4.182523250579834
3.989776611328125
3.837013006210327
3.985684871673584
3.8594882488250732
3.944694995880127
3.8157482147216797
3.8718507289886475
3.8715994358062744
3.854534864425659
3.7014544010162354
3.8054115772247314
3.765029191970825
3.6693620681762695
3.6276967525482178
3.6023216247558594
3.65250563621521
3.5461466312408447
3.7098634243011475
3.476893663406372
3.6797831058502197
3.518587350845337
3.6612892150878906
3.3156039714813232
3.5139057636260986
3.4140384197235107
3.2835986614227295
3.433117628097534
3.537341594696045
3.116326093673706
3.387223243713379
3.4371819496154785
3.4001822471618652
3.4718403816223145
3.358504056930542
3.2989654541015625
3.300626754760742
3.2027688026428223
3.162260055541992
3.215080499649048
3.147514820098877
3.1791229248046875
3.1317336559295654
3.134430408477783
3.040229558944702
2.867521286010742
3.1114602088928223
3.0450615882873535
2.985024929046631
3.0091774463653564
3.0046145915985107
3.0050621032714844
2.849722385406494
2.948949098587036
2.956740617752075
2.6826224327087402
2.9999358654022217
2.955867052078247
2.913503646850586
2.87387752532959
2.9744369983673096
2.760633707046509
2.8554341793060303
2.8591413497924805
2.8012514114379883
2.707469940185547
2.7945539951324463
2.6461470127105713
2.8230042457580566
2.806932210922241
2.7094154357910156
2.527029037475586
2.7019176483154297
2.7466471195220947
2.517825126647949
2.5436277389526367
2.7153239250183105
2.7336690425872803
2.5571439266204834
2.6190404891967773
2.735985040664673
2.7108418941497803
2.5725388526916504
2.635030746459961
2.573951244354248
2.666512966156006
2.5952844619750977
2.604393720626831
2.5456414222717285
2.419029474258423
2.561135768890381
2.362544059753418
2.5885636806488037
2.5534937381744385
2.5439577102661133
2.4664840698242188
2.5111923217773438
2.445627450942993
2.5438032150268555
2.446665048599243
2.613666296005249
2.4067606925964355
2.420379877090454
2.4183011054992676
2.436614990234375
2.4539225101470947
2.4848287105560303
2.4413034915924072
2.4070467948913574
2.4196553230285645
2.319145441055298
2.4169442653656006
2.3407390117645264
2.3405961990356445
2.308260440826416
2.270211935043335
2.1859793663024902
2.3948535919189453
2.3287336826324463
2.3303420543670654
2.152048349380493
2.270475149154663
2.386730432510376
2.275737762451172
2.286738872528076
2.2829363346099854
2.2048845291137695
2.352228879928589
2.278157949447632
2.267448663711548
2.0713207721710205
2.270275115966797
2.215972900390625
2.17232608795166
2.226221799850464
2.2057273387908936
2.2276337146759033
2.1003940105438232
2.2140958309173584
2.154895067214966
2.1673879623413086
2.206650733947754
2.1302649974823
2.1830437183380127
2.0736594200134277
2.250657796859741
2.197639226913452
2.1470577716827393
2.1018805503845215
2.1000289916992188
2.1333305835723877
2.0859246253967285
2.0963501930236816
2.0997190475463867
2.1092090606689453
2.1368398666381836
2.0640695095062256
2.1381542682647705
2.080662727355957
2.041264772415161
2.0765528678894043
2.060169219970703
2.0840492248535156
2.1154873371124268
2.1234958171844482
2.113948345184326
2.0519044399261475
1.9152626991271973
1.9697540998458862
1.8960169553756714
2.089073419570923
2.018404722213745
2.0544686317443848
1.9991945028305054
1.995754361152649
2.0026724338531494
2.0356991291046143
2.0107147693634033
2.013148784637451
1.993369221687317
1.9856808185577393
1.967774510383606
1.8753697872161865
2.0658421516418457
1.8521473407745361
1.966633915901184
1.9471452236175537
2.025425672531128
1.9236900806427002
2.0737407207489014
1.8889405727386475
1.8296599388122559
2.0482547283172607
1.889713168144226
1.791557788848877
1.9891417026519775
1.9057563543319702
1.961958408355713
1.941379189491272
1.9549146890640259
1.9752817153930664
1.9416463375091553
1.8857660293579102
1.9221677780151367
1.9048999547958374
1.908046841621399
1.8094842433929443
1.871163010597229
1.9673014879226685
1.9378374814987183
1.7467185258865356
1.8909835815429688
1.956940770149231
1.916308879852295
1.8926410675048828
1.9097107648849487
1.8423742055892944
1.9835407733917236
1.8687174320220947
1.9182459115982056
1.8940931558609009
1.892829418182373
1.8031260967254639
1.8698190450668335
1.895507574081421
1.873608946800232
1.9265609979629517
1.897631287574768
1.780992031097412
1.8126955032348633
1.6620135307312012
1.827327013015747
1.8415257930755615
1.7650206089019775
1.6432815790176392
1.665192723274231
1.8171448707580566
1.782742977142334
1.8352079391479492
1.8537780046463013
1.793501615524292
1.6433806419372559
1.8422412872314453
1.8231183290481567
1.7937064170837402
1.857804298400879
1.7841168642044067
1.8099989891052246
1.752429723739624
1.7965919971466064
1.909258246421814
1.7605918645858765
1.7974848747253418
1.7230210304260254
1.8322010040283203
1.7610576152801514
1.7503371238708496
1.7508026361465454
1.6075338125228882
1.7860093116760254
1.7448416948318481
1.764841914176941
1.7244797945022583
1.6511701345443726
1.7241076231002808
1.5813251733779907
1.7188979387283325
1.782284140586853
1.7936664819717407
1.7953720092773438
1.741152048110962
1.7266325950622559
1.7932425737380981
1.7170379161834717
1.782482385635376
1.7693805694580078
1.7550588846206665
1.6273282766342163
1.6877923011779785
1.7246556282043457
1.7103090286254883
1.7747423648834229
1.6905534267425537
1.7176111936569214
1.7496232986450195
1.7680528163909912
1.6869674921035767
1.636879563331604
1.6382211446762085
1.6317050457000732
1.6356372833251953
1.8362458944320679
1.742195963859558
1.5805437564849854
1.5644567012786865
1.6269711256027222
1.581838846206665
1.7348566055297852
1.7032901048660278
1.6452126502990723
1.643385410308838
1.703141689300537
1.6831289529800415
1.6385352611541748
1.6028391122817993
1.6996557712554932
1.6295291185379028
1.6620100736618042
1.5927319526672363
1.7171273231506348
1.604987621307373
1.7017948627471924
1.6474047899246216
1.7329349517822266
1.5477309226989746
1.6918010711669922
1.7386410236358643
1.6621899604797363
1.677333950996399
1.6971325874328613
1.621208906173706
1.6402982473373413
1.63645601272583
1.4959253072738647
1.6371043920516968
1.6535784006118774
1.6306884288787842
1.6452398300170898
1.6415990591049194
1.7168529033660889
1.5730459690093994
1.6925867795944214
1.6151745319366455
1.5027409791946411
1.6615443229675293
1.5633474588394165
1.6275672912597656
1.6149277687072754
1.5027117729187012
1.49912428855896
1.6509146690368652
1.617000937461853
1.6109180450439453
1.5265432596206665
1.610795259475708
1.6039924621582031
1.5188685655593872
1.4885942935943604
1.6429136991500854
1.5507392883300781
1.503461480140686
1.6254100799560547
1.6159776449203491
1.6822773218154907
1.5398774147033691
1.6592168807983398
1.6378151178359985
1.6273528337478638
1.5757626295089722
1.561830759048462
1.670946478843689
1.6248741149902344
1.5725915431976318
1.5599117279052734
1.5965994596481323
1.5722458362579346
1.573068618774414
1.5826046466827393
1.4817719459533691
1.648642897605896
1.5730520486831665
1.5477038621902466
1.6239452362060547
1.5168545246124268
1.5119839906692505
1.6338038444519043
1.631411075592041
1.6225723028182983
1.4498575925827026
1.5752938985824585
1.7001769542694092
1.6232186555862427
1.543885350227356
1.535691499710083
1.5274518728256226
1.5756609439849854
1.5859237909317017
1.4440042972564697
1.5564156770706177
1.5874552726745605
1.5541772842407227
1.5887556076049805
1.603841781616211
1.5460177659988403
1.5613188743591309
1.5833673477172852
1.6147650480270386
1.6002007722854614
1.5786865949630737
1.5886211395263672
1.571415662765503
1.5797393321990967
1.5420880317687988
1.4829386472702026
1.547184705734253
1.631009817123413
1.5488015413284302
1.575728416442871
1.4603387117385864
1.565488576889038
1.4855507612228394
1.5280780792236328
1.5168604850769043
1.5426031351089478
1.549954891204834
1.539639949798584
1.5166118144989014
1.567175269126892
1.3937656879425049
1.5543829202651978
1.5696630477905273
1.4854868650436401
1.6176685094833374
1.5084433555603027
1.4693344831466675
1.5043288469314575
1.5062638521194458
1.4652618169784546
1.52507746219635
1.5427155494689941
1.5246907472610474
1.575506567955017
1.49483323097229
1.5488369464874268
1.5784666538238525
1.533713698387146
1.519585371017456
1.5754475593566895
1.5511540174484253
1.4209338426589966
1.4996892213821411
1.5106045007705688
1.5028302669525146
1.445703148841858
1.419600486755371
1.4644429683685303
1.5314167737960815
1.430044174194336
1.5199941396713257
1.518614649772644
1.512305736541748
1.4336017370224
1.5233392715454102
1.3992321491241455
1.497373104095459
1.5217535495758057
1.4894442558288574
1.4510618448257446
1.5642154216766357
1.4566624164581299
1.4555771350860596
1.4117218255996704
1.5118683576583862
1.5485491752624512
1.4707905054092407
1.470246434211731
1.497658133506775
1.5048902034759521
1.4083678722381592
1.5216008424758911
1.4198815822601318
1.4663141965866089
1.493242621421814
1.5546501874923706
1.4463282823562622
1.4742732048034668
1.5003750324249268
1.4398430585861206
1.5405808687210083
1.4647961854934692
1.4406509399414062
1.4215456247329712
1.3000187873840332
1.2965776920318604
1.491395354270935
1.5413720607757568
1.2737035751342773
1.430479884147644
1.4808586835861206
1.4666922092437744
1.4654579162597656
1.495869755744934
1.5222773551940918
1.4441568851470947
1.4276496171951294
1.4529491662979126
1.410109281539917
1.4809699058532715
1.4726775884628296
1.4870978593826294
1.434787392616272
1.5440219640731812
1.447432041168213
1.4329938888549805
1.4123973846435547
1.5191195011138916
1.4487780332565308
1.4519249200820923
1.4459911584854126
1.4548530578613281
1.456789493560791
1.333949089050293
1.4392508268356323
1.4076930284500122
1.374169111251831
1.5022549629211426
1.4622645378112793
1.40056312084198
1.4205251932144165
1.4011975526809692
1.4753096103668213
1.536779761314392
1.4268841743469238
1.502943754196167
1.480480432510376
1.4322893619537354
1.4887787103652954
1.3571128845214844
1.4693182706832886
1.433497667312622
1.4730783700942993
1.487305760383606
1.357627034187317
1.4001609086990356
1.381983995437622
1.4492411613464355
1.519532561302185
1.498659610748291
1.4230455160140991
1.4090663194656372
1.3599183559417725
1.453660011291504
1.4790825843811035
1.4934676885604858
1.2273969650268555
1.513034462928772
1.4875566959381104
1.437644600868225
1.419608473777771
1.4499791860580444
1.406049132347107
1.394666075706482
1.3343455791473389
1.397140383720398
1.4377435445785522
1.3092023134231567
1.4844602346420288
1.4525965452194214
1.4466348886489868
1.302831768989563
1.4048411846160889
1.5075358152389526
1.4749394655227661
1.4413131475448608
1.3939212560653687
1.4983727931976318
1.4165486097335815
1.471455693244934
1.3077003955841064
1.522019386291504
1.4669930934906006
1.424027442932129
1.477590560913086
1.3348605632781982
1.4379539489746094
1.4009917974472046
1.4286748170852661
1.4230785369873047
1.4686113595962524
1.3803504705429077
1.479621410369873
1.3982205390930176
1.402689814567566
1.3870986700057983
1.4135396480560303
1.4491066932678223
1.343346118927002
1.3056063652038574
1.483225703239441
1.3616085052490234
1.3818871974945068
1.4708662033081055
1.4094158411026
1.391331672668457
1.463305950164795
1.3363803625106812
1.472349762916565
1.3813233375549316
1.426573395729065
1.459216833114624
1.3791853189468384
1.4545822143554688
1.3620089292526245
1.4135349988937378
1.3608828783035278
1.385493278503418
1.4736210107803345
1.27250337600708
1.4469465017318726
1.369786262512207
1.0975291728973389
1.3469574451446533
1.4971805810928345
1.3996901512145996
1.363944411277771
1.3464136123657227
1.4199540615081787
1.366281509399414
1.427944540977478
1.375382423400879
1.4940694570541382
1.446740984916687
1.3928446769714355
1.3867309093475342
1.3339046239852905
1.50645112991333
1.4107259511947632
1.3603299856185913
1.3795750141143799
1.381268858909607
1.4044103622436523
1.396214246749878
1.4031589031219482
1.4061102867126465
1.409116268157959
1.3320351839065552
1.3897688388824463
1.356925368309021
1.3943016529083252
1.414408564567566
1.4206256866455078
1.4447978734970093
1.4715874195098877
1.3286176919937134
1.3388569355010986
1.3472446203231812
1.4531325101852417
1.4039638042449951
1.275491714477539
1.2725931406021118
1.3656586408615112
1.3749592304229736
1.3967385292053223
1.367598295211792
1.3766721487045288
1.3661084175109863
1.273441195487976
1.330506682395935
1.3002692461013794
1.3982300758361816
1.3761403560638428
1.4438116550445557
1.2820475101470947
1.4641830921173096
1.370736002922058
1.3895639181137085
1.2347084283828735
1.3939882516860962
1.352041482925415
1.408178687095642
1.415382742881775
1.362472653388977
1.3648936748504639
1.4290945529937744
1.4006363153457642
1.386145830154419
1.378456950187683
1.4108494520187378
1.3556379079818726
1.3727877140045166
1.3358253240585327
1.368389368057251
1.4605225324630737
1.4016481637954712
1.2990891933441162
1.3787702322006226
1.3816850185394287
1.2659565210342407
1.357451319694519
1.3470909595489502
1.3785159587860107
1.4186006784439087
1.3685141801834106
1.3357439041137695
1.2614439725875854
1.4170316457748413
1.3630366325378418
1.3744020462036133
1.4173883199691772
1.1928988695144653
1.3761584758758545
1.300896406173706
1.4043490886688232
1.2710437774658203
1.429979681968689
1.3802118301391602
1.368167757987976
1.400482177734375
1.381659984588623
1.3548964262008667
1.4247831106185913
1.4515682458877563
1.3892815113067627
1.4239182472229004
1.3485864400863647
1.3245173692703247
1.375454068183899
1.3144683837890625
1.3465704917907715
1.2465790510177612
1.342030644416809
1.2790749073028564
1.3622100353240967
1.436184048652649
1.3633594512939453
1.3717246055603027
1.4137134552001953
1.4009803533554077
1.3219878673553467
1.3887943029403687
1.3443104028701782
1.26327383518219
1.4292372465133667
1.3528159856796265
1.3700339794158936
1.4196289777755737
1.4227524995803833
1.3841679096221924
1.363842487335205
1.360991358757019
1.3313806056976318
1.4393970966339111
1.3684016466140747
1.3442692756652832
1.344258189201355
1.3648592233657837
1.4720765352249146
1.3734349012374878
1.3962475061416626
1.3671807050704956
1.329437494277954
1.3908660411834717
1.176716685295105
1.390910267829895
1.3795164823532104
1.3809874057769775
1.325801134109497
1.393927812576294
1.2489664554595947
1.4225116968154907
1.3618966341018677
1.3907368183135986
1.4408597946166992
1.395558476448059
1.4229756593704224
1.4194403886795044
1.4098094701766968
1.400434970855713
1.3967863321304321
1.3786298036575317
1.3757154941558838
1.407928228378296
1.3636566400527954
1.3830444812774658
1.382736086845398
1.3530385494232178
1.2296814918518066
1.3915234804153442
1.2931487560272217
1.3798778057098389
1.3868227005004883
1.4389517307281494
1.3575481176376343
1.3195167779922485
1.3251864910125732
1.3346189260482788
1.3833831548690796
1.3607014417648315
1.2991108894348145
1.4838037490844727
1.3412673473358154
1.3304741382598877
1.3646621704101562
1.3322829008102417
1.3443944454193115
1.408693552017212
1.3795652389526367
1.3125108480453491
1.3403517007827759
1.3203802108764648
1.3253518342971802
1.2933229207992554
1.3157097101211548
1.3445756435394287
1.4290412664413452
1.3528778553009033
1.3116638660430908
1.3688358068466187
1.3516275882720947
1.3151904344558716
1.2766276597976685
1.3882365226745605
1.2889045476913452
1.413514494895935
1.3340102434158325
1.2539432048797607
1.3784332275390625
1.3563055992126465
1.367385983467102
1.3982324600219727
1.2555721998214722
1.3516165018081665
1.3511559963226318
1.3930095434188843
1.3620864152908325
1.3430893421173096
1.3685866594314575
1.3218868970870972
1.3418315649032593
1.4057297706604004
1.396432876586914
1.3525322675704956
1.3053207397460938
1.3415343761444092
1.304298758506775
1.3288593292236328
1.3312222957611084
1.3498125076293945
1.4331170320510864
1.3322738409042358
1.3462315797805786
1.362190842628479
1.3489747047424316
1.3792030811309814
1.3246893882751465
1.369659185409546
1.3729815483093262
1.3601313829421997
1.3380374908447266
1.330412745475769
1.307343602180481
1.3259975910186768
1.3523457050323486
1.3918551206588745
1.3103115558624268
1.3748204708099365
1.297043800354004
1.341188907623291
1.3774324655532837
1.3255776166915894
1.387006163597107
1.3468515872955322
1.323552131652832
1.357308268547058
1.3794431686401367
1.3265109062194824
1.3967703580856323
1.3633835315704346
1.24655020236969
1.3302229642868042
1.3233457803726196
1.384932279586792
