128.2879180908203
144.73365783691406
118.04169464111328
143.57447814941406
145.59434509277344
144.15048217773438
126.72948455810547
118.21884155273438
145.75985717773438
147.02203369140625
148.93331909179688
147.74066162109375
147.37591552734375
133.24368286132812
121.82473754882812
146.2052764892578
133.01327514648438
152.9870147705078
128.86834716796875
143.6789093017578
139.5775146484375
99.86085510253906
142.81565856933594
148.20655822753906
150.4663848876953
133.69195556640625
143.0506134033203
138.07235717773438
153.42991638183594
120.9652099609375
138.88372802734375
149.70025634765625
139.1896514892578
117.62550354003906
134.93597412109375
122.4312744140625
118.63546752929688
149.23025512695312
117.89594268798828
140.54840087890625
114.8196029663086
122.64607238769531
129.7578582763672
136.56495666503906
134.0027313232422
130.49937438964844
145.01718139648438
141.06198120117188
130.89291381835938
127.52957153320312
146.48031616210938
101.01333618164062
122.6786117553711
131.82176208496094
124.56226348876953
138.8785400390625
113.3288803100586
117.03865051269531
99.11177062988281
113.45565795898438
133.6739044189453
130.9063262939453
100.22317504882812
129.4387969970703
118.78932189941406
98.97162628173828
130.7849578857422
128.21337890625
116.96121215820312
139.10377502441406
124.94281005859375
115.45459747314453
132.27114868164062
116.46366882324219
108.4629898071289
119.15887451171875
107.06866455078125
109.48527526855469
118.86797332763672
109.76866149902344
114.1085433959961
107.65559387207031
106.37205505371094
102.51936340332031
101.28960418701172
109.288818359375
105.20780944824219
101.53605651855469
100.72996520996094
91.74201202392578
76.54536437988281
95.89173889160156
80.19290924072266
96.66808319091797
81.84381866455078
86.24657440185547
74.35400390625
80.63431549072266
91.0225601196289
90.67414093017578
72.4216079711914
85.01373291015625
65.69550323486328
70.42918395996094
62.62982940673828
63.2495002746582
73.3524398803711
63.550132751464844
50.47154235839844
49.85444641113281
62.068138122558594
48.65477752685547
58.40644073486328
43.59209060668945
48.40292739868164
44.3962516784668
35.090213775634766
39.50156784057617
35.58396530151367
32.79425048828125
30.940364837646484
37.14407730102539
33.5872917175293
29.488468170166016
30.422096252441406
24.35504150390625
23.638019561767578
25.900020599365234
19.751340866088867
22.072664260864258
22.243106842041016
19.94845962524414
19.634765625
21.265451431274414
19.331499099731445
29.289573669433594
19.276187896728516
20.0750675201416
18.94707679748535
29.81548309326172
18.434255599975586
27.686397552490234
27.57081413269043
18.098318099975586
27.348846435546875
27.01405906677246
17.781368255615234
16.510555267333984
15.675429344177246
15.3737154006958
24.637638092041016
16.26898193359375
15.132304191589355
14.947598457336426
26.571142196655273
16.831567764282227
16.615074157714844
13.747028350830078
26.3427677154541
14.25999927520752
21.620153427124023
23.215160369873047
11.190897941589355
11.120349884033203
13.182414054870605
29.20901870727539
11.43802261352539
12.098105430603027
25.03060531616211
10.909282684326172
13.201464653015137
9.363224983215332
27.766138076782227
10.075181007385254
9.8284912109375
23.158557891845703
15.168701171875
16.464136123657227
9.081954956054688
10.513296127319336
10.096738815307617
9.320882797241211
8.235530853271484
9.799515724182129
8.921808242797852
16.137264251708984
8.06603717803955
17.560253143310547
7.113235950469971
6.974435806274414
6.425028324127197
6.659564971923828
18.75061798095703
29.527517318725586
6.4723358154296875
11.116120338439941
6.261166572570801
13.196510314941406
7.67677116394043
8.112323760986328
6.56663179397583
6.052824974060059
6.1667160987854
10.964303970336914
6.345535755157471
20.789348602294922
6.046327114105225
16.52760124206543
25.739599227905273
5.051826000213623
4.945505619049072
5.492450714111328
17.11496925354004
9.838296890258789
5.157102108001709
5.387648582458496
6.363358497619629
17.898775100708008
7.09573221206665
5.612241744995117
16.293025970458984
20.47426986694336
29.692302703857422
8.79453182220459
23.658491134643555
5.932562828063965
14.878055572509766
6.964460372924805
20.896886825561523
7.149428844451904
7.102445602416992
6.301420211791992
6.350841045379639
15.64747428894043
5.453581809997559
5.224287509918213
5.008345603942871
24.54640769958496
4.9894938468933105
4.654327392578125
15.00793170928955
31.035873413085938
18.624032974243164
4.685886383056641
8.077303886413574
6.450535774230957
5.009478569030762
4.950599193572998
22.51508140563965
5.372860431671143
6.132335662841797
15.435194969177246
5.930988311767578
5.525364398956299
5.731638431549072
16.46457290649414
9.337719917297363
7.563875675201416
13.588593482971191
6.011472225189209
5.247206687927246
5.591414451599121
5.289434909820557
4.670034885406494
4.994147777557373
15.847772598266602
30.161174774169922
20.36954116821289
5.262094974517822
4.668705463409424
7.000017166137695
4.974817752838135
4.561344623565674
5.442288398742676
14.864964485168457
4.589178085327148
7.473962306976318
13.18697452545166
20.468639373779297
4.6334052085876465
4.6164045333862305
7.294394493103027
11.058852195739746
6.468703746795654
13.702064514160156
4.61635684967041
20.26017951965332
4.754642486572266
5.585092067718506
5.332860946655273
5.808349132537842
4.399653434753418
12.127436637878418
25.66517448425293
8.060707092285156
5.188920974731445
4.698179721832275
31.100223541259766
12.61794376373291
4.855434894561768
5.253681182861328
7.507236957550049
8.478134155273438
5.8123250007629395
5.080440044403076
4.838279724121094
14.626678466796875
4.65947961807251
4.738361358642578
4.809632301330566
20.127201080322266
4.846532821655273
14.053338050842285
26.668380737304688
7.288793087005615
25.500417709350586
17.420814514160156
4.746438503265381
11.848091125488281
19.119304656982422
5.057438373565674
6.141280174255371
6.695804119110107
15.022746086120605
6.576016902923584
5.588624000549316
5.47008752822876
9.483382225036621
11.340712547302246
34.724761962890625
4.88037633895874
5.28465461730957
9.278682708740234
4.6656599044799805
4.706379413604736
4.691112995147705
8.787113189697266
17.67521095275879
4.520918846130371
4.877933025360107
18.9334716796875
13.440231323242188
6.535732269287109
5.091222286224365
4.623465061187744
10.225172996520996
4.703010082244873
12.399542808532715
18.677953720092773
5.228154182434082
12.168940544128418
9.811840057373047
5.515506267547607
4.82508659362793
5.18461275100708
4.978099822998047
4.6726531982421875
28.8056697845459
4.695581912994385
4.870001792907715
12.957637786865234
4.774795055389404
19.95064353942871
4.634133815765381
11.149148941040039
10.587438583374023
10.709513664245605
4.949301719665527
30.10546875
5.697269439697266
5.416331768035889
18.52374839782715
5.720197677612305
9.743295669555664
5.245681285858154
19.927906036376953
12.415178298950195
5.256390571594238
5.401769638061523
4.457056522369385
5.120599746704102
4.474131107330322
5.283488750457764
22.424514770507812
4.603434085845947
4.38505744934082
4.530900478363037
18.175579071044922
4.897582530975342
4.53104305267334
25.111465454101562
4.529592037200928
12.516714096069336
4.51954460144043
6.717873573303223
11.945270538330078
15.067975997924805
4.932186603546143
5.753959655761719
5.051775932312012
14.80885124206543
5.54340934753418
7.338305950164795
4.948763370513916
22.825288772583008
4.6622796058654785
10.758190155029297
19.81315040588379
10.425152778625488
16.436431884765625
5.778154373168945
4.891105651855469
5.6292314529418945
7.850653648376465
5.6685991287231445
7.964984893798828
4.759172439575195
14.301177978515625
4.73016357421875
18.350318908691406
4.319098949432373
18.880905151367188
19.772708892822266
14.773207664489746
4.543585300445557
6.119876861572266
14.257777214050293
6.4357147216796875
7.670919418334961
4.960468769073486
5.769906044006348
4.993820667266846
5.440948963165283
16.48166847229004
5.848120212554932
4.828944206237793
8.447628021240234
5.087622165679932
5.226127624511719
4.610964775085449
4.530510902404785
15.933175086975098
5.804394245147705
4.504109859466553
4.310749530792236
10.06307601928711
27.454635620117188
10.542902946472168
4.661260604858398
4.776304721832275
4.768906116485596
17.72976303100586
5.360896587371826
5.0045247077941895
5.412866115570068
9.499136924743652
14.613019943237305
15.828581809997559
11.701115608215332
5.248347282409668
5.007881164550781
28.228151321411133
6.568968296051025
17.559215545654297
5.435378551483154
10.266200065612793
8.537622451782227
5.896657943725586
9.77712345123291
5.619356632232666
15.93249797821045
27.062108993530273
4.8529863357543945
5.657452583312988
4.540006160736084
5.101396560668945
4.877504348754883
6.12164831161499
4.286116123199463
21.591764450073242
4.5413618087768555
23.777029037475586
11.460247039794922
5.1816840171813965
4.460179805755615
4.827528476715088
8.694355010986328
4.7747392654418945
4.385370254516602
4.621425151824951
4.515931129455566
6.9629387855529785
5.385983467102051
4.475114345550537
31.281892776489258
8.555675506591797
15.380629539489746
19.305383682250977
13.2383394241333
14.487763404846191
13.2665376663208
5.9680376052856445
6.320774555206299
6.463382720947266
9.905522346496582
7.7994384765625
17.43719482421875
10.075124740600586
6.157767295837402
7.6527581214904785
21.52381134033203
11.819993019104004
23.48339080810547
5.146910667419434
15.63256549835205
13.298995971679688
15.363056182861328
6.84117317199707
15.135978698730469
15.779158592224121
5.123349666595459
6.0866169929504395
16.941585540771484
16.36930274963379
5.6462554931640625
6.44172477722168
5.884939670562744
26.550739288330078
6.15782356262207
12.232318878173828
7.467759609222412
17.02167510986328
16.82755470275879
5.525399684906006
5.5220417976379395
6.788821220397949
15.344112396240234
30.194141387939453
11.958364486694336
9.083074569702148
8.807832717895508
19.130298614501953
10.397644996643066
5.6767754554748535
8.363187789916992
5.359632968902588
7.251925945281982
6.890254020690918
8.457148551940918
5.4793314933776855
7.284032344818115
6.965670585632324
5.138050556182861
5.446376800537109
5.147202491760254
4.662654876708984
5.44226598739624
6.391519546508789
38.20322036743164
15.351841926574707
4.4608635902404785
15.050466537475586
4.992839336395264
4.62606143951416
5.001787185668945
4.318256378173828
24.569141387939453
4.480658531188965
4.60205078125
4.4920172691345215
4.531890869140625
4.846096992492676
5.665987968444824
4.98435115814209
7.644438743591309
9.37734317779541
25.8262882232666
4.487656593322754
17.338253021240234
4.536488056182861
4.732914447784424
6.224000930786133
4.397205352783203
4.391629695892334
4.811977863311768
8.612212181091309
18.502368927001953
11.378148078918457
4.3934550285339355
6.609543800354004
8.258277893066406
20.896379470825195
10.744850158691406
18.730693817138672
5.248088359832764
4.643762111663818
6.829568862915039
4.883081912994385
25.351442337036133
4.960691452026367
17.963666915893555
5.7345428466796875
4.864415168762207
19.20323944091797
9.044880867004395
4.877852916717529
14.022196769714355
5.942470073699951
5.212519645690918
5.3977155685424805
4.9362006187438965
6.258416652679443
22.399288177490234
4.994626998901367
4.889991283416748
10.375133514404297
7.579477787017822
9.010772705078125
6.184503555297852
10.213384628295898
24.871814727783203
6.571500301361084
15.013276100158691
6.8842058181762695
5.072000980377197
5.5455193519592285
6.455665111541748
5.3274078369140625
5.828158378601074
6.154599189758301
5.062592029571533
5.661380290985107
4.5100016593933105
4.855898857116699
4.368551254272461
16.58475685119629
9.183170318603516
7.619328498840332
14.283353805541992
4.569009780883789
14.631776809692383
12.833332061767578
51.491737365722656
19.00705909729004
4.969933986663818
10.548628807067871
4.790441036224365
10.778314590454102
5.517729759216309
4.822075366973877
5.661123752593994
11.192907333374023
4.750521183013916
6.499597072601318
6.05149507522583
5.762488842010498
8.290655136108398
4.269526481628418
4.559821605682373
5.188301086425781
14.219531059265137
5.042910575866699
5.505607604980469
17.077260971069336
4.605161666870117
4.630687236785889
4.842638969421387
15.726149559020996
15.687443733215332
20.748302459716797
27.784950256347656
4.737556457519531
17.368112564086914
4.852217197418213
14.295063018798828
5.906764507293701
9.933754920959473
7.2297892570495605
11.468573570251465
33.61268615722656
6.433805465698242
5.969499588012695
5.603730201721191
11.858437538146973
8.363790512084961
5.592986106872559
16.31831169128418
5.906010627746582
7.383822441101074
17.85464096069336
5.27864933013916
4.7979021072387695
4.724900245666504
10.05911636352539
4.718024253845215
22.4315242767334
11.458889961242676
16.6151180267334
14.461156845092773
5.239871501922607
4.327022552490234
5.484976768493652
4.652834892272949
5.571208477020264
4.844364166259766
13.150891304016113
4.421504974365234
4.713342666625977
4.88192081451416
6.111170291900635
7.777156352996826
18.041406631469727
17.0760440826416
4.299507141113281
23.493867874145508
4.588149547576904
10.71599292755127
12.9530029296875
4.686610698699951
15.996500968933105
18.608074188232422
15.58339786529541
22.886301040649414
6.673362731933594
21.008390426635742
5.991489410400391
8.827224731445312
5.738527297973633
8.819204330444336
11.413650512695312
20.330352783203125
9.115809440612793
6.096942901611328
16.52162742614746
17.95551109313965
5.514414310455322
5.220781326293945
5.330893039703369
4.741456508636475
5.064145088195801
9.114843368530273
19.48821449279785
12.476635932922363
6.737203598022461
4.6600422859191895
5.003732681274414
4.6710429191589355
7.987586975097656
4.891529560089111
4.935256481170654
4.477236747741699
4.5610575675964355
9.95207405090332
17.476783752441406
4.5404229164123535
4.738147735595703
4.784310340881348
5.135475158691406
4.5159759521484375
4.6010308265686035
5.833119869232178
4.213690757751465
5.048733234405518
14.79758071899414
5.018136978149414
4.434051036834717
7.580607891082764
7.009006977081299
4.698229789733887
5.45291805267334
11.911264419555664
4.628528594970703
6.430037498474121
6.4289069175720215
4.9809064865112305
4.857794284820557
11.584665298461914
10.365198135375977
5.12819242477417
27.485767364501953
5.22853422164917
8.534673690795898
11.60067081451416
4.792093276977539
13.837990760803223
20.25515365600586
5.515124320983887
5.282987594604492
5.17520809173584
5.055876731872559
5.175833225250244
11.473390579223633
4.80061149597168
8.541492462158203
27.187976837158203
4.771068096160889
4.915564060211182
11.607069969177246
9.636941909790039
16.62933921813965
4.895717620849609
4.841912746429443
14.6336030960083
4.7326765060424805
4.5752973556518555
5.2176055908203125
4.29691219329834
23.060396194458008
15.297767639160156
4.588468551635742
4.798443794250488
4.889596939086914
15.308883666992188
4.510696887969971
22.239587783813477
19.13440704345703
4.786807060241699
4.615971565246582
7.956684112548828
4.25886869430542
15.909069061279297
4.774734020233154
4.9972124099731445
25.255985260009766
4.395745754241943
17.224658966064453
4.461972713470459
4.405590057373047
5.858924865722656
4.454474449157715
9.386642456054688
11.681760787963867
11.803982734680176
5.59694242477417
4.735752582550049
4.7974066734313965
16.22188377380371
4.559628486633301
5.745816230773926
4.759302139282227
9.034504890441895
17.278104782104492
5.6514363288879395
5.7240705490112305
17.604249954223633
18.353540420532227
5.4330620765686035
4.729285717010498
17.041866302490234
5.266869068145752
18.695650100708008
13.796719551086426
7.647305965423584
25.411239624023438
19.031513214111328
4.674496173858643
4.677873134613037
4.864607810974121
32.422393798828125
8.642538070678711
4.651981830596924
4.6439104080200195
5.662776470184326
5.096624851226807
8.14969539642334
12.176313400268555
5.172835826873779
4.453863620758057
5.1623215675354
11.248229026794434
13.88255786895752
10.241503715515137
4.43726921081543
6.1506805419921875
5.117753982543945
4.266579627990723
4.784015655517578
4.478631019592285
6.138872146606445
14.64377212524414
4.2664875984191895
4.757465839385986
5.090699195861816
9.413566589355469
4.508425235748291
12.851861953735352
13.195350646972656
5.425766468048096
5.02476692199707
20.79139518737793
26.43297004699707
6.314644813537598
7.280054569244385
19.37103271484375
4.399487018585205
28.288976669311523
5.5157856941223145
23.3366756439209
4.9003987312316895
4.902114391326904
33.04741668701172
4.874723434448242
5.096446990966797
7.293415546417236
8.246479988098145
4.516934394836426
22.68910026550293
6.075939655303955
5.950692176818848
5.622160911560059
8.661766052246094
13.21009349822998
4.799224853515625
26.647661209106445
5.17985200881958
4.677638053894043
11.195191383361816
4.250478267669678
4.524412155151367
4.620173931121826
16.881439208984375
26.101070404052734
4.786568641662598
12.477261543273926
6.531908988952637
4.4837646484375
18.61060905456543
4.463968276977539
5.0218095779418945
14.616170883178711
5.230984687805176
13.87242603302002
8.197504997253418
5.239288330078125
23.780628204345703
4.851229190826416
16.742021560668945
4.632898330688477
4.836182594299316
10.016637802124023
4.478567123413086
8.634909629821777
17.769750595092773
6.831905364990234
4.997348785400391
4.817734718322754
4.357003211975098
4.574442386627197
5.068183422088623
8.655912399291992
5.018532752990723
4.808905124664307
4.456027507781982
4.2343854904174805
4.299152374267578
4.613685131072998
4.502465724945068
4.912769794464111
6.130400657653809
4.565789222717285
4.610052585601807
4.729117393493652
4.5219035148620605
17.828832626342773
13.939504623413086
4.9080657958984375
10.195435523986816
4.250186920166016
19.240989685058594
16.9081974029541
4.347340106964111
4.9274749755859375
11.870734214782715
8.344535827636719
6.763173580169678
4.636449337005615
4.337011814117432
4.344273090362549
6.629753112792969
4.906612396240234
4.94876766204834
4.376596450805664
4.913626194000244
17.86443519592285
16.96967315673828
4.617152690887451
8.431282997131348
4.413252353668213
4.80735969543457
5.285016059875488
4.937556743621826
4.348897933959961
4.835160255432129
10.69593620300293
14.566231727600098
10.596110343933105
5.47593355178833
5.066680908203125
14.430624961853027
8.62299919128418
18.591421127319336
13.118200302124023
4.650485515594482
18.929508209228516
16.12586784362793
8.187235832214355
4.318815231323242
5.5241522789001465
4.780487537384033
16.160017013549805
11.312660217285156
16.733816146850586
7.625082492828369
16.138856887817383
4.691784381866455
4.370604038238525
12.008520126342773
5.22434139251709
4.83203125
4.784843921661377
4.717138767242432
11.780976295471191
4.481709957122803
15.881150245666504
9.18271255493164
10.107550621032715
25.303266525268555
5.2919111251831055
4.9300737380981445
23.942598342895508
5.116950035095215
10.288886070251465
15.474409103393555
22.24781036376953
17.198043823242188
6.353246688842773
5.1829729080200195
4.410229206085205
5.240699291229248
4.605759620666504
17.068199157714844
5.358790874481201
9.90738296508789
9.857720375061035
4.929139137268066
5.023159503936768
4.951434135437012
26.748666763305664
5.8327789306640625
17.364431381225586
14.567159652709961
17.77001190185547
16.700103759765625
16.130762100219727
4.978331089019775
6.722297191619873
12.81209945678711
7.727444171905518
17.735111236572266
5.980671405792236
19.03168487548828
5.292398452758789
11.785758018493652
5.542804718017578
4.4555487632751465
4.409670829772949
13.97353458404541
4.459074020385742
16.1287899017334
5.108144283294678
6.961772441864014
4.805788516998291
21.135738372802734
16.10535430908203
4.488786220550537
4.5301079750061035
5.7353386878967285
6.727032661437988
6.598669052124023
29.27515983581543
24.53857421875
4.6132636070251465
12.669205665588379
4.371002674102783
4.9732818603515625
6.284233570098877
4.493624210357666
5.790499687194824
4.833888053894043
5.019149303436279
5.33391809463501
17.49321937561035
15.256080627441406
18.868179321289062
5.016395568847656
4.836508274078369
4.583253860473633
31.305953979492188
4.757948398590088
4.589808940887451
5.891573905944824
15.444563865661621
16.117414474487305
4.657135009765625
4.478358268737793
16.972434997558594
16.102237701416016
9.985443115234375
11.087289810180664
4.565828323364258
6.051387786865234
4.415425777435303
8.004107475280762
10.670286178588867
5.630937576293945
4.261617183685303
4.717529773712158
4.851187229156494
6.1060872077941895
4.204544544219971
15.348612785339355
34.2420768737793
5.36494779586792
7.638267517089844
28.917768478393555
5.5217061042785645
4.754374027252197
7.30669641494751
4.813970565795898
17.003263473510742
17.45592498779297
18.657976150512695
4.7729339599609375
4.61475944519043
4.645923137664795
26.618621826171875
5.055336952209473
6.235626697540283
5.9583258628845215
4.699713230133057
6.351158618927002
15.807901382446289
4.228245735168457
5.899923324584961
5.164927959442139
7.117097854614258
12.35307502746582
17.9407958984375
5.012564182281494
16.768781661987305
26.289152145385742
4.482954502105713
4.456596374511719
16.252178192138672
4.823267459869385
4.646914482116699
17.278194427490234
4.833772659301758
4.583909034729004
10.636805534362793
5.057542324066162
5.918719291687012
4.898629665374756
8.575061798095703
4.766372203826904
4.494811058044434
4.936411380767822
19.25653839111328
6.107227325439453
4.5423054695129395
6.729351997375488
4.423519611358643
12.976136207580566
23.006715774536133
4.369086265563965
5.8259968757629395
