131.41661071777344
135.1602783203125
130.416748046875
135.9401397705078
139.2823944091797
142.2515869140625
131.8997344970703
132.15904235839844
129.66383361816406
133.18820190429688
131.8224639892578
126.88321685791016
131.2108917236328
129.5799560546875
123.8709945678711
124.66802978515625
118.3297119140625
111.22457122802734
106.090087890625
109.56444549560547
98.244873046875
93.00027465820312
90.47911834716797
80.60934448242188
77.5122299194336
72.50472259521484
65.7036361694336
55.34516143798828
51.78886795043945
48.724849700927734
44.74396514892578
40.635345458984375
38.123409271240234
33.0796012878418
32.32241439819336
30.616039276123047
25.91286277770996
28.244524002075195
27.23841094970703
24.031797409057617
28.58173942565918
25.655546188354492
24.882007598876953
24.306215286254883
22.553197860717773
22.773944854736328
22.051834106445312
22.722881317138672
22.217363357543945
21.727642059326172
21.522741317749023
19.648611068725586
19.28142547607422
19.017045974731445
18.45482063293457
19.976482391357422
17.61690330505371
16.573911666870117
23.4489803314209
19.44765853881836
15.610572814941406
15.743390083312988
15.316024780273438
16.906110763549805
18.56873893737793
15.522659301757812
16.185556411743164
15.485901832580566
13.331277847290039
12.435463905334473
13.6880464553833
13.23067855834961
11.234333038330078
12.22081184387207
9.55250358581543
11.833084106445312
10.178487777709961
9.189872741699219
10.071863174438477
13.780176162719727
9.253097534179688
7.831998348236084
11.067972183227539
9.95909309387207
10.60452651977539
8.499552726745605
9.389423370361328
11.270721435546875
12.82744026184082
10.88438606262207
12.180462837219238
7.85656213760376
8.115095138549805
7.601625919342041
9.601194381713867
11.470612525939941
8.5084228515625
10.741150856018066
8.295790672302246
12.565845489501953
13.782092094421387
9.104849815368652
7.586884021759033
14.454497337341309
8.792348861694336
9.215679168701172
9.88273811340332
8.320058822631836
7.92232608795166
7.816946029663086
7.978702068328857
12.366056442260742
8.77719783782959
9.084115982055664
10.180866241455078
9.426610946655273
8.762306213378906
7.967479705810547
10.548845291137695
15.785181999206543
