136.2934112548828
140.39932250976562
137.408935546875
134.2301483154297
134.64608764648438
127.3520278930664
135.67315673828125
138.48960876464844
138.83131408691406
135.6241455078125
131.0880889892578
130.86610412597656
130.5919647216797
133.19461059570312
130.16378784179688
121.52159881591797
116.25495910644531
112.36083984375
113.89972686767578
102.52365112304688
96.30728912353516
85.12954711914062
67.89031219482422
62.04326629638672
57.63025665283203
46.3848876953125
46.3563232421875
44.90382766723633
44.88230514526367
47.36525344848633
37.574928283691406
46.65652847290039
27.730791091918945
18.50550079345703
20.156049728393555
19.18702507019043
16.633073806762695
18.74518394470215
17.349843978881836
20.189512252807617
15.338443756103516
18.810609817504883
17.78994369506836
16.856918334960938
13.368680000305176
15.733410835266113
19.334238052368164
16.498065948486328
14.304265975952148
11.632122039794922
22.33240509033203
16.198802947998047
18.025325775146484
16.527511596679688
16.441987991333008
11.625422477722168
18.790979385375977
10.000146865844727
13.933558464050293
13.551457405090332
13.39394474029541
9.974359512329102
16.735671997070312
9.805962562561035
12.09570026397705
14.49596118927002
10.60957145690918
16.535009384155273
16.311838150024414
11.981524467468262
17.543806076049805
13.958909034729004
16.698131561279297
15.787833213806152
11.758523941040039
9.526458740234375
11.389446258544922
11.82956314086914
12.499478340148926
9.695978164672852
16.065208435058594
12.288187980651855
12.93028450012207
16.106142044067383
11.731781959533691
11.069798469543457
12.828034400939941
16.722675323486328
11.301667213439941
12.226259231567383
8.754864692687988
15.659097671508789
16.86151885986328
11.073112487792969
16.004056930541992
14.341584205627441
11.009233474731445
11.108236312866211
13.964031219482422
17.930147171020508
13.935904502868652
12.34980297088623
14.187033653259277
9.759246826171875
8.723976135253906
11.053814888000488
10.559462547302246
12.510754585266113
10.094305992126465
16.90489959716797
15.722081184387207
8.382967948913574
11.063314437866211
14.452387809753418
9.588513374328613
12.35485553741455
11.410791397094727
11.52275276184082
12.588509559631348
6.1246018409729
