94.85607147216797
134.82395935058594
126.94847106933594
121.44426727294922
136.17205810546875
145.7706298828125
138.43995666503906
137.73533630371094
136.23007202148438
131.14004516601562
132.279296875
148.45745849609375
118.45887756347656
124.38922882080078
146.72628784179688
139.51820373535156
133.20925903320312
137.97764587402344
120.42012786865234
128.67254638671875
154.31590270996094
135.4635009765625
141.07716369628906
130.1933135986328
138.5271759033203
135.67474365234375
114.01595306396484
137.65811157226562
121.39862823486328
112.05982971191406
139.1913299560547
103.65435028076172
115.42684173583984
111.23036193847656
127.49728393554688
133.18258666992188
128.9265594482422
136.31141662597656
114.28345489501953
119.38031768798828
125.23800659179688
108.44320678710938
131.3352813720703
114.93502807617188
122.03516387939453
100.80429077148438
117.9557113647461
90.29226684570312
110.13148498535156
114.6365737915039
111.96339416503906
88.47161102294922
86.53734588623047
90.89569091796875
100.96546936035156
77.71339416503906
102.97804260253906
97.8381118774414
75.0133285522461
95.38350677490234
69.08885955810547
81.52962493896484
84.53870391845703
58.85105514526367
64.55506134033203
72.29100036621094
69.71979522705078
67.43157196044922
53.900630950927734
51.27889633178711
50.302268981933594
48.998294830322266
42.018409729003906
43.06195831298828
27.47696304321289
32.713165283203125
36.08991622924805
30.674419403076172
28.571332931518555
22.676044464111328
23.02349853515625
16.32198715209961
19.124502182006836
12.682927131652832
10.505626678466797
8.83946418762207
9.222274780273438
17.604516983032227
9.077900886535645
10.890985488891602
8.620285987854004
8.745415687561035
13.678489685058594
22.42216682434082
6.859977722167969
19.439279556274414
32.72065734863281
11.986427307128906
6.787741661071777
25.769508361816406
25.06598472595215
23.706531524658203
8.896394729614258
10.73885440826416
10.603045463562012
12.591765403747559
17.689300537109375
11.424731254577637
17.643272399902344
10.263903617858887
7.493257999420166
15.48000717163086
9.284371376037598
17.824148178100586
7.441957473754883
5.97365665435791
5.980684757232666
14.87203598022461
6.152468204498291
14.1287260055542
8.120318412780762
5.575338840484619
8.00599479675293
5.634072303771973
13.236446380615234
5.896451950073242
15.332106590270996
13.370488166809082
7.997903347015381
7.156631946563721
7.6936726570129395
7.272798538208008
14.063312530517578
8.499187469482422
5.594343185424805
14.408782958984375
11.866389274597168
7.996206283569336
14.320423126220703
6.9526896476745605
7.26889705657959
7.279178142547607
6.97285270690918
9.01729679107666
10.00931167602539
5.67478084564209
6.844650745391846
9.147955894470215
8.389374732971191
5.54034948348999
5.485804080963135
5.522063255310059
6.69475793838501
6.126302242279053
5.549108982086182
4.832211494445801
5.891956329345703
5.937656879425049
5.325138092041016
5.8267364501953125
5.830238342285156
5.538046836853027
6.497551918029785
5.409489631652832
7.2240681648254395
5.647199630737305
6.2215142250061035
6.219150066375732
5.689662933349609
5.178540229797363
5.049366474151611
6.400766849517822
5.7964982986450195
5.210862159729004
5.38161563873291
6.111896991729736
5.835978984832764
7.0305986404418945
5.765416145324707
4.760178089141846
5.4277238845825195
5.574484825134277
5.565856456756592
5.277389049530029
4.96286678314209
5.720589637756348
5.195551872253418
5.760257720947266
5.431340217590332
5.703786849975586
6.174077987670898
5.491994380950928
5.332339763641357
5.355024337768555
6.592251300811768
6.800911903381348
5.852941036224365
5.326635837554932
5.541591167449951
6.372106075286865
6.636173725128174
5.731515884399414
5.410806179046631
5.771981239318848
5.433876991271973
4.8595075607299805
5.499986171722412
5.676493167877197
5.322995185852051
5.1240620613098145
5.199464797973633
5.560856819152832
5.223814010620117
5.776872634887695
5.405693531036377
5.316810607910156
4.958535671234131
5.692501544952393
5.228634357452393
5.253401279449463
5.468254566192627
5.532853603363037
5.151977062225342
5.210880756378174
5.224134922027588
5.122828483581543
4.908406734466553
5.346741676330566
5.943107604980469
5.154265880584717
6.574273109436035
3.910895586013794
4.554059982299805
5.281633377075195
5.363922595977783
5.489752292633057
5.26491117477417
5.37248420715332
4.766944408416748
4.724615097045898
4.998604774475098
5.649828910827637
6.291780471801758
5.473726749420166
4.705120086669922
5.169811725616455
5.388336181640625
4.472066402435303
5.110315799713135
5.428054332733154
4.25806188583374
4.062074184417725
7.11903715133667
5.1247029304504395
4.911022663116455
5.21947717666626
4.7856950759887695
4.383044242858887
4.901149272918701
4.813783645629883
5.066469669342041
4.990918159484863
5.073197364807129
5.156631946563721
5.44463586807251
5.138628005981445
5.368158340454102
4.651527404785156
5.215649604797363
4.966330051422119
5.111748218536377
5.214601993560791
7.650059700012207
5.267646312713623
5.266550540924072
4.91883659362793
5.333786964416504
4.944272994995117
5.7165446281433105
4.949796199798584
4.696713447570801
5.0586466789245605
5.542381763458252
4.726605415344238
5.780947685241699
4.888037204742432
3.8304224014282227
5.237131595611572
4.94807767868042
5.250871658325195
5.0157623291015625
5.3736348152160645
4.776803493499756
4.486478805541992
4.5868048667907715
5.025970935821533
6.1934099197387695
6.035763263702393
5.4441447257995605
5.223796367645264
5.864044666290283
4.940003395080566
5.742802143096924
5.470670223236084
5.0154709815979
4.243084907531738
5.59263801574707
5.349839687347412
5.304739475250244
5.0792951583862305
4.720387935638428
6.742944717407227
4.610965251922607
4.513452053070068
5.301058292388916
4.493746280670166
4.509122371673584
5.045438766479492
4.117094039916992
5.324045181274414
5.0937371253967285
5.0275092124938965
4.95070219039917
4.126224994659424
4.379336833953857
4.6534295082092285
5.1868205070495605
4.984583377838135
4.952176094055176
4.959780216217041
5.215350151062012
4.915004730224609
4.940041542053223
5.023219108581543
4.564388275146484
6.25378942489624
5.2456889152526855
4.840373516082764
5.1295623779296875
4.346445560455322
5.070822238922119
5.3522629737854
5.097289562225342
4.550000190734863
4.9691033363342285
5.370180130004883
4.778846263885498
5.753914833068848
4.964730739593506
4.9921040534973145
4.3561110496521
4.823901176452637
5.071232318878174
5.306112766265869
4.275023460388184
5.007720947265625
5.087089538574219
5.094089508056641
4.127200603485107
4.849199295043945
4.815502166748047
4.744113922119141
4.365605354309082
4.915760040283203
4.433481216430664
4.564459323883057
4.694727420806885
4.53716516494751
4.956249237060547
5.331450939178467
5.180203914642334
4.1124701499938965
4.495818614959717
4.5579142570495605
4.905990123748779
4.94322395324707
4.930593013763428
5.424443244934082
4.970358371734619
4.716190338134766
4.718966960906982
5.297102451324463
4.8883795738220215
4.881113529205322
4.472562789916992
4.483913421630859
4.748630523681641
4.7547760009765625
4.4778947830200195
4.6054301261901855
4.813201904296875
5.2782816886901855
4.669158458709717
4.750246047973633
5.081517696380615
5.361245632171631
4.522860050201416
4.512804985046387
4.438718318939209
4.830193042755127
4.0809645652771
4.893027305603027
4.404956817626953
4.948354721069336
4.493124485015869
4.872217178344727
4.418756008148193
4.71290397644043
4.794685363769531
4.775238513946533
4.734450817108154
4.797116756439209
4.984227657318115
5.40946102142334
4.559901714324951
4.582890510559082
4.777923107147217
4.8256707191467285
4.480527400970459
4.871366024017334
5.164562702178955
4.390457630157471
3.8461782932281494
4.923323631286621
4.383487224578857
4.443046569824219
4.254785537719727
4.826079368591309
4.884983062744141
5.083099365234375
4.613348484039307
4.994707107543945
4.427248001098633
4.856279373168945
4.372528553009033
4.900939464569092
4.562469959259033
4.132750034332275
4.592596054077148
5.0044264793396
4.199405193328857
4.860951900482178
4.096863746643066
4.046939849853516
4.63905143737793
5.215313911437988
4.773891448974609
4.712804317474365
4.421275615692139
4.807002067565918
4.77384614944458
4.779830455780029
3.4248480796813965
4.985806465148926
4.706055164337158
4.978089809417725
5.069702625274658
5.089311599731445
5.0090250968933105
4.828917503356934
4.831441402435303
4.663508892059326
5.010517597198486
4.657918453216553
4.385894775390625
5.116030216217041
5.456676959991455
5.089197635650635
5.081238269805908
4.244316577911377
5.063371658325195
4.797871112823486
3.867741107940674
4.197667121887207
4.966362476348877
4.766886234283447
4.455372333526611
4.799708843231201
4.874040126800537
5.101084232330322
4.754058361053467
3.8352761268615723
4.529335021972656
4.418249607086182
4.861496925354004
3.5368666648864746
4.628610610961914
4.671478748321533
4.703841686248779
5.273367404937744
4.50977087020874
3.9949748516082764
4.0278730392456055
4.602099418640137
4.8175249099731445
4.819035053253174
4.353434085845947
4.66290283203125
4.0121026039123535
4.882383823394775
5.835809707641602
4.76060676574707
4.719768524169922
4.019716262817383
4.9184393882751465
4.234138011932373
5.344146728515625
5.054974555969238
4.922662734985352
4.569328784942627
4.732645034790039
4.510625839233398
3.9933876991271973
4.381374359130859
4.439058303833008
4.567020893096924
4.239243984222412
4.575010776519775
3.7512896060943604
4.020220756530762
4.329621315002441
4.722466945648193
4.740365028381348
3.8643910884857178
4.870394706726074
4.774907112121582
3.831740379333496
4.413639068603516
4.744550704956055
4.291339874267578
4.485208511352539
4.659177303314209
4.534062385559082
4.212590217590332
4.329500198364258
3.9436442852020264
4.726023197174072
4.335947513580322
4.657397747039795
4.632992744445801
4.594708442687988
4.295151710510254
4.195223331451416
4.465972423553467
4.587810516357422
4.225823879241943
3.5550954341888428
4.377035140991211
3.7290995121002197
3.8542890548706055
4.311232089996338
4.430664539337158
4.6308746337890625
4.108445167541504
4.3333740234375
4.155326843261719
4.547889232635498
4.446601390838623
3.835172176361084
4.209255218505859
4.762997150421143
4.714926242828369
4.534631252288818
4.623199462890625
4.4644341468811035
4.270781517028809
4.026509761810303
4.044210433959961
4.704436779022217
4.222240447998047
4.0297441482543945
4.320492267608643
4.542178153991699
4.545216083526611
4.422196388244629
4.187927722930908
3.961730718612671
3.976898431777954
4.285482883453369
4.692836284637451
4.1451921463012695
3.504316568374634
3.626868486404419
4.05025577545166
4.162262439727783
3.6396634578704834
4.130542278289795
4.472156047821045
4.084588050842285
3.9629428386688232
4.346675395965576
3.9387660026550293
3.7610929012298584
4.393420696258545
4.510371685028076
4.279418468475342
3.829448938369751
4.240985870361328
4.643378257751465
4.306911468505859
4.554412841796875
4.390283584594727
4.582284927368164
4.711392402648926
4.38993501663208
4.05703592300415
4.006043910980225
4.502020835876465
4.283265113830566
4.87027645111084
4.4236836433410645
3.727097749710083
4.2567548751831055
4.239756107330322
4.006467342376709
4.270660877227783
4.410019397735596
4.24869441986084
4.327782154083252
4.014869689941406
4.37549352645874
4.54298210144043
4.382052898406982
4.305090427398682
3.3590941429138184
4.327077388763428
4.595337867736816
4.36275577545166
3.9922804832458496
4.222570419311523
3.7821860313415527
4.112322807312012
4.33457612991333
4.24043607711792
4.133857250213623
4.315514087677002
3.956521511077881
4.164772987365723
4.0834431648254395
3.4277398586273193
4.844791889190674
4.248453617095947
4.378780841827393
4.2044758796691895
4.173368453979492
4.012055397033691
3.7895383834838867
4.404006481170654
4.453667640686035
4.097309112548828
4.118961811065674
4.315202236175537
4.608053684234619
4.672327995300293
4.148655414581299
3.848421096801758
4.021976947784424
3.8004257678985596
4.3150248527526855
4.037563800811768
4.040390968322754
3.536585569381714
4.026558876037598
3.7875144481658936
4.08593225479126
3.7314376831054688
4.068391799926758
3.5245330333709717
4.377950668334961
4.204957008361816
3.750647783279419
4.042128086090088
4.066750526428223
4.148417949676514
4.52345609664917
3.8485989570617676
4.197998523712158
3.729905843734741
3.8643078804016113
3.7823472023010254
3.9820094108581543
3.8730013370513916
4.023352146148682
4.134389877319336
4.115761756896973
3.3849802017211914
4.168568134307861
3.991811513900757
3.8907816410064697
4.263878345489502
3.762576103210449
4.027559280395508
4.254153251647949
4.194438934326172
3.6957051753997803
3.9599061012268066
4.205633163452148
4.430775165557861
3.7901856899261475
3.949923038482666
3.9494996070861816
4.272313117980957
4.254720211029053
3.941944122314453
3.5030364990234375
3.944286584854126
3.495701789855957
3.5817604064941406
3.440613269805908
3.771820545196533
3.8679158687591553
3.235236406326294
4.031713962554932
3.587958812713623
4.851814270019531
3.2008633613586426
3.568816661834717
3.655303955078125
3.682748556137085
4.026491165161133
3.8770663738250732
3.850053310394287
3.777750015258789
3.741218090057373
4.110620021820068
3.6451613903045654
3.8275787830352783
3.901870012283325
3.9251251220703125
3.7388923168182373
3.3654022216796875
4.119202136993408
3.673095464706421
3.935671091079712
4.010281085968018
3.587120294570923
3.6621971130371094
3.8436684608459473
3.558302402496338
3.9043757915496826
3.8083999156951904
3.524428606033325
3.9580886363983154
3.9980595111846924
3.4039456844329834
3.384565830230713
3.908877372741699
3.770665168762207
3.829585552215576
3.6267833709716797
3.6778078079223633
3.6547694206237793
3.944833755493164
3.4715416431427
3.713374614715576
3.3905911445617676
3.573411703109741
3.404634952545166
3.734086513519287
3.8329122066497803
3.9436938762664795
3.5899434089660645
3.4224886894226074
3.4563937187194824
3.7802765369415283
3.9731457233428955
3.920210123062134
3.324404716491699
3.5307347774505615
3.7753024101257324
3.7442538738250732
3.4664840698242188
3.9382245540618896
3.7511720657348633
3.5312681198120117
3.5585122108459473
3.932687997817993
3.8032422065734863
3.4181876182556152
3.4179418087005615
3.3861236572265625
3.5684194564819336
3.3933651447296143
3.2125401496887207
3.629843235015869
3.3455779552459717
3.5470480918884277
3.8128628730773926
3.540494203567505
4.125576019287109
3.6446268558502197
3.636565923690796
3.2702114582061768
3.4740335941314697
3.664240837097168
3.714853286743164
3.6177361011505127
3.6678338050842285
3.697866678237915
3.056048631668091
3.1452085971832275
3.0429086685180664
3.456220865249634
3.9775049686431885
3.558506965637207
3.5272393226623535
3.6990132331848145
3.566697835922241
3.4373104572296143
3.9511969089508057
3.4604876041412354
3.5803260803222656
3.5977940559387207
3.87626576423645
3.9773826599121094
3.4284451007843018
3.5856802463531494
3.2898788452148438
3.610227584838867
3.7434356212615967
4.204989910125732
4.064568042755127
4.058114051818848
3.200198173522949
3.89292573928833
3.3430724143981934
3.6104586124420166
3.602691173553467
3.0547707080841064
3.2573325634002686
3.9366416931152344
3.385761022567749
3.169301986694336
2.9208567142486572
3.332989454269409
3.341855764389038
3.7956418991088867
2.579460859298706
3.484616994857788
3.527020215988159
3.279858350753784
3.239704132080078
3.005554676055908
3.6464359760284424
3.741590738296509
3.8455469608306885
3.2985384464263916
3.531038522720337
3.381211996078491
3.083298683166504
3.573014497756958
3.2770817279815674
3.4789178371429443
3.1858718395233154
3.0937111377716064
3.1688880920410156
3.6771228313446045
3.6832942962646484
3.355501174926758
3.60837984085083
3.1401913166046143
3.334611177444458
3.4996602535247803
3.4955050945281982
2.799633741378784
3.395095109939575
3.5606091022491455
3.2901620864868164
3.2658534049987793
3.375211477279663
3.1807541847229004
3.406278133392334
3.397233009338379
3.594453811645508
3.3683245182037354
3.229306697845459
3.3895761966705322
2.9639413356781006
3.446683406829834
3.368664026260376
3.1110570430755615
3.500652551651001
2.945366144180298
3.8129589557647705
3.1814677715301514
3.1802313327789307
3.1992850303649902
3.3415260314941406
3.6751580238342285
3.539281129837036
3.6003825664520264
3.4800732135772705
3.224895715713501
2.981426954269409
3.5290791988372803
3.1048731803894043
3.2659835815429688
3.356851816177368
3.1170620918273926
2.986345052719116
3.199030637741089
3.1092867851257324
3.33101487159729
2.9461324214935303
3.282989501953125
3.2235279083251953
3.358431100845337
3.1902949810028076
2.97704815864563
3.449906349182129
3.4933717250823975
3.119792938232422
3.3183319568634033
3.366086006164551
2.834174156188965
3.4711318016052246
3.204817771911621
3.280634641647339
3.130652666091919
3.4842910766601562
3.582423210144043
3.1355743408203125
3.166090250015259
3.5403635501861572
3.449864625930786
2.904979944229126
3.779515027999878
3.1904022693634033
3.693767547607422
3.591108560562134
3.4403347969055176
2.9707980155944824
3.421633243560791
3.243704319000244
3.2377524375915527
2.6428756713867188
2.689187526702881
3.3299686908721924
3.0611913204193115
3.3079452514648438
3.346583604812622
3.1955130100250244
3.305515766143799
3.3621299266815186
3.345813035964966
3.4045419692993164
3.508646011352539
3.319918632507324
3.301715850830078
3.5630643367767334
3.3087210655212402
3.111347198486328
3.038701295852661
2.954174280166626
3.179088592529297
3.0057549476623535
2.6770365238189697
3.122948408126831
3.053164482116699
3.50130295753479
3.5580971240997314
2.871523380279541
3.2914555072784424
3.209789991378784
3.3042938709259033
3.344677448272705
3.532907485961914
3.265028715133667
3.3360111713409424
2.83956241607666
3.505730152130127
2.791973114013672
3.3537259101867676
3.0265073776245117
2.471261501312256
3.08512020111084
3.1828465461730957
3.321743965148926
3.2485086917877197
3.2920422554016113
3.362027406692505
3.279036283493042
3.210702419281006
3.1218810081481934
3.2710578441619873
3.162825584411621
3.3332443237304688
3.258256196975708
3.2998950481414795
3.228994131088257
3.5310137271881104
3.219217538833618
3.123645067214966
3.1682374477386475
3.0475287437438965
2.6236002445220947
3.000767707824707
3.5002565383911133
3.21270489692688
3.173548936843872
3.2126073837280273
3.0306289196014404
3.327281951904297
3.2529327869415283
2.4638142585754395
3.312849521636963
3.0939815044403076
2.8257131576538086
3.473358392715454
3.1327648162841797
3.434774875640869
2.9611926078796387
3.222071647644043
3.242550849914551
2.8121109008789062
3.3430657386779785
3.1720025539398193
3.181809902191162
2.767256498336792
3.0220303535461426
3.172250270843506
3.1325788497924805
2.955442428588867
3.452810049057007
3.212435245513916
3.080406427383423
2.9755139350891113
3.033501148223877
2.9602038860321045
2.9193146228790283
3.4179797172546387
3.2441773414611816
3.0676441192626953
3.2175793647766113
2.8677446842193604
3.2748889923095703
2.9195504188537598
3.4985227584838867
3.211536169052124
2.947786331176758
3.2104077339172363
2.9116547107696533
2.9527175426483154
3.240800380706787
3.2987732887268066
3.311004638671875
3.2050814628601074
3.093488931655884
3.096675157546997
3.2677948474884033
2.715449571609497
2.888636827468872
3.1586315631866455
2.9847328662872314
2.995401620864868
3.304354429244995
3.2061219215393066
2.994077205657959
3.057447671890259
3.0175743103027344
3.1160080432891846
3.1006295680999756
2.7131736278533936
2.9067270755767822
3.2214982509613037
3.1412317752838135
3.141514778137207
3.1734776496887207
2.860260486602783
3.171177864074707
3.071475028991699
3.144918203353882
2.672805070877075
2.8948800563812256
2.997635841369629
3.206279754638672
2.792548179626465
3.1545302867889404
2.675006151199341
3.0782253742218018
2.8757588863372803
3.210285186767578
3.25005841255188
3.091064214706421
3.1142616271972656
3.2545530796051025
2.843203067779541
3.074984073638916
3.057835817337036
3.12843656539917
2.677917957305908
3.114058017730713
3.0340018272399902
3.158834934234619
2.8995275497436523
3.309098720550537
3.1483218669891357
3.244785785675049
2.8345260620117188
3.1849312782287598
3.094024658203125
3.3058817386627197
2.8913023471832275
3.0011653900146484
3.073483943939209
2.8499226570129395
3.1045303344726562
3.064749002456665
3.261561155319214
2.7337911128997803
3.147841453552246
2.572117328643799
2.9044034481048584
3.160334825515747
2.993882179260254
3.079730749130249
2.823554039001465
3.1826164722442627
2.974398612976074
2.5894877910614014
3.378386974334717
3.4870235919952393
2.798006296157837
2.8305749893188477
2.9412903785705566
3.1417038440704346
2.809861183166504
3.0889663696289062
3.17228364944458
3.0644402503967285
3.141986131668091
3.1357479095458984
2.8118772506713867
3.354429006576538
3.0350658893585205
2.970902919769287
2.7717604637145996
3.0436277389526367
3.089066505432129
3.098797082901001
2.81876802444458
3.0477981567382812
3.0708515644073486
3.1716978549957275
2.7111518383026123
2.8692727088928223
2.9585635662078857
3.021470069885254
3.0590574741363525
2.984565258026123
4.580042362213135
2.8740477561950684
3.053152561187744
3.102064847946167
3.1066761016845703
3.0314083099365234
3.0615146160125732
3.070117712020874
2.6233084201812744
3.1142475605010986
2.915724277496338
3.1506166458129883
3.1843466758728027
2.551989793777466
3.014972686767578
2.9499826431274414
3.0320093631744385
2.9365086555480957
2.663978338241577
2.8439791202545166
3.2054271697998047
2.793330430984497
2.964872121810913
2.9475388526916504
2.985591173171997
2.8274824619293213
