136.2934112548828
140.39932250976562
137.408935546875
134.23013305664062
134.6460723876953
127.35200500488281
135.673095703125
138.48941040039062
138.83096313476562
135.62339782714844
131.0869903564453
130.8638458251953
130.58731079101562
133.18641662597656
130.1460418701172
121.48908233642578
116.1918716430664
112.2457046508789
113.68675231933594
102.16976928710938
95.74092864990234
84.20710754394531
66.84362030029297
60.59311294555664
56.994850158691406
48.19563674926758
49.82556915283203
47.66836929321289
45.105220794677734
44.562007904052734
33.09452819824219
40.376747131347656
23.198619842529297
17.231643676757812
19.87507438659668
20.068845748901367
16.701751708984375
18.176435470581055
16.060855865478516
20.69652557373047
16.10010528564453
19.679256439208984
17.7589168548584
16.327795028686523
13.520784378051758
15.85078239440918
19.49341583251953
16.51940155029297
13.861705780029297
10.965505599975586
23.46302032470703
16.892738342285156
18.601375579833984
16.715919494628906
16.607458114624023
12.607013702392578
19.918895721435547
11.48278522491455
15.032535552978516
13.511310577392578
13.36570930480957
10.507280349731445
17.845983505249023
8.660985946655273
11.61720085144043
13.985041618347168
10.465445518493652
16.61068344116211
15.476151466369629
11.875957489013672
17.59943199157715
14.029403686523438
16.97028923034668
16.02483367919922
11.262519836425781
8.816399574279785
10.696518898010254
11.440193176269531
12.455217361450195
9.960624694824219
15.948838233947754
12.097591400146484
12.808409690856934
15.638594627380371
11.77120590209961
11.231343269348145
12.904519081115723
16.443649291992188
11.079233169555664
12.180476188659668
8.690571784973145
16.11763572692871
17.212556838989258
11.322644233703613
16.39773941040039
14.198149681091309
10.870166778564453
11.013347625732422
13.91832160949707
17.786178588867188
13.927316665649414
12.659632682800293
14.137175559997559
9.923503875732422
8.737594604492188
11.019671440124512
10.481827735900879
12.468968391418457
10.0130033493042
16.817533493041992
15.55469036102295
8.283875465393066
11.019486427307129
14.514351844787598
9.568598747253418
12.355122566223145
11.316998481750488
11.505967140197754
12.547040939331055
6.191371917724609
