20349.220703125
26961.927734375
22260.330078125
16681.982421875
10944.90625
9596.7412109375
8733.3994140625
9198.9833984375
8859.25390625
10975.58203125
8319.4599609375
12554.560546875
8785.181640625
7232.75048828125
6078.27783203125
5946.21826171875
3785.045654296875
4494.865234375
3076.549072265625
2736.485107421875
2758.245361328125
1400.7161865234375
2959.164794921875
2605.66455078125
1910.646484375
1249.825439453125
2003.789794921875
1215.1256103515625
1493.1993408203125
1067.679931640625
938.2523193359375
1313.796875
802.6485595703125
931.9786376953125
449.7408447265625
1651.201904296875
1039.2667236328125
3550.47412109375
3184.490478515625
856.85986328125
1909.5587158203125
1447.4993896484375
2773.0166015625
3101.985595703125
830.6373901367188
2224.212890625
2520.3759765625
1118.1217041015625
1138.914306640625
2057.739013671875
1354.6434326171875
1436.4124755859375
1673.5074462890625
598.0072021484375
1372.9857177734375
2207.02294921875
696.998046875
633.7006225585938
932.4476318359375
994.7550048828125
1918.7049560546875
685.0995483398438
2124.517333984375
2125.47607421875
1964.5001220703125
870.1355590820312
1738.6353759765625
2077.514404296875
629.1314086914062
1229.531494140625
1244.938232421875
898.06982421875
967.1787109375
559.3800659179688
1353.9208984375
2047.8046875
1048.7740478515625
1025.6583251953125
835.3114013671875
349.0041809082031
536.6804809570312
844.5812377929688
520.8401489257812
942.4361572265625
598.9177856445312
1002.678466796875
607.3555908203125
430.9314270019531
2683.3486328125
3226.803466796875
2750.148681640625
735.233154296875
1315.954345703125
2463.86083984375
2017.7596435546875
810.164306640625
1289.6546630859375
1723.3875732421875
1894.4222412109375
493.9449768066406
1120.982177734375
883.6672973632812
1276.7586669921875
560.85595703125
181.3300323486328
267.52276611328125
1120.8187255859375
660.5588989257812
356.96759033203125
202.09390258789062
418.56781005859375
249.15553283691406
283.4038391113281
1045.6029052734375
574.3646240234375
1175.783935546875
905.3164672851562
1061.518310546875
199.4473419189453
978.5696411132812
