136.20948791503906
130.29803466796875
137.2230224609375
137.28787231445312
133.23924255371094
129.57272338867188
136.5399169921875
132.1589813232422
135.92742919921875
130.8192596435547
127.1847152709961
125.95392608642578
126.49651336669922
118.54043579101562
115.42913055419922
113.94625854492188
99.41730499267578
104.75677490234375
92.24554443359375
90.28097534179688
83.41121673583984
76.64017486572266
66.76485443115234
55.24187469482422
46.65427017211914
37.510223388671875
32.43421936035156
28.763341903686523
26.576805114746094
34.423744201660156
21.814359664916992
28.616973876953125
22.07686424255371
23.395341873168945
10.932687759399414
19.151628494262695
11.342961311340332
19.804868698120117
19.261205673217773
14.095922470092773
19.199506759643555
22.04790496826172
16.604312896728516
19.730060577392578
20.0367431640625
18.327409744262695
16.441469192504883
13.270146369934082
10.680381774902344
13.109027862548828
12.547978401184082
15.48208236694336
13.48972225189209
13.437397956848145
12.818522453308105
17.99660301208496
19.163047790527344
15.901924133300781
20.41913604736328
13.386774063110352
15.889328956604004
11.883886337280273
12.342613220214844
11.101370811462402
14.778332710266113
15.127707481384277
16.405176162719727
12.918693542480469
15.264969825744629
12.034052848815918
9.295797348022461
15.731334686279297
13.662056922912598
15.614914894104004
15.927406311035156
14.59035587310791
14.238822937011719
11.414836883544922
9.96399211883545
18.401945114135742
12.38603401184082
14.851020812988281
16.282642364501953
11.691652297973633
13.804142951965332
11.912225723266602
14.961104393005371
11.150651931762695
15.731165885925293
15.942146301269531
11.085342407226562
18.079938888549805
18.377775192260742
13.602825164794922
12.763301849365234
11.6744384765625
14.977599143981934
13.799588203430176
12.894330024719238
13.091507911682129
14.44076919555664
14.447973251342773
21.21932029724121
16.713132858276367
11.064356803894043
16.105131149291992
11.701770782470703
12.89619255065918
15.59671688079834
13.285040855407715
9.95510482788086
9.722151756286621
13.790888786315918
13.173389434814453
9.984614372253418
9.713342666625977
13.24092960357666
20.865638732910156
19.76483917236328
11.69591236114502
