122.87567901611328
125.37440490722656
127.00395202636719
140.05638122558594
155.65382385253906
179.53404235839844
194.05093383789062
217.2916259765625
245.0890655517578
283.7986145019531
317.71270751953125
349.2848815917969
403.6449890136719
450.6934509277344
490.1440124511719
555.2117919921875
603.2509765625
645.5474853515625
688.4512939453125
777.427734375
778.2478637695312
810.560791015625
871.4144897460938
837.9452514648438
878.252197265625
908.3551635742188
894.4979248046875
795.4069213867188
811.4398193359375
791.6348876953125
751.4066162109375
656.7046508789062
655.92431640625
582.3936157226562
380.4214172363281
338.7998352050781
255.5155792236328
300.0476379394531
412.57293701171875
305.9459228515625
416.3395080566406
327.1590576171875
346.8435974121094
290.4759826660156
257.8826904296875
253.0740203857422
233.37667846679688
231.54043579101562
220.76234436035156
299.4060974121094
243.3610076904297
213.0572509765625
182.29966735839844
162.26937866210938
154.2548370361328
85.50965881347656
80.8838119506836
78.85040283203125
179.1649932861328
102.82255554199219
60.14956283569336
62.89850997924805
105.42604064941406
40.85966110229492
27.426733016967773
73.1798324584961
93.36100006103516
81.6692123413086
223.1095428466797
253.54676818847656
116.76451110839844
119.15538024902344
70.27412414550781
44.61996078491211
95.63068389892578
37.58694839477539
71.55306243896484
111.85908508300781
78.82835388183594
89.37509155273438
69.64657592773438
41.637046813964844
109.29887390136719
83.08457946777344
97.19939422607422
29.810293197631836
41.040443420410156
30.135894775390625
28.35934829711914
47.35995101928711
18.250492095947266
92.45761108398438
54.817264556884766
86.88275146484375
30.228548049926758
19.946197509765625
18.763322830200195
85.28271484375
25.010753631591797
53.507171630859375
34.19503402709961
85.69585418701172
114.76263427734375
28.79749870300293
158.65309143066406
109.9630355834961
112.46826934814453
127.05718231201172
130.409423828125
107.67085266113281
52.93638610839844
41.321434020996094
15.688044548034668
24.628250122070312
45.290016174316406
18.770057678222656
16.942459106445312
7.074498176574707
53.79728698730469
130.4951934814453
