129.34710693359375
211.07749938964844
181.006103515625
142.22813415527344
115.47126007080078
120.99453735351562
116.61437225341797
102.51150512695312
76.5543212890625
60.34554672241211
38.299537658691406
41.29471969604492
40.685272216796875
44.52527618408203
39.08967971801758
28.464305877685547
27.26023292541504
30.75735855102539
26.99056625366211
22.570161819458008
24.22880744934082
18.976816177368164
17.48002815246582
26.161466598510742
18.40038299560547
20.987045288085938
23.11627197265625
17.86170768737793
21.330768585205078
14.773297309875488
12.994857788085938
16.72417640686035
18.254783630371094
13.609501838684082
18.010602951049805
21.573101043701172
15.009246826171875
28.533716201782227
24.448976516723633
17.11573600769043
17.615507125854492
16.359298706054688
21.712390899658203
20.631683349609375
17.746828079223633
18.88511085510254
22.43033218383789
19.28227996826172
16.300676345825195
17.598793029785156
15.579939842224121
14.656778335571289
14.940521240234375
15.293172836303711
14.683609008789062
18.222049713134766
11.459798812866211
11.974027633666992
12.58875560760498
12.67879867553711
19.829891204833984
19.319135665893555
19.458858489990234
21.2336483001709
15.804835319519043
15.840981483459473
13.658288955688477
16.897567749023438
13.90097427368164
13.36656379699707
12.226216316223145
15.832976341247559
11.916138648986816
15.300407409667969
12.788877487182617
15.125283241271973
16.270641326904297
14.42580795288086
12.76335620880127
10.665414810180664
11.600258827209473
11.648090362548828
11.139932632446289
10.446348190307617
13.214849472045898
13.060981750488281
12.897648811340332
8.744091987609863
13.668490409851074
15.956559181213379
13.578660011291504
9.179448127746582
13.248345375061035
14.02263355255127
14.792069435119629
13.138350486755371
10.217377662658691
10.43792724609375
12.385599136352539
9.157163619995117
8.7511625289917
12.49345588684082
9.90464973449707
13.545854568481445
10.85704517364502
10.389522552490234
10.040881156921387
8.340812683105469
10.860678672790527
9.681589126586914
9.718290328979492
9.923944473266602
11.815717697143555
9.245993614196777
8.269960403442383
12.433204650878906
11.44223690032959
12.481966972351074
10.235330581665039
19.882389068603516
