129.34710693359375
130.2201385498047
132.68287658691406
139.4039306640625
133.61366271972656
136.8947296142578
133.8045196533203
135.05245971679688
122.43356323242188
134.9657440185547
125.33990478515625
134.58038330078125
121.1751480102539
131.42852783203125
128.57601928710938
122.26954650878906
112.15149688720703
115.57522583007812
106.9534912109375
101.1552734375
93.78450775146484
92.16654205322266
94.72636413574219
80.8399658203125
81.38774108886719
72.74998474121094
68.3915023803711
62.69771194458008
57.526275634765625
51.9129753112793
46.40800094604492
41.12979507446289
37.2819709777832
32.92502975463867
30.875503540039062
28.115392684936523
24.96506118774414
28.109039306640625
25.823938369750977
24.607709884643555
22.644338607788086
23.07314682006836
26.463945388793945
22.53126335144043
21.830839157104492
21.925884246826172
19.1378173828125
22.451557159423828
18.669721603393555
18.562686920166016
19.536087036132812
17.789934158325195
18.16252899169922
18.329639434814453
16.716646194458008
16.97209930419922
14.863007545471191
16.067148208618164
14.53797435760498
13.222169876098633
19.604829788208008
20.552249908447266
13.483367919921875
14.463993072509766
11.947637557983398
13.601408958435059
10.570182800292969
13.897655487060547
13.483969688415527
11.244345664978027
10.85470199584961
14.185389518737793
11.333741188049316
13.572064399719238
10.766852378845215
9.887331008911133
13.075510025024414
13.169261932373047
10.419137001037598
8.9075927734375
9.848064422607422
9.622780799865723
9.80632209777832
9.34985065460205
11.329596519470215
11.127127647399902
11.66483211517334
7.87599515914917
9.872820854187012
9.915070533752441
9.033885955810547
7.860724449157715
10.844372749328613
8.668148040771484
10.995281219482422
12.137353897094727
8.904484748840332
7.855170726776123
10.25060749053955
8.397486686706543
7.052896499633789
11.204846382141113
7.919203758239746
12.603404998779297
9.109610557556152
9.37109661102295
8.617544174194336
7.10834264755249
9.945024490356445
8.694238662719727
8.813067436218262
8.5360107421875
10.810893058776855
7.685636520385742
7.208500862121582
11.26225757598877
10.046850204467773
11.408403396606445
9.451067924499512
20.293851852416992
