2323.59326171875
1362.8590087890625
1138.9998779296875
707.8294067382812
369.73516845703125
236.9987030029297
240.39691162109375
197.8833465576172
161.5617218017578
146.559814453125
121.26909637451172
98.17376708984375
84.5272216796875
74.86382293701172
63.610137939453125
53.85688781738281
49.40226364135742
40.253726959228516
39.87825012207031
37.621131896972656
36.987972259521484
33.30506134033203
27.9324951171875
28.799028396606445
29.000049591064453
26.93400764465332
24.726160049438477
25.407094955444336
22.34720230102539
21.321748733520508
20.86290740966797
23.708698272705078
21.774999618530273
20.904945373535156
25.454883575439453
22.685396194458008
29.54782485961914
33.95292663574219
18.937538146972656
31.263349533081055
29.923120498657227
17.437559127807617
22.254131317138672
17.46251106262207
23.90065574645996
21.407747268676758
13.955848693847656
15.56579875946045
16.981521606445312
15.52470874786377
18.3475341796875
16.277545928955078
14.720474243164062
19.669845581054688
14.745315551757812
12.28597354888916
15.438814163208008
17.484697341918945
15.937379837036133
13.650657653808594
12.172320365905762
11.57509994506836
14.239723205566406
14.861806869506836
18.019241333007812
11.488615989685059
10.850573539733887
9.096805572509766
8.941452980041504
12.78968334197998
12.821081161499023
15.809886932373047
19.6650390625
15.373821258544922
20.133724212646484
21.350162506103516
13.791605949401855
9.274238586425781
9.684638023376465
7.845160961151123
11.207562446594238
13.182228088378906
8.996414184570312
15.41637134552002
23.40117645263672
10.30339527130127
9.685196876525879
12.053410530090332
9.695442199707031
13.742541313171387
15.697928428649902
10.56053638458252
13.677882194519043
12.882567405700684
10.417287826538086
11.065058708190918
13.237824440002441
12.348397254943848
9.018269538879395
11.835644721984863
14.261310577392578
12.258461952209473
11.285948753356934
10.088059425354004
9.080649375915527
11.345046997070312
11.528691291809082
13.936080932617188
8.677836418151855
11.0697021484375
14.367796897888184
8.50102424621582
13.454425811767578
11.083748817443848
13.128130912780762
12.52720832824707
8.085517883300781
10.405898094177246
12.325901985168457
6.709571361541748
