132.68186950683594
137.71939086914062
131.06109619140625
133.09938049316406
130.23403930664062
138.09356689453125
128.2436981201172
129.93792724609375
128.11715698242188
127.22505187988281
109.5062026977539
106.23177337646484
97.66427612304688
86.16895294189453
79.6273422241211
64.48334503173828
51.23748016357422
41.64509582519531
35.842891693115234
42.859100341796875
47.09299087524414
43.22994613647461
44.931396484375
25.546260833740234
23.037384033203125
22.008363723754883
18.034870147705078
17.8144474029541
22.305362701416016
22.89011001586914
19.71674919128418
17.00271224975586
14.29940128326416
11.314703941345215
21.299041748046875
15.183666229248047
13.938783645629883
12.306023597717285
13.283447265625
24.980318069458008
12.535393714904785
17.736568450927734
16.675569534301758
9.732589721679688
14.928258895874023
18.77010154724121
14.579239845275879
12.575823783874512
16.76557731628418
15.893433570861816
15.57452392578125
18.036569595336914
17.46488380432129
11.357006072998047
17.111658096313477
11.35456371307373
15.12300968170166
14.216724395751953
14.65599536895752
13.544431686401367
11.461804389953613
15.846457481384277
18.818084716796875
14.76639461517334
18.439144134521484
15.253976821899414
14.78403091430664
13.083134651184082
13.810576438903809
15.87204360961914
17.906869888305664
15.02676010131836
16.618501663208008
14.839132308959961
13.363348960876465
14.526544570922852
13.13955307006836
15.732135772705078
14.961511611938477
12.996410369873047
17.423030853271484
19.259212493896484
13.555697441101074
14.005960464477539
13.2064208984375
15.140057563781738
12.095641136169434
10.524471282958984
12.089577674865723
15.8169584274292
16.849241256713867
11.272379875183105
16.37342643737793
19.950044631958008
11.358501434326172
14.019953727722168
19.31783676147461
14.099221229553223
17.123029708862305
16.197813034057617
11.216506958007812
14.240233421325684
12.521590232849121
14.001627922058105
11.249594688415527
18.3944091796875
11.68913459777832
15.28462028503418
16.169832229614258
16.288061141967773
12.48649787902832
11.941694259643555
13.00128173828125
10.39584732055664
16.602388381958008
14.520464897155762
16.412416458129883
12.754181861877441
13.603865623474121
11.208078384399414
