132.68185424804688
139.34857177734375
132.79376220703125
135.24618530273438
132.80406188964844
141.77847290039062
133.10304260253906
136.5705108642578
137.48989868164062
139.88246154785156
125.53458404541016
129.95713806152344
127.6464614868164
124.69429016113281
138.075439453125
132.49241638183594
130.35345458984375
133.7176055908203
129.28509521484375
125.01432037353516
124.35177612304688
128.0879669189453
120.50202941894531
126.72760772705078
119.71758270263672
122.22518920898438
114.64029693603516
117.54728698730469
121.47909545898438
110.39100646972656
109.83154296875
108.68540954589844
101.04985809326172
96.28166198730469
82.00833129882812
76.64350891113281
68.759521484375
60.45630645751953
67.11192321777344
79.32490539550781
77.51982116699219
65.81849670410156
53.2722053527832
41.341453552246094
40.66187286376953
47.296905517578125
41.77448654174805
40.19532775878906
37.693233489990234
36.208919525146484
30.16367530822754
30.778451919555664
29.55976676940918
24.53975486755371
28.536256790161133
20.537843704223633
21.908985137939453
19.995439529418945
21.214717864990234
19.023029327392578
16.377626419067383
19.95867156982422
20.801740646362305
18.27962875366211
20.891098022460938
17.475053787231445
16.467308044433594
15.264845848083496
15.205469131469727
16.634614944458008
18.682941436767578
16.063867568969727
18.01900863647461
15.461430549621582
14.923694610595703
15.130508422851562
13.8440580368042
16.54996681213379
15.793365478515625
12.714200973510742
17.308639526367188
20.301151275634766
14.33398151397705
15.10998249053955
13.940871238708496
15.697744369506836
13.231074333190918
11.906458854675293
12.990873336791992
16.940959930419922
16.690324783325195
12.812102317810059
16.62191390991211
19.373470306396484
12.945396423339844
14.46027946472168
18.865018844604492
14.415257453918457
16.65409278869629
16.10787010192871
12.752413749694824
14.369394302368164
13.210925102233887
14.051980972290039
12.05632209777832
17.971660614013672
13.17652416229248
15.817665100097656
16.87472915649414
15.961996078491211
13.579290390014648
12.768543243408203
14.152795791625977
11.348333358764648
16.485939025878906
15.485353469848633
17.53626251220703
13.953012466430664
14.54588508605957
12.825397491455078
