136.2934112548828
140.3994598388672
137.4091796875
134.2301483154297
134.64620971679688
127.35197448730469
135.67279052734375
138.4891815185547
138.8316192626953
135.622802734375
131.08758544921875
130.86412048339844
130.58998107910156
133.18528747558594
130.1409149169922
121.47704315185547
116.20004272460938
112.25128936767578
113.70126342773438
102.1621322631836
95.76631927490234
84.2411117553711
66.83500671386719
60.65958786010742
56.992801666259766
48.15732192993164
49.847137451171875
47.74150466918945
44.929420471191406
44.55216598510742
33.02205276489258
40.44268035888672
23.23257064819336
17.26984214782715
19.909624099731445
20.091449737548828
16.778244018554688
18.20580291748047
16.083173751831055
20.64626693725586
15.863640785217285
19.642282485961914
17.739501953125
16.33901023864746
13.486427307128906
15.843274116516113
19.48771095275879
16.520713806152344
13.79062271118164
10.948616027832031
23.376129150390625
16.835987091064453
18.66872215270996
16.77022361755371
16.669340133666992
12.621159553527832
19.902820587158203
11.49012279510498
15.059441566467285
13.569694519042969
13.430476188659668
10.479421615600586
17.80272674560547
8.75047492980957
11.536212921142578
14.03586196899414
10.46396255493164
16.55690574645996
15.53308391571045
11.790437698364258
17.534107208251953
13.96600341796875
16.89077377319336
15.818964004516602
11.297386169433594
8.785991668701172
10.66175365447998
11.359174728393555
12.499390602111816
10.133634567260742
16.022502899169922
12.18015193939209
12.721758842468262
15.612667083740234
11.715734481811523
11.188204765319824
12.9234619140625
16.436182022094727
11.05898380279541
12.132386207580566
8.651557922363281
16.03840446472168
17.202199935913086
11.32583999633789
16.495447158813477
14.200318336486816
10.809670448303223
10.964488983154297
13.901988983154297
17.78213119506836
13.883342742919922
12.621973991394043
14.10920524597168
9.87528133392334
8.66826343536377
11.004682540893555
10.386380195617676
12.413265228271484
9.996530532836914
16.817150115966797
15.506451606750488
8.225393295288086
10.974266052246094
14.547006607055664
9.488845825195312
12.28144645690918
11.259101867675781
11.455671310424805
12.520417213439941
6.187193870544434
