5461.4140625
6031.28857421875
5408.62646484375
5308.84375
5126.5
6455.92138671875
5546.66650390625
4687.7724609375
4995.375
4382.15673828125
5368.275390625
4989.02294921875
4751.83837890625
5227.05908203125
5476.1748046875
4309.8623046875
5874.5126953125
5531.45361328125
5450.3095703125
4337.2314453125
5332.20068359375
5072.6328125
5523.11328125
5776.96484375
4867.1162109375
4147.615234375
4291.33642578125
3981.777099609375
3172.16845703125
4463.67236328125
4280.80419921875
4069.776123046875
5554.3056640625
3723.69140625
5191.48779296875
4399.2490234375
3965.127685546875
3737.26025390625
3999.123291015625
5088.2509765625
4732.11865234375
4596.02294921875
3088.00927734375
3217.6689453125
4153.08740234375
3519.478759765625
4616.17431640625
3176.1328125
4375.7353515625
3364.25439453125
4375.6337890625
4063.810546875
3204.77197265625
4001.21923828125
3615.293701171875
2937.776123046875
3600.457275390625
3686.289306640625
3665.050048828125
3861.622314453125
3199.560791015625
3618.377197265625
2670.890869140625
3433.8994140625
3255.798583984375
3565.82080078125
3301.190185546875
3162.49609375
1428.2738037109375
800.4817504882812
3059.474365234375
2592.28564453125
1869.447998046875
1941.7218017578125
2057.98095703125
2951.0869140625
1686.65380859375
1940.2919921875
2484.689208984375
2125.1982421875
1277.200927734375
929.1324462890625
1906.9454345703125
896.3215942382812
2243.998046875
1857.642822265625
1623.489501953125
1685.282958984375
1553.7542724609375
1555.4879150390625
923.6884155273438
265.5497131347656
1092.009521484375
236.7415008544922
846.3004150390625
445.8740234375
577.3032836914062
822.9751586914062
188.07528686523438
331.6420593261719
843.3643188476562
1558.115234375
312.82769775390625
731.0645751953125
1846.39697265625
770.4140014648438
431.4523010253906
1687.8321533203125
375.1564636230469
660.56591796875
383.3396301269531
990.226318359375
186.6795654296875
240.17929077148438
197.46820068359375
1101.9927978515625
1996.1478271484375
572.3570556640625
480.0684509277344
322.0126037597656
245.0819549560547
465.1513977050781
615.9290771484375
545.7096557617188
259.6662902832031
325.775390625
205.12110900878906
332.4444885253906
398.2689208984375
383.80218505859375
1199.285888671875
1533.040771484375
1467.7073974609375
757.774658203125
437.16180419921875
548.9105224609375
267.81201171875
511.30328369140625
165.40740966796875
1428.2603759765625
375.0686340332031
233.60560607910156
42.2744026184082
625.8528442382812
265.8656921386719
301.1817321777344
374.6900634765625
209.9521026611328
308.02001953125
510.22540283203125
328.9980773925781
1216.072998046875
388.3540954589844
305.4985656738281
216.1680450439453
206.04493713378906
234.61973571777344
229.6156463623047
348.4887390136719
144.62759399414062
299.0208740234375
150.10528564453125
500.693359375
420.1058654785156
1237.792724609375
705.93115234375
272.1738586425781
219.27589416503906
172.6525421142578
141.04876708984375
187.30421447753906
171.0784912109375
274.06463623046875
1384.1929931640625
881.822509765625
981.2191162109375
555.6571655273438
300.2259216308594
154.29721069335938
398.85638427734375
1158.7872314453125
223.98770141601562
335.2499694824219
1203.5894775390625
600.6852416992188
385.15771484375
1668.7064208984375
407.2928161621094
407.79156494140625
654.2150268554688
249.15008544921875
347.17877197265625
709.893310546875
374.46429443359375
936.0812377929688
451.8450012207031
573.1422119140625
303.8818664550781
1315.0947265625
284.0406188964844
206.64707946777344
176.82154846191406
225.27398681640625
317.7865295410156
520.3460083007812
244.36801147460938
303.77850341796875
322.55023193359375
253.2689666748047
2890.890380859375
261.6226501464844
932.8272705078125
223.52545166015625
593.1185913085938
2000.3885498046875
285.3690185546875
142.8040313720703
249.2777099609375
396.2151184082031
278.4762268066406
614.9920654296875
1002.1306762695312
918.822509765625
509.4774475097656
1196.8623046875
290.86334228515625
233.15390014648438
530.0103149414062
764.8719482421875
636.8746337890625
782.1764526367188
943.5101318359375
425.3443603515625
197.02239990234375
545.4752197265625
325.55865478515625
241.57229614257812
706.4387817382812
364.7919921875
491.0817565917969
1120.38916015625
358.13006591796875
834.9808959960938
790.9102172851562
441.177978515625
386.5212097167969
189.82691955566406
614.6524047851562
1254.610107421875
324.16131591796875
2701.77734375
552.7291259765625
575.4021606445312
590.2178344726562
743.744873046875
368.87933349609375
487.99285888671875
386.365966796875
347.01318359375
756.238525390625
666.269287109375
632.9906616210938
170.34640502929688
733.022216796875
674.67626953125
1511.584228515625
494.301513671875
235.70449829101562
314.7684020996094
355.069580078125
602.8014526367188
639.3983764648438
462.78753662109375
291.7721252441406
461.4337158203125
311.80609130859375
437.5230407714844
299.902099609375
719.6390991210938
903.51220703125
424.12896728515625
669.4749755859375
639.24609375
324.47369384765625
399.50177001953125
529.9903564453125
280.42919921875
1207.2562255859375
261.6056213378906
484.27203369140625
256.6226501464844
213.33909606933594
304.95611572265625
216.8932647705078
231.5009002685547
426.84442138671875
454.8829650878906
704.6869506835938
232.18704223632812
178.17698669433594
1552.38818359375
524.9103393554688
385.8833312988281
337.23760986328125
276.9813232421875
442.043212890625
745.8273315429688
300.0062255859375
206.58535766601562
334.6234130859375
221.0896453857422
123.27478790283203
846.8602905273438
378.1381530761719
225.82553100585938
245.70066833496094
552.6197509765625
343.9098205566406
243.67652893066406
406.92889404296875
711.7096557617188
417.8943176269531
947.5572509765625
371.41949462890625
314.3101806640625
277.6007995605469
237.6051483154297
375.8987121582031
287.8708190917969
531.0845336914062
415.80914306640625
396.368896484375
313.0362243652344
253.610595703125
238.50025939941406
221.9061279296875
508.10302734375
1912.9368896484375
694.9575805664062
659.1820678710938
375.20440673828125
1260.4896240234375
327.1921081542969
280.8565368652344
208.84344482421875
683.2981567382812
323.6184387207031
593.1787109375
1711.9532470703125
427.36712646484375
611.6016235351562
439.6463928222656
565.9345092773438
358.51226806640625
391.5380859375
188.31675720214844
791.1787719726562
1472.8582763671875
345.8781433105469
1285.5164794921875
964.1151733398438
484.2815246582031
717.8616333007812
226.07330322265625
793.848388671875
674.6875
424.77020263671875
220.36163330078125
380.5438232421875
302.3595275878906
359.1707763671875
598.034912109375
2931.35693359375
391.4637145996094
321.5708312988281
277.53564453125
280.9853515625
955.6803588867188
652.9094848632812
658.6835327148438
346.0152282714844
569.9293212890625
261.4737548828125
577.7349243164062
799.2979125976562
439.04376220703125
943.6256103515625
752.4700317382812
350.50738525390625
293.3689270019531
282.3905944824219
898.4815063476562
818.1295166015625
1267.547607421875
1277.5892333984375
1286.8592529296875
442.00384521484375
830.5809936523438
762.1198120117188
494.16845703125
569.2755737304688
508.322509765625
429.6086730957031
468.7281188964844
676.2723999023438
831.3076171875
258.5174560546875
1547.117431640625
300.5898132324219
292.44976806640625
250.42344665527344
318.6558837890625
280.6729431152344
176.2154541015625
526.7466430664062
343.6402587890625
486.8257751464844
202.22657775878906
779.875244140625
679.2900390625
549.0684204101562
541.841064453125
677.5078125
279.2690734863281
537.634765625
248.78485107421875
320.03045654296875
1731.4554443359375
835.3339233398438
352.718505859375
286.08099365234375
536.0787353515625
434.9703369140625
355.2003173828125
540.9234008789062
889.4526977539062
633.074462890625
834.3396606445312
655.8777465820312
818.7833862304688
812.5997924804688
906.7153930664062
231.3597869873047
257.3503112792969
383.4129333496094
552.1596069335938
319.35638427734375
541.526611328125
1516.983154296875
513.01416015625
476.5638122558594
328.63629150390625
245.09832763671875
485.2757873535156
390.4310302734375
292.0574645996094
185.1352081298828
157.14817810058594
224.79051208496094
1418.54443359375
438.7393798828125
420.48468017578125
234.49058532714844
263.69891357421875
231.1675567626953
394.9952087402344
1387.459228515625
730.3983764648438
1556.380615234375
157.92591857910156
1384.4501953125
362.4671630859375
267.3531188964844
538.5722045898438
800.7406005859375
802.7532348632812
874.3860473632812
653.5742797851562
636.1749267578125
472.521484375
471.07586669921875
230.65069580078125
274.28094482421875
2241.7919921875
281.67303466796875
409.73199462890625
683.0706787109375
244.3639678955078
610.8431396484375
369.9068298339844
223.45571899414062
440.5087890625
382.20062255859375
269.8773193359375
312.4898986816406
368.7279052734375
352.3390808105469
2616.664794921875
313.8765563964844
313.78436279296875
229.635498046875
490.7259521484375
797.3314819335938
373.2791748046875
740.81689453125
259.4825134277344
238.7319793701172
842.09130859375
446.55804443359375
493.05963134765625
340.9102783203125
625.2099609375
295.60882568359375
214.6221923828125
169.22007751464844
261.52911376953125
1062.3304443359375
295.031982421875
296.58612060546875
253.9415740966797
702.8826904296875
589.5114135742188
559.8876953125
661.047119140625
328.16204833984375
579.3716430664062
252.08126831054688
372.2505187988281
1369.2451171875
336.0199279785156
695.2974243164062
405.0419006347656
766.7252807617188
232.24905395507812
635.360107421875
382.4993896484375
503.2890930175781
853.5167236328125
455.1541442871094
735.3214721679688
404.4132385253906
401.90728759765625
173.54483032226562
472.1471252441406
1294.98974609375
1629.9283447265625
3191.285888671875
1199.642822265625
1787.608154296875
369.52349853515625
129.58790588378906
327.8459167480469
668.9283447265625
356.22076416015625
852.6884765625
519.7977294921875
797.1455078125
430.96875
695.74365234375
619.590576171875
284.42230224609375
195.60874938964844
978.3667602539062
606.8192138671875
390.6623840332031
352.80633544921875
203.54708862304688
1307.048583984375
525.7935180664062
361.505615234375
1124.711669921875
329.9640197753906
283.2347717285156
598.6058959960938
1235.6832275390625
518.9646606445312
357.5858459472656
320.9115905761719
853.9747314453125
402.8671569824219
323.7745056152344
757.85546875
652.3651733398438
788.402099609375
390.7059326171875
269.03009033203125
956.1675415039062
2084.19482421875
598.7061767578125
1565.2896728515625
411.92108154296875
277.96044921875
215.01858520507812
356.5964660644531
310.30670166015625
501.2099304199219
259.69384765625
491.63922119140625
384.43585205078125
455.0218811035156
646.1502685546875
355.9471740722656
396.26678466796875
252.04983520507812
1475.5972900390625
307.6092224121094
241.34771728515625
178.7131805419922
268.9552307128906
338.77978515625
432.5637512207031
356.2103576660156
371.44476318359375
189.3868865966797
1105.9364013671875
257.75384521484375
189.59495544433594
720.5328369140625
1542.20556640625
426.4755859375
216.1397247314453
347.9137268066406
343.3638916015625
674.1407470703125
302.51641845703125
567.5715942382812
488.1042175292969
1757.8779296875
398.4017028808594
289.74554443359375
497.162109375
1976.16552734375
285.6427917480469
684.8021850585938
507.3536071777344
522.144287109375
535.1224975585938
284.6268615722656
436.73834228515625
229.23184204101562
164.7513885498047
244.35926818847656
1175.920166015625
330.56097412109375
1030.4573974609375
328.3216552734375
673.672119140625
528.8143920898438
548.4647216796875
1679.5560302734375
351.8329162597656
652.8276977539062
739.493408203125
521.92041015625
483.3268737792969
304.8396911621094
110.9546127319336
485.1784973144531
1241.5484619140625
550.0783081054688
416.4472961425781
667.42138671875
720.6719970703125
405.1969299316406
339.75360107421875
411.8624267578125
358.1034851074219
170.04693603515625
829.4673461914062
239.51266479492188
591.3931884765625
741.5921630859375
383.10308837890625
391.4888000488281
546.7244262695312
635.6010131835938
409.5228271484375
458.39892578125
292.114013671875
618.3313598632812
392.1767578125
178.43502807617188
1256.4119873046875
404.74359130859375
327.86480712890625
448.0620422363281
485.1670837402344
373.33355712890625
348.7853088378906
981.3314819335938
445.197021484375
505.52777099609375
694.3152465820312
800.3157348632812
316.3937072753906
956.8561401367188
485.4822692871094
318.8602294921875
747.6334838867188
231.99940490722656
470.18328857421875
630.853515625
556.8674926757812
202.9529266357422
695.3568115234375
779.86181640625
822.7498779296875
507.861328125
704.6307373046875
440.39251708984375
755.9429321289062
308.2006530761719
279.7999572753906
147.72967529296875
460.4096374511719
344.6494445800781
456.4941711425781
224.2952423095703
200.3053741455078
216.5270233154297
715.2769775390625
308.0317077636719
246.01443481445312
298.89654541015625
152.77554321289062
158.014892578125
240.49185180664062
336.0450439453125
328.9332275390625
173.25282287597656
114.35725402832031
604.02392578125
482.6001281738281
422.546142578125
250.09841918945312
426.4863586425781
1443.9156494140625
256.11865234375
179.86016845703125
268.3968505859375
507.88812255859375
639.3479614257812
659.1387329101562
1560.5291748046875
417.3817138671875
223.22999572753906
235.07928466796875
250.2450408935547
167.28857421875
204.92613220214844
94.89774322509766
354.7676696777344
349.42950439453125
429.4798583984375
332.4493103027344
152.3162384033203
2130.3310546875
691.5855102539062
426.7383117675781
528.2109985351562
465.08062744140625
568.158447265625
572.7776489257812
740.7386474609375
270.0895080566406
686.0238647460938
869.385986328125
535.6513671875
594.7556762695312
804.8042602539062
332.3707580566406
1875.817138671875
221.5541229248047
203.793701171875
450.4647521972656
287.5882568359375
640.59375
323.5436096191406
207.1868438720703
737.8369750976562
238.08395385742188
119.78216552734375
212.51133728027344
504.9947814941406
184.8808135986328
258.6690368652344
194.2273712158203
359.6886291503906
193.541748046875
1339.5501708984375
1317.9818115234375
313.74737548828125
354.30810546875
290.0621032714844
425.93414306640625
284.5365905761719
198.03587341308594
445.1435546875
255.3786163330078
275.26727294921875
971.708251953125
172.7272186279297
383.33294677734375
273.5539855957031
367.9950256347656
201.8544464111328
230.4351043701172
296.4599609375
274.157958984375
774.5009155273438
424.07672119140625
923.7806396484375
267.55426025390625
254.3939666748047
302.5971374511719
197.3235626220703
451.62750244140625
440.1849365234375
279.707275390625
759.6929931640625
816.5088500976562
373.38873291015625
760.5266723632812
854.938720703125
367.6059875488281
355.869140625
377.7734375
396.9295959472656
769.724853515625
1135.96875
1771.08154296875
983.7915649414062
391.8048400878906
253.1947021484375
247.14495849609375
228.5723419189453
119.47711181640625
252.0891876220703
718.29296875
823.9683837890625
434.3203125
603.7874755859375
831.0756225585938
285.4985046386719
880.48876953125
1018.2498779296875
471.4574890136719
811.1173706054688
347.7504577636719
438.626953125
918.4811401367188
817.21484375
655.0703735351562
482.61895751953125
149.75265502929688
221.72799682617188
482.09454345703125
1731.8048095703125
811.5116577148438
692.4341430664062
1287.416259765625
164.73287963867188
1240.296142578125
1587.465576171875
342.853759765625
985.3363037109375
483.7528076171875
588.1708374023438
637.0725708007812
202.34632873535156
431.18402099609375
740.5451049804688
826.4370727539062
956.4953002929688
915.2659912109375
415.52288818359375
322.7376403808594
457.89300537109375
212.33599853515625
301.00616455078125
861.3871459960938
292.24169921875
1065.9395751953125
1009.926025390625
792.13330078125
816.0652465820312
438.7872619628906
1080.2603759765625
584.4306640625
265.48736572265625
237.45440673828125
557.8280639648438
296.4485168457031
924.0669555664062
783.8341064453125
2842.1455078125
548.1920166015625
452.9402160644531
348.62017822265625
370.5543518066406
486.7225036621094
992.3786010742188
1087.3848876953125
1048.1583251953125
1056.396484375
603.58349609375
730.3878784179688
116.76905059814453
439.4309387207031
232.7215118408203
365.02117919921875
425.1530456542969
1448.7861328125
558.7784423828125
667.8546752929688
1397.2030029296875
1074.65673828125
212.21914672851562
147.50686645507812
662.9697875976562
382.9450988769531
518.4307250976562
770.597412109375
554.1549072265625
568.7695922851562
434.9433288574219
886.6359252929688
535.1068725585938
140.6752166748047
190.313232421875
855.4758911132812
315.6274108886719
656.1397094726562
352.0157775878906
228.58645629882812
413.0458068847656
279.7236633300781
1285.240478515625
176.05612182617188
315.3185729980469
2002.55859375
279.0379943847656
271.7492370605469
114.322265625
372.08197021484375
258.7261047363281
192.52218627929688
122.25837707519531
362.794677734375
1033.6795654296875
995.3173828125
684.611572265625
458.6890869140625
249.6602783203125
424.70697021484375
1172.521484375
701.8331298828125
515.5235595703125
438.2633056640625
374.806640625
238.70437622070312
662.212646484375
843.0731201171875
246.48216247558594
585.7094116210938
202.63360595703125
495.2835998535156
211.06817626953125
143.70924377441406
292.3855895996094
877.4476928710938
301.25189208984375
158.7388916015625
162.38836669921875
1065.50146484375
397.4930725097656
173.2602996826172
304.5906066894531
135.8717803955078
354.2774658203125
302.22393798828125
523.7222290039062
546.2590942382812
972.6513061523438
596.7550048828125
730.017578125
584.7124633789062
202.0702362060547
195.23419189453125
770.5928955078125
128.78875732421875
462.74896240234375
412.8779602050781
551.9039916992188
313.2736511230469
194.03285217285156
134.6020050048828
135.4991912841797
136.09754943847656
174.9293975830078
271.8434753417969
228.5163116455078
922.5763549804688
170.0609588623047
242.3775634765625
115.92937469482422
91.69792938232422
413.55621337890625
199.40072631835938
103.76859283447266
598.8397216796875
361.56585693359375
657.9465942382812
524.6310424804688
227.3284912109375
1075.9075927734375
279.9988098144531
819.13720703125
795.1419677734375
301.9024353027344
832.6217651367188
568.347900390625
978.1829223632812
760.8779907226562
228.44436645507812
538.5126342773438
551.5806274414062
269.07464599609375
257.4314880371094
501.5458679199219
144.21763610839844
187.7472381591797
168.24957275390625
113.9420394897461
382.7369689941406
1568.432373046875
665.8255615234375
589.8777465820312
288.04388427734375
349.8935241699219
594.839599609375
908.402587890625
741.8921508789062
307.64715576171875
1759.3359375
505.807861328125
401.0235290527344
1485.416748046875
775.8883056640625
1285.0267333984375
930.3289794921875
837.258544921875
745.9849853515625
1009.8622436523438
1093.83935546875
490.29473876953125
462.7979736328125
731.6154174804688
503.71923828125
218.74200439453125
224.6922607421875
364.88311767578125
345.0390319824219
507.45306396484375
1116.7843017578125
749.4408569335938
1369.898193359375
675.2831420898438
761.014892578125
1012.1580200195312
275.84039306640625
246.37741088867188
146.9940643310547
216.03985595703125
240.7034149169922
367.6360778808594
203.11143493652344
607.7173461914062
471.57501220703125
833.3298950195312
260.92559814453125
235.73504638671875
174.3175048828125
397.3140563964844
117.3745346069336
66.34786224365234
206.0251922607422
157.78485107421875
516.6763916015625
295.1899719238281
1500.4739990234375
2040.4549560546875
158.77545166015625
330.8912048339844
225.8289794921875
353.277587890625
314.33050537109375
242.97567749023438
392.7768249511719
412.1305236816406
233.22450256347656
578.83056640625
314.111328125
101.7334213256836
298.7908630371094
174.6945343017578
120.70043182373047
1287.22802734375
204.21568298339844
1567.68896484375
1862.10986328125
591.365966796875
202.8726348876953
242.8864288330078
626.33447265625
262.4508361816406
238.778076171875
1091.398193359375
372.5645446777344
488.2047424316406
787.0866088867188
635.6190185546875
468.5553283691406
510.8265686035156
234.1044158935547
201.49822998046875
247.67620849609375
166.58831787109375
279.5222473144531
1174.39013671875
340.463623046875
178.7235107421875
180.16537475585938
627.5745239257812
213.1078338623047
202.91285705566406
172.07777404785156
576.5525512695312
181.2552032470703
153.1427764892578
215.68055725097656
215.585693359375
165.9870147705078
228.0532989501953
790.1207885742188
574.282470703125
994.4078369140625
294.0794677734375
765.3812255859375
347.80950927734375
607.3960571289062
279.9156188964844
416.9599304199219
217.42449951171875
101.52678680419922
552.6780395507812
226.41514587402344
410.7005615234375
256.2771911621094
332.58197021484375
1115.2261962890625
155.94821166992188
219.26353454589844
900.6453247070312
879.1336059570312
349.9172058105469
234.4332275390625
492.8815002441406
151.09226989746094
831.3316650390625
561.6472778320312
408.07244873046875
568.7133178710938
158.6761932373047
406.2884216308594
393.8375244140625
306.07830810546875
229.73641967773438
293.2369079589844
1312.2122802734375
175.81248474121094
174.82943725585938
136.1808624267578
391.078369140625
997.3980102539062
173.86587524414062
203.13491821289062
121.56572723388672
174.57247924804688
151.79661560058594
243.66307067871094
307.7272033691406
201.80343627929688
129.9160919189453
1054.6448974609375
525.2070922851562
218.14434814453125
337.6273193359375
133.3969268798828
376.1807556152344
185.4947967529297
901.1177978515625
741.8052368164062
308.49169921875
387.33642578125
324.3909912109375
642.546142578125
217.1063995361328
485.5108947753906
683.9937133789062
318.1770324707031
1345.1641845703125
185.89060974121094
380.56854248046875
523.0949096679688
265.22784423828125
183.30384826660156
255.91429138183594
115.11917877197266
86.24235534667969
370.134033203125
165.05523681640625
822.583740234375
414.577392578125
258.7140808105469
162.9485321044922
76.28771209716797
1159.58251953125
225.04534912109375
402.3894348144531
92.64900970458984
349.2314453125
1926.0233154296875
1095.8983154296875
500.2437744140625
363.4909973144531
227.08724975585938
196.76878356933594
108.01517486572266
1140.771484375
356.06866455078125
415.0303039550781
469.4179992675781
301.4633483886719
259.6617431640625
365.7796630859375
1756.9085693359375
478.92401123046875
373.0354309082031
498.03485107421875
219.29214477539062
191.38185119628906
268.95001220703125
1083.1846923828125
863.07861328125
214.3626251220703
247.89012145996094
1347.0333251953125
146.9016571044922
113.32044219970703
724.1265258789062
239.45477294921875
238.07424926757812
544.375244140625
182.85499572753906
216.76583862304688
116.63418579101562
432.9203796386719
231.28163146972656
223.30870056152344
219.52691650390625
774.597412109375
287.4993591308594
995.4475708007812
244.6955108642578
224.0931854248047
129.33848571777344
254.80807495117188
183.54771423339844
667.1810302734375
1138.4359130859375
441.47161865234375
125.74385070800781
251.53012084960938
277.4227600097656
224.1344757080078
553.0782470703125
716.4402465820312
313.28814697265625
440.906494140625
151.7624969482422
191.2164764404297
475.7853698730469
257.09832763671875
273.3497619628906
1002.8463134765625
316.7513732910156
654.8015747070312
191.82093811035156
296.2121276855469
567.9371948242188
336.6011657714844
1243.789306640625
160.77227783203125
236.3602752685547
167.48333740234375
364.69964599609375
469.3939208984375
230.55792236328125
400.10235595703125
125.69010162353516
194.71275329589844
197.7977752685547
99.12516021728516
97.60273742675781
70.2786865234375
141.4825439453125
140.96734619140625
204.70530700683594
191.14447021484375
184.629150390625
470.5959167480469
97.60418701171875
242.1575469970703
195.81256103515625
116.63966369628906
419.6949157714844
323.7079162597656
418.0558166503906
257.8613586425781
584.4689331054688
658.7994384765625
423.77435302734375
378.526123046875
497.4669189453125
404.3673095703125
262.0013732910156
404.1384582519531
411.0874938964844
127.43900299072266
522.9666748046875
106.56854248046875
925.9707641601562
479.9846496582031
200.0996856689453
142.6763458251953
73.37474060058594
136.94766235351562
143.29974365234375
1098.8853759765625
689.879150390625
176.1660614013672
178.57215881347656
213.36534118652344
282.137451171875
216.4378204345703
512.8958740234375
343.3538818359375
2222.226318359375
136.72271728515625
167.388427734375
242.1201629638672
386.1956787109375
387.19305419921875
397.9963073730469
213.07797241210938
548.5848999023438
124.60417938232422
202.57159423828125
152.43914794921875
1060.0574951171875
544.0133666992188
1443.3416748046875
226.75338745117188
324.83087158203125
259.1017761230469
743.3607788085938
574.2422485351562
291.4466247558594
251.7378387451172
305.9441223144531
636.3436279296875
213.18817138671875
174.40158081054688
278.2552490234375
1193.9664306640625
795.283935546875
346.64892578125
729.3760375976562
170.80384826660156
110.41608428955078
159.07821655273438
271.28045654296875
283.15948486328125
838.8375244140625
104.76832580566406
1025.597900390625
197.76141357421875
213.46798706054688
483.1763610839844
295.9044189453125
140.85208129882812
317.4915466308594
421.2694091796875
373.45758056640625
251.44223022460938
555.6260375976562
463.9566345214844
400.8305969238281
143.41763305664062
162.7791290283203
218.3203125
479.7018737792969
362.149658203125
392.7937927246094
157.6011505126953
495.2843933105469
424.416259765625
488.5680847167969
91.70338439941406
129.41465759277344
223.62440490722656
362.7373352050781
106.14215087890625
1265.7667236328125
139.14308166503906
227.8935089111328
313.0343322753906
583.5159301757812
247.569091796875
153.18417358398438
302.18682861328125
295.9517517089844
632.941650390625
311.2431335449219
107.07872009277344
137.88809204101562
194.35745239257812
270.0669250488281
122.23796081542969
132.22068786621094
66.60806274414062
218.60684204101562
109.56521606445312
263.7007141113281
565.69677734375
1950.5745849609375
1880.638427734375
503.1739807128906
900.18505859375
795.208984375
1041.43994140625
205.43931579589844
380.4753112792969
266.5914306640625
337.711181640625
283.1579284667969
299.4923400878906
91.57542419433594
368.2004699707031
247.37033081054688
683.5062255859375
225.4927978515625
1785.8463134765625
542.255126953125
177.88743591308594
136.74465942382812
405.6784973144531
144.31991577148438
237.9803009033203
1278.7496337890625
359.77752685546875
442.9047546386719
636.189697265625
174.14915466308594
306.3184814453125
177.196533203125
109.85291290283203
197.5166473388672
413.03814697265625
300.7106018066406
322.0050964355469
163.35934448242188
56.168636322021484
201.4287109375
259.8623962402344
148.85623168945312
390.55419921875
819.3185424804688
328.3862609863281
337.7584533691406
402.3841857910156
92.21587371826172
978.6292724609375
113.15858459472656
171.2352294921875
237.73667907714844
837.0057373046875
413.99774169921875
974.1129150390625
158.01849365234375
584.1935424804688
475.2901611328125
137.14996337890625
597.9107666015625
169.19110107421875
115.75896453857422
173.81321716308594
108.1570053100586
229.8101348876953
758.5912475585938
682.8759765625
180.4563751220703
155.19834899902344
303.02349853515625
379.6289367675781
235.6540069580078
156.42759704589844
201.1087188720703
1049.8883056640625
1114.712890625
534.556884765625
204.364501953125
322.0647277832031
141.91458129882812
177.77447509765625
153.8432159423828
338.1881408691406
454.30340576171875
148.3445281982422
402.84814453125
916.6861572265625
327.2542419433594
425.8763427734375
278.0655517578125
201.00283813476562
474.038330078125
95.73474884033203
521.6592407226562
531.8243408203125
575.6576538085938
228.92050170898438
421.6876525878906
373.2558288574219
1007.1947021484375
316.3236083984375
302.7153015136719
220.587890625
197.9108428955078
205.8585968017578
665.7572021484375
785.4172973632812
227.93264770507812
672.4522094726562
783.9396362304688
150.24635314941406
953.691650390625
576.5205688476562
134.5963134765625
926.0849609375
97.75799560546875
225.26242065429688
448.21783447265625
526.8826904296875
357.5583190917969
685.33349609375
586.451416015625
677.287841796875
366.1380920410156
99.12118530273438
264.86602783203125
443.6709289550781
467.30133056640625
523.3057861328125
317.202880859375
388.0739440917969
638.4943237304688
717.7967529296875
92.99788665771484
49.32151412963867
284.1595764160156
124.78899383544922
300.3979187011719
195.0439453125
502.8583984375
700.59033203125
263.84710693359375
146.84426879882812
290.2187805175781
123.92001342773438
125.94335174560547
206.42520141601562
125.35787963867188
135.86904907226562
194.08197021484375
484.6277160644531
503.7825927734375
610.953369140625
409.8628845214844
191.15708923339844
350.86767578125
232.72982788085938
86.25769805908203
206.65621948242188
1287.4730224609375
104.61693572998047
183.1591339111328
848.39453125
189.4841766357422
86.64086151123047
141.15496826171875
238.033935546875
161.61708068847656
111.5008773803711
228.1790771484375
84.44215393066406
1529.4208984375
216.7763214111328
669.68701171875
123.80799865722656
135.3711395263672
142.42857360839844
186.2165985107422
100.38040161132812
144.4391632080078
161.78172302246094
799.2245483398438
485.7010803222656
389.6361389160156
594.9054565429688
292.4977722167969
331.8040466308594
186.49801635742188
145.41896057128906
723.299560546875
221.34910583496094
108.46625518798828
371.12152099609375
84.95362854003906
271.2179870605469
352.5291748046875
256.27337646484375
781.5078125
76.86002349853516
298.7438049316406
230.10736083984375
695.9544677734375
813.2740478515625
141.8578338623047
513.38818359375
519.5604248046875
451.9300537109375
318.8853454589844
343.5435485839844
333.1912841796875
304.08209228515625
415.7252502441406
125.2806396484375
94.61485290527344
54.16407775878906
222.0343017578125
118.83094787597656
637.7017822265625
118.83393859863281
73.52275848388672
71.57001495361328
1293.71435546875
1164.7998046875
157.1493377685547
345.1852111816406
316.7962646484375
516.3324584960938
1284.3558349609375
233.3599090576172
1130.376220703125
165.99237060546875
175.3543701171875
302.6047058105469
318.6959533691406
854.3447265625
303.4550476074219
130.57496643066406
264.4879455566406
196.47850036621094
86.92662048339844
126.02056884765625
123.60723876953125
203.89564514160156
846.0241088867188
252.5445098876953
234.29661560058594
71.12142944335938
99.27544403076172
328.8126220703125
117.2717514038086
118.53892517089844
455.9412536621094
283.1064147949219
122.02743530273438
232.10169982910156
77.37718200683594
81.3249740600586
761.3717041015625
171.71804809570312
174.93118286132812
194.77687072753906
86.02368927001953
1041.9119873046875
66.75340270996094
160.02667236328125
99.04946899414062
309.14227294921875
876.9677734375
119.02613830566406
127.28115844726562
736.3925170898438
409.9794006347656
695.544921875
201.4462432861328
632.94775390625
449.1725158691406
245.71713256835938
220.5922393798828
545.2692260742188
143.6645965576172
429.3858337402344
377.2833251953125
608.5555419921875
647.307373046875
300.2971496582031
540.2096557617188
432.9831237792969
305.0127868652344
318.82672119140625
328.0172119140625
197.53250122070312
557.9918212890625
575.1644287109375
805.623046875
272.56268310546875
854.2839965820312
134.16653442382812
156.999267578125
34.203067779541016
102.90731048583984
400.1529846191406
87.94605255126953
159.17889404296875
62.042015075683594
677.8427734375
76.46769714355469
129.7433319091797
900.0964965820312
922.5924682617188
302.052978515625
300.2454833984375
324.7991027832031
449.9447326660156
412.2820739746094
188.3566436767578
270.82470703125
551.9671630859375
600.9827880859375
489.15985107421875
321.8675231933594
546.45458984375
423.33099365234375
368.9289245605469
376.5354919433594
306.9585876464844
435.8269348144531
352.39202880859375
158.8939208984375
336.76104736328125
71.77449798583984
345.9034729003906
47.18949890136719
478.46282958984375
810.3591918945312
314.9154357910156
279.1515197753906
130.33921813964844
85.2336196899414
109.10942077636719
259.6822814941406
183.0670623779297
163.27224731445312
88.28924560546875
171.9456329345703
311.31787109375
197.78993225097656
132.78213500976562
95.6642074584961
186.700439453125
603.6036376953125
96.83380889892578
184.60086059570312
120.5202407836914
186.38107299804688
240.7886962890625
962.4390258789062
164.2421112060547
94.47689056396484
95.0359115600586
215.9599151611328
81.03365325927734
476.482666015625
461.6790466308594
344.392333984375
223.09500122070312
905.6005249023438
107.19068145751953
156.01406860351562
123.325927734375
300.92578125
267.012939453125
151.17544555664062
56.16170883178711
815.11328125
1180.432861328125
283.223876953125
185.2960205078125
99.66333770751953
175.8614501953125
1143.5751953125
177.67648315429688
259.3067321777344
75.81636810302734
1587.401611328125
83.28547668457031
160.32154846191406
97.92362976074219
313.6208801269531
142.9875946044922
126.14470672607422
278.0154724121094
1004.2037353515625
470.0149841308594
166.19053649902344
156.35655212402344
2247.772216796875
495.46240234375
395.633544921875
749.822998046875
354.5785827636719
309.6828918457031
606.8804931640625
480.18218994140625
507.4234924316406
305.7467346191406
264.6000671386719
156.9344024658203
566.0606689453125
645.8479614257812
404.0685729980469
458.7803955078125
465.1086120605469
286.87225341796875
330.5211486816406
612.7440795898438
557.4609985351562
532.982177734375
327.4472961425781
317.7387390136719
139.1718292236328
413.2201232910156
326.9929504394531
441.9525146484375
910.5685424804688
492.3210754394531
401.5857238769531
532.2317504882812
280.1016845703125
502.1934509277344
281.9408874511719
320.2082214355469
235.00326538085938
217.08853149414062
185.48248291015625
149.46852111816406
364.1867980957031
203.82366943359375
170.8278045654297
291.4501037597656
198.1543731689453
106.7782974243164
491.8074035644531
69.91893768310547
837.5054321289062
436.8248291015625
1034.48388671875
165.20079040527344
1848.394287109375
64.62962341308594
1077.3218994140625
157.42782592773438
1407.8050537109375
430.5866394042969
209.15185546875
80.12510681152344
124.04138946533203
331.2075500488281
88.72843933105469
460.7315368652344
103.83423614501953
100.49598693847656
417.4623107910156
229.32606506347656
250.1838836669922
350.28363037109375
386.9068603515625
1097.69580078125
323.9173278808594
65.86302185058594
463.0966796875
368.31683349609375
168.88265991210938
84.85332489013672
153.4103546142578
173.3139190673828
226.08697509765625
831.3016967773438
216.6751708984375
984.4954223632812
205.99497985839844
137.03384399414062
88.16741180419922
186.3527374267578
297.479736328125
151.66127014160156
108.17918395996094
130.91055297851562
135.25926208496094
42.162960052490234
433.07049560546875
64.24768829345703
70.87399291992188
1178.8397216796875
52.57640075683594
178.14859008789062
87.49114990234375
339.9477233886719
982.7716674804688
68.0628890991211
245.09762573242188
187.74110412597656
547.9193115234375
75.16936492919922
302.9917907714844
326.1746826171875
57.44711685180664
59.18960952758789
88.51111602783203
836.4014282226562
138.96237182617188
161.39724731445312
115.03863525390625
284.4998474121094
243.7416534423828
148.61376953125
142.42913818359375
161.9982147216797
1618.021484375
159.77798461914062
421.814208984375
71.78353881835938
62.72175598144531
224.77847290039062
113.76041412353516
248.625
680.1953125
917.7305908203125
60.294708251953125
356.31640625
92.39769744873047
566.6205444335938
163.74151611328125
98.45713806152344
341.0536193847656
85.20983123779297
268.3895263671875
337.4700622558594
251.72097778320312
243.23403930664062
139.83206176757812
216.3961181640625
315.4105224609375
45.25388717651367
114.14881134033203
585.0521240234375
289.7481689453125
116.64720916748047
209.87747192382812
87.65296173095703
200.40768432617188
343.02593994140625
61.02283477783203
216.568359375
1631.847900390625
287.7807312011719
945.3844604492188
120.97197723388672
121.98979949951172
891.8399658203125
114.06451416015625
315.7765197753906
250.01956176757812
1567.3682861328125
81.49686431884766
97.49349975585938
77.42318725585938
64.70118713378906
218.27291870117188
220.78726196289062
100.53228759765625
94.59619140625
221.90887451171875
45.55611801147461
257.6191711425781
274.0010986328125
148.01341247558594
109.72869873046875
838.9957275390625
156.05184936523438
708.4618530273438
139.4542236328125
999.2069702148438
65.63455200195312
504.3699645996094
192.22389221191406
118.40335083007812
176.34190368652344
499.4466552734375
159.78964233398438
151.52769470214844
111.77749633789062
139.0990753173828
70.38440704345703
175.43020629882812
789.372314453125
130.41366577148438
50.355247497558594
628.4149169921875
1874.9722900390625
1495.4246826171875
458.3294982910156
189.47946166992188
178.31422424316406
183.63880920410156
1088.22509765625
204.55963134765625
145.24868774414062
137.66676330566406
404.41058349609375
178.66981506347656
622.0841674804688
126.1263427734375
230.2581787109375
52.325767517089844
140.41688537597656
282.81365966796875
126.62153625488281
187.964599609375
145.90594482421875
174.11996459960938
700.1832275390625
1183.5662841796875
1081.7955322265625
63.934085845947266
241.3426055908203
209.2259979248047
168.8826904296875
252.74002075195312
266.9120178222656
84.89356994628906
177.19110107421875
71.6027603149414
432.518798828125
136.60366821289062
1733.21875
1011.5213623046875
79.62676239013672
472.3917236328125
717.2254638671875
65.65718078613281
81.37574005126953
295.3533935546875
829.9998779296875
167.59384155273438
584.9424438476562
637.236083984375
337.3019104003906
138.4115447998047
204.26622009277344
663.0038452148438
357.4903259277344
98.14553833007812
105.45158386230469
355.8532409667969
881.5577392578125
100.74885559082031
419.63037109375
725.9881591796875
55.827171325683594
24.19019889831543
200.93670654296875
655.0263671875
568.84619140625
799.0003662109375
314.6636047363281
246.39291381835938
177.94387817382812
273.9959716796875
86.60973358154297
267.23284912109375
125.5499496459961
255.51976013183594
205.27383422851562
131.39987182617188
704.6926879882812
62.09574890136719
342.4397888183594
147.2374267578125
283.7212829589844
112.64115905761719
378.5416259765625
299.8717346191406
67.22541809082031
179.54425048828125
269.614990234375
63.162254333496094
102.52399444580078
88.60900115966797
254.02027893066406
773.5120239257812
1089.044921875
158.78880310058594
66.9227066040039
78.51858520507812
279.5570983886719
106.60954284667969
73.38664245605469
1195.2652587890625
802.5103149414062
80.36769104003906
460.5644226074219
70.02173614501953
203.40066528320312
41.823753356933594
94.6649398803711
382.8836669921875
1821.8616943359375
600.1697998046875
153.29483032226562
343.94195556640625
167.7055206298828
1086.2122802734375
147.0465087890625
784.8961181640625
105.68473815917969
276.1211242675781
63.2255744934082
234.46678161621094
87.91059112548828
137.31317138671875
558.8020629882812
383.5849304199219
777.6499633789062
253.9359893798828
280.0574035644531
153.921630859375
568.6508178710938
1143.51806640625
309.7698974609375
128.13539123535156
118.56488037109375
495.97210693359375
162.78363037109375
265.7218017578125
352.05377197265625
99.54186248779297
91.14926147460938
82.89715576171875
72.93421173095703
88.80232238769531
59.075748443603516
188.32789611816406
163.86740112304688
80.43102264404297
969.1869506835938
482.04052734375
163.1878662109375
74.85092163085938
74.97998809814453
113.94203186035156
320.8642272949219
141.28750610351562
194.23233032226562
109.20350646972656
276.0083923339844
150.59788513183594
321.2583923339844
734.6860961914062
228.4722137451172
103.03309631347656
52.654876708984375
1203.5216064453125
1242.05712890625
2034.1512451171875
272.2890625
1034.1591796875
645.9345703125
1200.8673095703125
163.46824645996094
66.00226593017578
192.6913604736328
102.47047424316406
203.1973876953125
151.64218139648438
644.0873413085938
60.25068283081055
1051.37255859375
92.00176239013672
145.0010528564453
470.2970275878906
109.92559051513672
303.5009765625
79.14545440673828
501.884765625
809.9068603515625
148.63552856445312
1076.8011474609375
192.44703674316406
1002.1233520507812
781.4542846679688
306.2118225097656
364.95458984375
271.9805603027344
221.26126098632812
222.82142639160156
248.82167053222656
209.78909301757812
187.51663208007812
871.0765380859375
232.9535369873047
228.56642150878906
592.8378295898438
274.0493469238281
552.3134765625
988.8522338867188
1357.3558349609375
161.500732421875
273.11700439453125
259.8583984375
403.103515625
104.1224365234375
998.837158203125
613.5527954101562
147.11387634277344
436.0246276855469
84.1584701538086
686.1749877929688
274.4565124511719
190.4488983154297
149.4671173095703
66.83094024658203
368.0660705566406
257.77691650390625
290.6022033691406
288.7098083496094
212.86744689941406
479.7518615722656
391.7252197265625
420.048095703125
131.11082458496094
369.9960021972656
248.98245239257812
256.8402099609375
196.55157470703125
252.6756134033203
431.4307556152344
845.3270874023438
189.8100128173828
175.75625610351562
123.6144027709961
695.048828125
464.01361083984375
131.61984252929688
564.0230102539062
120.09709167480469
357.766357421875
819.0010375976562
320.95654296875
142.32717895507812
130.22738647460938
2268.772705078125
226.10629272460938
325.1808166503906
107.71658325195312
97.76549530029297
147.80567932128906
196.67750549316406
128.47647094726562
412.5988464355469
89.34774017333984
83.83771514892578
1912.179931640625
363.8875732421875
98.46232604980469
222.26327514648438
246.5091552734375
220.01055908203125
698.9005126953125
124.88330078125
621.13818359375
152.18495178222656
204.8182373046875
957.1994018554688
891.8727416992188
1251.8203125
212.69943237304688
171.36672973632812
245.83872985839844
634.7363891601562
432.9881896972656
806.8101196289062
905.5011596679688
155.3820037841797
408.22119140625
129.07054138183594
301.4592590332031
111.47977447509766
56.354347229003906
336.43017578125
185.4263916015625
274.78887939453125
227.069091796875
53.519569396972656
75.88455963134766
185.64610290527344
288.1129455566406
92.89312744140625
145.90255737304688
1085.3968505859375
289.4514465332031
201.09249877929688
375.88043212890625
105.693115234375
118.36681365966797
101.97698211669922
119.63613891601562
74.28047180175781
