379.035400390625
392.423583984375
384.5535888671875
370.8019104003906
395.5921936035156
400.271240234375
386.5041198730469
380.02215576171875
388.7311706542969
383.16461181640625
394.3244934082031
390.3841552734375
369.576416015625
360.80218505859375
386.02947998046875
381.0596923828125
383.9085693359375
382.1463317871094
385.3507080078125
383.0438232421875
372.86724853515625
375.66070556640625
376.0462341308594
383.2796630859375
377.0661315917969
372.67181396484375
386.48126220703125
375.91864013671875
376.3588562011719
381.61328125
383.4908142089844
359.42431640625
368.3965148925781
377.53765869140625
367.39532470703125
377.432373046875
372.6396789550781
373.4677734375
386.8387145996094
369.68487548828125
374.4915466308594
375.4580078125
371.5212097167969
373.8310852050781
373.9539489746094
376.6767578125
359.88720703125
373.0061340332031
367.2685852050781
370.8475646972656
368.3327331542969
353.6956787109375
363.2230224609375
361.91802978515625
354.6281433105469
362.54095458984375
358.30059814453125
351.9646301269531
358.6729431152344
348.675537109375
331.9220275878906
348.82086181640625
338.3437194824219
350.7266540527344
354.29833984375
342.3354797363281
342.7534484863281
333.3782043457031
340.2200927734375
330.4054260253906
336.0924072265625
350.3996276855469
332.33447265625
324.01544189453125
330.4388122558594
323.2713928222656
332.3616943359375
330.58551025390625
330.6654968261719
323.64764404296875
329.1258544921875
307.6131286621094
302.1783752441406
308.93243408203125
312.9049987792969
307.0277404785156
309.56866455078125
310.51824951171875
303.2371826171875
304.7355651855469
299.5081787109375
302.7206115722656
289.5906982421875
282.5739440917969
276.3432922363281
273.2808837890625
258.76629638671875
246.61175537109375
237.32723999023438
233.4615020751953
211.57534790039062
193.07229614257812
171.59320068359375
157.7906494140625
139.34922790527344
127.37816619873047
111.761474609375
97.0732192993164
83.11862182617188
84.15162658691406
80.87947082519531
79.142578125
82.51608276367188
78.53890991210938
80.33706665039062
71.15029907226562
77.39523315429688
73.76235961914062
72.10340881347656
61.1812629699707
70.4616470336914
67.86736297607422
62.83482360839844
66.51972961425781
52.547359466552734
54.51637649536133
50.68871307373047
39.94803237915039
47.089881896972656
41.28587341308594
35.32462692260742
31.535539627075195
31.064916610717773
32.54348373413086
27.219039916992188
29.33263397216797
25.665409088134766
28.917728424072266
20.895891189575195
21.954448699951172
23.1837100982666
18.3551082611084
19.407493591308594
15.781827926635742
14.911612510681152
12.537957191467285
13.51628303527832
10.966259956359863
10.481095314025879
9.720190048217773
9.480854988098145
10.37537670135498
8.124709129333496
8.381158828735352
7.97041130065918
7.216084003448486
8.687559127807617
5.559680938720703
5.6704511642456055
4.983661651611328
5.410147190093994
5.695549011230469
5.573899269104004
6.610222339630127
8.226910591125488
6.389188766479492
4.955428600311279
6.094369888305664
9.107169151306152
5.30722713470459
7.027825355529785
5.72517728805542
4.671100616455078
3.9680190086364746
7.178507328033447
5.956110954284668
7.23689079284668
4.09970235824585
3.543912649154663
4.054267406463623
4.683026313781738
6.545179843902588
4.841166973114014
3.642589807510376
3.0340073108673096
5.3683648109436035
3.513941764831543
3.1801750659942627
2.734524965286255
3.080239772796631
4.035040855407715
4.006634712219238
3.2911672592163086
4.570079803466797
4.270008563995361
4.9168701171875
6.072694301605225
4.659776210784912
5.629951477050781
4.819405555725098
3.097536325454712
5.97429084777832
4.87445068359375
2.8539302349090576
2.5528135299682617
2.8912856578826904
4.580512523651123
2.563844680786133
2.5040152072906494
3.5182440280914307
2.7977454662323
2.2039055824279785
6.149433612823486
6.053417205810547
3.2247021198272705
3.6306238174438477
2.314866781234741
5.002145290374756
4.076900959014893
3.1449122428894043
3.3899893760681152
3.0862526893615723
4.447723388671875
5.702259063720703
3.8965415954589844
5.704207897186279
3.8337621688842773
3.567002296447754
3.6986114978790283
4.710155487060547
3.6149256229400635
3.0029337406158447
2.5668463706970215
4.11460542678833
2.023439645767212
4.373327732086182
2.378427743911743
2.873218059539795
2.6534993648529053
2.291598081588745
1.9904638528823853
3.0438828468322754
2.596592903137207
2.289456605911255
2.04044246673584
3.5121512413024902
3.8523309230804443
2.931638240814209
3.3783602714538574
1.899260401725769
5.330570220947266
5.166152477264404
4.95028018951416
3.1638336181640625
3.869455099105835
3.841649055480957
2.3011832237243652
3.094017505645752
4.306736946105957
3.7095460891723633
2.541574478149414
6.021082401275635
3.0675103664398193
2.8769607543945312
3.57535982131958
3.732105016708374
2.2442522048950195
3.4026923179626465
3.6583099365234375
2.585679292678833
2.0696487426757812
3.3263044357299805
3.208709239959717
3.2433879375457764
3.420816421508789
2.341764450073242
3.8748881816864014
5.571688652038574
3.52561092376709
4.782087326049805
6.514484882354736
6.241474151611328
2.4317023754119873
6.95850133895874
7.169323444366455
5.080434322357178
4.026284217834473
4.829177379608154
4.347047328948975
5.097054958343506
3.3136513233184814
2.9906389713287354
5.898804664611816
6.245968341827393
5.721203327178955
2.6523098945617676
8.113061904907227
7.0375237464904785
4.940744400024414
3.163222312927246
7.868752479553223
6.907989025115967
4.600389003753662
4.237426280975342
4.742533206939697
3.788722276687622
2.6771106719970703
3.875774621963501
7.588454246520996
6.0617899894714355
2.8683981895446777
3.296400785446167
4.826406002044678
3.525280475616455
5.0834197998046875
5.291989803314209
4.185914516448975
4.089785575866699
3.6759846210479736
3.033571481704712
5.2076592445373535
3.645568609237671
3.530310869216919
3.7874512672424316
6.667565822601318
6.599551677703857
4.2714104652404785
3.9880988597869873
6.167874813079834
5.116009712219238
7.5811448097229
5.151109218597412
2.710101366043091
7.245725154876709
7.283608436584473
5.645351409912109
4.466701507568359
5.981282711029053
5.014159679412842
3.6256327629089355
4.969867706298828
3.535515785217285
3.2237067222595215
1.9545341730117798
5.134969234466553
5.728824615478516
4.2755584716796875
5.779963970184326
6.520828723907471
4.4205708503723145
3.7274580001831055
7.029080390930176
4.260842323303223
2.97733473777771
3.098231077194214
2.091947317123413
4.299642562866211
2.3854265213012695
2.3537776470184326
3.2547333240509033
2.6107709407806396
1.6573894023895264
2.362623453140259
2.780113458633423
2.306051731109619
2.3466973304748535
2.778458833694458
4.212578773498535
1.7640886306762695
2.4973561763763428
3.907064914703369
3.561793088912964
1.7861415147781372
2.758166790008545
2.1411945819854736
3.8998048305511475
3.5277841091156006
2.570101261138916
6.603830337524414
9.362455368041992
4.947874546051025
5.290162563323975
4.2989935874938965
3.436012029647827
2.970136880874634
5.125490188598633
3.4144763946533203
2.2339560985565186
1.8368120193481445
3.343258857727051
3.8437018394470215
3.015029191970825
2.1222662925720215
1.4273215532302856
2.0100150108337402
2.153477430343628
3.1993842124938965
1.909388542175293
3.6900689601898193
3.13210391998291
3.170130729675293
2.5868515968322754
5.921475410461426
4.348721027374268
1.6535367965698242
3.428210973739624
3.6249282360076904
2.9917445182800293
3.8212831020355225
4.4740095138549805
2.3373818397521973
5.7416768074035645
8.019685745239258
5.7267584800720215
2.5917820930480957
3.245436191558838
4.268958568572998
2.317999839782715
3.4324374198913574
2.9032585620880127
2.093442440032959
2.2816643714904785
2.668874740600586
3.3472518920898438
2.484797716140747
4.619241714477539
4.921706199645996
3.6758222579956055
4.191737174987793
3.351686954498291
2.9872922897338867
4.3880815505981445
2.4120090007781982
2.501469612121582
2.6769793033599854
1.915756344795227
2.5499825477600098
2.6324691772460938
3.184102773666382
2.549024820327759
3.197664737701416
3.1847848892211914
2.6837196350097656
4.738265514373779
4.238012313842773
3.9892055988311768
2.2648355960845947
4.263144016265869
2.0109734535217285
3.1889779567718506
2.2323153018951416
1.7400660514831543
1.7396385669708252
2.3354673385620117
2.1596367359161377
4.343202114105225
4.422668933868408
2.6472034454345703
2.966642141342163
3.2489936351776123
2.9230308532714844
5.592964172363281
4.3628129959106445
3.4048941135406494
2.390050172805786
4.946425437927246
4.840948104858398
3.0648536682128906
4.3406291007995605
5.168889999389648
3.958711862564087
2.5432300567626953
3.8451316356658936
5.740582466125488
4.742794036865234
2.641998291015625
4.98026704788208
6.975486755371094
4.692869663238525
2.4713592529296875
3.3507845401763916
6.168519973754883
5.50995397567749
4.409162998199463
4.08270263671875
4.595330238342285
3.323805093765259
3.0080106258392334
1.8706209659576416
2.701240062713623
2.900113105773926
2.330017566680908
4.356118202209473
2.201923131942749
2.1901628971099854
2.431654214859009
2.7377779483795166
2.2671914100646973
1.9812208414077759
3.72354793548584
3.636101245880127
2.401122808456421
1.6874226331710815
2.917022466659546
1.9489151239395142
2.4056499004364014
2.066140651702881
4.59868049621582
2.9357779026031494
2.979151487350464
1.8463304042816162
3.1210319995880127
3.2661426067352295
3.5522549152374268
1.8808108568191528
1.7689311504364014
2.1501431465148926
3.6452670097351074
2.0169126987457275
1.790453314781189
3.17484974861145
3.4298977851867676
2.4914021492004395
2.426900863647461
2.566222667694092
3.613208293914795
3.3600986003875732
2.2922160625457764
2.510390520095825
2.1273305416107178
3.0276596546173096
2.6934831142425537
1.7849208116531372
2.019603729248047
2.370323896408081
1.3138684034347534
4.326745986938477
3.019935369491577
2.751220226287842
1.9328268766403198
1.4182645082473755
3.1259608268737793
2.2987070083618164
3.4088850021362305
2.302428960800171
2.461886167526245
2.5025813579559326
3.0681934356689453
2.96701979637146
1.600276231765747
3.6862828731536865
4.0140767097473145
1.2228871583938599
2.530914306640625
2.129340171813965
2.531856060028076
4.5199809074401855
3.7353103160858154
3.201357364654541
2.7188730239868164
2.0537421703338623
3.0608253479003906
2.7616865634918213
3.0830748081207275
1.9352327585220337
3.1126739978790283
4.473182201385498
3.090496063232422
2.273852586746216
2.021092176437378
2.0803418159484863
3.076112747192383
2.1351075172424316
2.4277167320251465
2.265486478805542
2.646782875061035
1.90896475315094
1.044857144355774
1.5924201011657715
2.081681251525879
3.1364974975585938
1.6352266073226929
1.5091129541397095
1.8400739431381226
2.2571308612823486
3.7541391849517822
2.1518566608428955
5.383338451385498
3.053084135055542
2.6605780124664307
2.124856472015381
3.4446136951446533
1.9785035848617554
1.6503971815109253
2.7421536445617676
2.52557110786438
1.603680968284607
2.929182529449463
2.896350383758545
2.0980825424194336
2.6596860885620117
1.5092291831970215
2.440607786178589
2.189528465270996
2.6505961418151855
3.053835868835449
2.4093339443206787
2.5438482761383057
2.4459993839263916
2.2135303020477295
1.8966541290283203
2.294288396835327
2.540309190750122
1.821542501449585
2.0250086784362793
4.135461330413818
2.785158634185791
1.9266347885131836
2.3165950775146484
2.3922722339630127
3.0945239067077637
3.011883497238159
1.7852610349655151
2.144028663635254
3.055809497833252
2.4211409091949463
1.6713348627090454
1.4468170404434204
2.6604533195495605
2.1554880142211914
1.8669791221618652
2.103213310241699
1.259962797164917
1.9552462100982666
2.429321765899658
2.2591114044189453
1.1367548704147339
2.0340006351470947
2.3678905963897705
2.176393985748291
3.329286813735962
3.080155611038208
1.174458384513855
3.8450112342834473
2.250807523727417
2.595155715942383
1.3503413200378418
4.355308532714844
5.095605373382568
3.056513547897339
2.2204179763793945
1.7897552251815796
2.787804365158081
1.93491530418396
1.7189061641693115
2.4888787269592285
2.816321849822998
2.670185089111328
2.4785749912261963
4.7715935707092285
2.2354891300201416
1.3624730110168457
4.181277275085449
2.692960500717163
1.8273178339004517
2.629976511001587
2.9190711975097656
2.3853883743286133
2.6349728107452393
2.90849232673645
2.104461669921875
1.112364649772644
1.3179335594177246
3.7577545642852783
4.162605285644531
3.2371022701263428
1.5251102447509766
2.040998935699463
3.4491875171661377
1.4119840860366821
2.1455769538879395
2.4348337650299072
1.96627938747406
1.2547917366027832
3.2584831714630127
2.0997166633605957
2.1874334812164307
1.2114744186401367
2.309865951538086
2.096585273742676
1.7961351871490479
1.8091728687286377
1.814069151878357
2.666468381881714
1.9727790355682373
1.442830204963684
1.9239784479141235
2.869699239730835
2.7452759742736816
1.9347115755081177
2.1143746376037598
2.970726490020752
1.6547976732254028
1.2086386680603027
1.0784496068954468
2.696380376815796
1.523667573928833
1.1839468479156494
1.1729322671890259
1.4121195077896118
1.764902114868164
0.9720204472541809
2.044457197189331
3.4488320350646973
2.4995968341827393
1.6278843879699707
2.3470661640167236
5.696646690368652
3.243159532546997
2.5403072834014893
2.010666847229004
2.594651937484741
2.1458168029785156
2.069732904434204
2.4455158710479736
2.2086775302886963
2.215728998184204
1.7791883945465088
1.8899040222167969
1.7050399780273438
2.2899773120880127
2.0127501487731934
2.1568238735198975
2.402966022491455
2.617563009262085
1.6760849952697754
1.6985090970993042
2.1653335094451904
1.8002681732177734
1.9740725755691528
1.88224196434021
2.1560299396514893
1.6205228567123413
1.3067952394485474
3.0080819129943848
1.8345005512237549
1.5077422857284546
1.2372781038284302
1.8822879791259766
1.689940333366394
2.4757039546966553
2.8047261238098145
2.1577951908111572
2.965524196624756
1.1195814609527588
2.6369380950927734
2.3319270610809326
1.1922752857208252
1.625236988067627
2.3013696670532227
1.9438356161117554
2.1775779724121094
2.20137357711792
3.197779417037964
5.052578449249268
2.6253647804260254
1.4386012554168701
1.5983082056045532
1.7699955701828003
1.696770191192627
2.6210930347442627
1.6964298486709595
1.8095351457595825
2.786992311477661
2.3458499908447266
2.453829765319824
1.558034896850586
4.048076629638672
2.927056074142456
1.6449800729751587
2.0002031326293945
2.890139579772949
2.671313762664795
0.9458796977996826
2.6033105850219727
1.7026854753494263
1.5614906549453735
1.6445345878601074
3.7521979808807373
2.1683080196380615
1.953207015991211
1.1710255146026611
3.7968130111694336
3.1979286670684814
2.3232431411743164
2.6273982524871826
1.8963655233383179
1.976413369178772
2.28954815864563
1.1692126989364624
1.0105551481246948
2.0772132873535156
2.0939865112304688
1.4844536781311035
2.0502374172210693
1.283862829208374
1.7371629476547241
1.0505566596984863
1.6519047021865845
2.291292428970337
1.6519078016281128
1.3835493326187134
1.2369800806045532
1.5678658485412598
1.3605402708053589
1.9072725772857666
2.003312349319458
1.9815881252288818
1.6771270036697388
2.1567325592041016
1.269679307937622
1.9230843782424927
2.1755173206329346
3.004535436630249
1.706642746925354
2.0718088150024414
2.232184410095215
1.3547040224075317
2.267643451690674
1.5305960178375244
2.073714017868042
1.9634641408920288
1.4396631717681885
1.3158625364303589
1.9841115474700928
1.6423025131225586
2.418264865875244
2.256333827972412
1.323012113571167
1.7037419080734253
1.3936446905136108
3.104865789413452
1.3814893960952759
3.3072609901428223
2.243429660797119
1.1464481353759766
1.1136178970336914
1.4504287242889404
2.646134614944458
2.658585786819458
1.7172203063964844
1.720552921295166
1.6288563013076782
1.60389244556427
1.8575690984725952
1.9952064752578735
3.176565408706665
0.84461909532547
1.4682031869888306
2.2148611545562744
0.9103559851646423
1.822049856185913
1.2860475778579712
1.469778299331665
1.2281407117843628
2.0299243927001953
1.1898603439331055
1.3060098886489868
1.5357959270477295
1.1456046104431152
1.8300647735595703
1.4843217134475708
2.18148136138916
3.1611125469207764
2.4710922241210938
3.4394171237945557
1.3854689598083496
2.328327178955078
1.8951525688171387
4.302791118621826
3.8669321537017822
3.0598948001861572
2.7261874675750732
1.434807300567627
1.041742205619812
1.7721933126449585
0.9711190462112427
1.587142825126648
1.939738154411316
1.0530450344085693
1.1952488422393799
1.1484304666519165
1.602150321006775
1.1619231700897217
1.7038285732269287
1.4794865846633911
1.1761690378189087
1.1435294151306152
1.8077404499053955
2.3842387199401855
2.252117156982422
2.2490241527557373
2.620624542236328
1.6458736658096313
1.0563108921051025
1.0646921396255493
1.0437244176864624
0.784573495388031
1.3566429615020752
1.2019261121749878
1.4069538116455078
1.1451187133789062
1.3993722200393677
1.1779104471206665
1.0869603157043457
1.5282166004180908
2.7800800800323486
1.5746136903762817
2.6285552978515625
3.0683040618896484
2.4865646362304688
1.505040168762207
1.9005541801452637
2.759012222290039
1.0217069387435913
1.2940714359283447
1.6109596490859985
1.0054196119308472
1.1851519346237183
1.5098659992218018
