381.3022766113281
376.2310485839844
383.7679748535156
366.3074035644531
381.7635192871094
370.95367431640625
388.4444580078125
381.0058288574219
352.3857727050781
365.888671875
374.7040100097656
372.85205078125
372.56805419921875
366.9829406738281
368.10369873046875
383.65802001953125
377.0238952636719
367.02728271484375
375.66748046875
378.3966369628906
382.96990966796875
374.4400939941406
369.00592041015625
375.16363525390625
375.0428161621094
359.390869140625
371.050048828125
364.6037292480469
367.73779296875
374.3313903808594
370.5892333984375
366.3038330078125
360.65643310546875
356.5267028808594
351.4969482421875
380.7879638671875
366.56097412109375
358.3447265625
380.3307189941406
358.3628234863281
361.5639953613281
357.17962646484375
348.359130859375
361.28125
350.64849853515625
342.6017150878906
347.2661437988281
361.6014709472656
354.08935546875
354.19683837890625
350.5882873535156
347.12030029296875
354.6850280761719
340.6438293457031
353.65008544921875
338.9958190917969
351.99237060546875
344.9966125488281
344.2323913574219
351.6731872558594
355.5036926269531
347.59759521484375
353.72314453125
332.25390625
341.46917724609375
328.13446044921875
328.6283264160156
348.7462463378906
338.4419250488281
326.237060546875
346.0753479003906
330.5971984863281
329.256103515625
322.7061767578125
328.72808837890625
340.5370178222656
336.09002685546875
327.13604736328125
326.6227111816406
332.7071838378906
325.59796142578125
322.3363952636719
333.588623046875
332.8090515136719
323.45013427734375
326.8514709472656
320.96270751953125
324.8027648925781
312.001708984375
317.4012451171875
316.3555603027344
311.9786376953125
307.83673095703125
298.9729309082031
285.83905029296875
284.6326599121094
266.6849060058594
265.8797912597656
243.12245178222656
219.78009033203125
182.11825561523438
185.3811492919922
162.55441284179688
131.49427795410156
101.52842712402344
79.79080200195312
65.41966247558594
70.59156036376953
79.52960968017578
81.70667266845703
82.98945617675781
72.89573669433594
67.6653823852539
60.446292877197266
52.82176208496094
51.92201614379883
59.73836135864258
49.46432113647461
60.27633285522461
71.51860046386719
73.16824340820312
71.94263458251953
82.18083190917969
69.57933044433594
70.17900848388672
64.91459655761719
71.67066955566406
57.05965042114258
46.77994155883789
43.46561813354492
29.675220489501953
28.410545349121094
27.262554168701172
25.151309967041016
24.271942138671875
23.49721908569336
21.744592666625977
21.8405818939209
24.649356842041016
31.838863372802734
31.143802642822266
36.568546295166016
35.45738220214844
24.317890167236328
23.33156967163086
15.941970825195312
15.98969554901123
20.52919578552246
11.753623008728027
11.030634880065918
11.195610046386719
10.820338249206543
14.51605224609375
16.599287033081055
22.253746032714844
22.104337692260742
16.941553115844727
18.18585968017578
15.86882495880127
9.504372596740723
9.280088424682617
8.696361541748047
9.947524070739746
11.34326457977295
12.195115089416504
11.645392417907715
10.551241874694824
8.63189697265625
7.942264556884766
7.691227912902832
7.69444465637207
8.214303016662598
6.548996448516846
6.440021991729736
7.864774227142334
7.8871049880981445
7.140291213989258
6.744372844696045
6.738445281982422
5.602146148681641
8.488847732543945
6.286632537841797
7.853780746459961
15.526164054870605
14.154680252075195
5.126462459564209
4.378045558929443
4.271949291229248
4.225569725036621
11.297147750854492
5.407373428344727
3.4269638061523438
3.953927755355835
13.37314510345459
13.525065422058105
8.72650146484375
5.21119499206543
6.226448059082031
4.09843111038208
5.467400550842285
3.872278928756714
5.25222110748291
11.553705215454102
11.45169448852539
7.1399407386779785
4.02854061126709
8.588361740112305
10.354068756103516
9.065842628479004
7.750669002532959
3.7518818378448486
5.907294750213623
9.89341926574707
6.334033489227295
4.6214070320129395
3.40751314163208
3.7670135498046875
3.800849676132202
3.759075880050659
9.480079650878906
12.741628646850586
8.545920372009277
4.709262371063232
6.4675469398498535
3.620986223220825
10.879520416259766
4.092421054840088
4.565310478210449
3.932171106338501
5.330025672912598
3.370151996612549
5.841763973236084
2.771660804748535
6.353881359100342
3.7873029708862305
4.276144504547119
10.857712745666504
5.139247894287109
8.253211975097656
4.240342140197754
2.8017382621765137
2.0821046829223633
6.674161434173584
4.026485919952393
3.6636404991149902
5.153573989868164
5.81056547164917
4.195082664489746
2.711878776550293
4.869679927825928
4.17515230178833
3.61076283454895
5.378479480743408
6.054673671722412
6.624283313751221
4.0718889236450195
4.233546733856201
2.5461652278900146
2.6691105365753174
5.293864727020264
6.720864772796631
6.432674407958984
6.270669460296631
4.714887619018555
2.9137752056121826
3.736760139465332
4.952642917633057
2.9634149074554443
7.786525726318359
3.8050622940063477
3.2403957843780518
6.103745460510254
7.483989238739014
9.220436096191406
4.6443705558776855
8.502345085144043
18.00118637084961
15.375186920166016
18.843894958496094
8.18724536895752
8.217101097106934
9.8256254196167
13.03226375579834
5.610504150390625
2.8213438987731934
8.014461517333984
8.849013328552246
7.661051273345947
7.294257164001465
3.6107420921325684
4.6794586181640625
5.1560959815979
4.301485538482666
4.8773512840271
9.064470291137695
5.2682271003723145
2.340465784072876
6.7389235496521
6.570191860198975
4.934090614318848
2.5972402095794678
4.048404216766357
4.941781044006348
5.262345314025879
4.419113636016846
8.223600387573242
9.018312454223633
12.087646484375
4.550689220428467
4.671771049499512
11.567448616027832
6.752710819244385
5.841973781585693
7.5853271484375
8.921980857849121
10.197049140930176
2.126384735107422
6.236435890197754
4.170877933502197
3.834721088409424
2.6710026264190674
10.494674682617188
13.780745506286621
10.99356746673584
3.8639004230499268
5.313874244689941
10.917417526245117
3.1014177799224854
4.324474334716797
4.288054943084717
9.584332466125488
13.93284797668457
9.01123332977295
5.52960205078125
6.6560235023498535
3.656972646713257
7.635830879211426
10.178829193115234
3.8667426109313965
3.8546133041381836
6.9200921058654785
7.029480934143066
5.121582984924316
3.7101311683654785
3.3759095668792725
7.752374172210693
4.489332675933838
3.2480924129486084
7.746561050415039
6.365611553192139
8.021824836730957
6.895712852478027
5.377932071685791
4.293883800506592
2.4779224395751953
3.798346996307373
3.7757728099823
11.060723304748535
12.190635681152344
5.869300842285156
4.469195365905762
8.045903205871582
12.278709411621094
2.812840223312378
2.2825639247894287
6.156537055969238
5.6862568855285645
2.5063138008117676
4.792202472686768
10.049952507019043
4.275215148925781
2.364776372909546
7.721233367919922
10.054781913757324
11.153767585754395
6.038097858428955
3.5022802352905273
6.998997688293457
6.876407623291016
4.8673481941223145
8.478447914123535
2.9556124210357666
4.317424774169922
4.09203577041626
6.505552768707275
10.4255952835083
3.9445784091949463
4.540051460266113
7.395937919616699
6.959329128265381
3.0417540073394775
6.792313575744629
11.604828834533691
8.458006858825684
4.09632682800293
3.2123517990112305
11.808375358581543
16.958261489868164
13.67505168914795
9.603010177612305
3.605013132095337
8.312285423278809
17.17604637145996
13.922951698303223
13.29708194732666
5.500487804412842
6.889585494995117
9.069762229919434
13.905746459960938
13.153792381286621
6.789950370788574
7.913658142089844
6.900646686553955
6.530200481414795
5.2271952629089355
7.924135684967041
8.888676643371582
5.039297103881836
8.234630584716797
10.238910675048828
7.204762935638428
3.5941877365112305
4.880715370178223
3.77790904045105
5.156888484954834
3.145663261413574
4.893559455871582
2.837573766708374
5.316442966461182
3.8868308067321777
1.5100929737091064
3.8661160469055176
4.260514259338379
5.637623310089111
2.0383384227752686
5.0619330406188965
6.938281536102295
6.9146857261657715
2.814760684967041
9.034954071044922
5.264156341552734
2.6487205028533936
2.613690137863159
2.6166553497314453
7.047508716583252
2.9821057319641113
3.2418229579925537
2.7363545894622803
6.719048023223877
3.855241537094116
2.470432996749878
3.8153538703918457
5.703341484069824
3.3520612716674805
6.369340896606445
9.335693359375
4.115893363952637
2.913510799407959
2.0061891078948975
4.230640888214111
4.876987934112549
4.29887580871582
4.328798770904541
4.294704914093018
4.131937026977539
3.5211453437805176
8.966870307922363
11.974778175354004
5.927743434906006
3.4787485599517822
7.5112175941467285
7.875382900238037
7.105825901031494
3.175386667251587
7.917149543762207
3.6364552974700928
2.645214557647705
7.129084587097168
9.390854835510254
5.3688249588012695
3.6940019130706787
6.498597145080566
4.453395366668701
1.5747971534729004
1.8568224906921387
7.084709167480469
5.997268199920654
2.6559324264526367
7.267470836639404
8.075705528259277
5.271419048309326
5.142765522003174
7.248207092285156
9.917384147644043
2.5130507946014404
5.394391059875488
5.698824882507324
5.297907829284668
1.7053641080856323
5.684165954589844
2.1536171436309814
5.587259292602539
2.4663124084472656
2.781353712081909
1.8200963735580444
4.146568775177002
3.4363646507263184
5.618256092071533
6.583728790283203
6.319068431854248
3.7457656860351562
9.093113899230957
11.806900024414062
10.805961608886719
14.519460678100586
6.356851100921631
5.828292369842529
9.60066032409668
8.265579223632812
6.306674957275391
1.843828797340393
3.4691386222839355
5.47090482711792
3.1936585903167725
3.38002872467041
3.754500150680542
3.0851333141326904
6.994561195373535
5.127476215362549
2.5843875408172607
4.784534454345703
3.9707694053649902
3.871025562286377
4.896018028259277
6.132116794586182
2.4539570808410645
11.348587989807129
7.237358093261719
7.564072132110596
7.629883766174316
2.742429733276367
6.048462867736816
8.9863920211792
5.189526081085205
3.4506354331970215
3.9320003986358643
13.326988220214844
5.310437202453613
4.699219703674316
7.279088973999023
7.856427192687988
7.08292293548584
7.567091941833496
5.111822128295898
7.417654037475586
9.903841018676758
5.537725448608398
5.524705410003662
5.776097774505615
4.016624450683594
8.448955535888672
13.348899841308594
9.424888610839844
5.873806953430176
3.100034475326538
8.491997718811035
5.405704498291016
6.6358184814453125
8.078211784362793
4.064479351043701
7.668798923492432
6.256096363067627
5.318140029907227
4.533339023590088
6.853879451751709
2.7710940837860107
4.576019287109375
3.990556240081787
4.327207565307617
5.253619194030762
2.678075075149536
4.513919353485107
3.939246654510498
6.717708587646484
2.767493963241577
2.2264792919158936
2.4079020023345947
3.463712215423584
3.7031607627868652
2.6059014797210693
2.61017107963562
2.301619529724121
6.90043830871582
3.7999532222747803
2.552500009536743
2.346017360687256
4.4544243812561035
1.59862220287323
1.6283057928085327
1.7294774055480957
2.574690103530884
2.794975757598877
5.192652702331543
2.8354380130767822
2.143451690673828
2.4894065856933594
2.265016555786133
6.789748668670654
5.514012813568115
4.791247367858887
3.6340463161468506
3.5651166439056396
1.4696979522705078
1.2050940990447998
2.3189334869384766
7.2597126960754395
5.409376621246338
2.2829580307006836
2.7424519062042236
1.746047019958496
5.865303993225098
1.6065337657928467
1.2391557693481445
2.9322092533111572
1.9824916124343872
7.804978370666504
7.074963569641113
6.5416436195373535
2.7025418281555176
3.0963454246520996
11.681600570678711
3.4161946773529053
3.546382188796997
3.8953487873077393
2.215078115463257
1.6435670852661133
2.0630297660827637
3.171907663345337
1.581032633781433
1.72682785987854
5.1670756340026855
3.1628806591033936
2.9809722900390625
1.9554157257080078
2.210174083709717
3.826028347015381
2.6009573936462402
5.56022834777832
2.698941946029663
4.1453142166137695
2.028071880340576
6.638277530670166
6.278387069702148
5.022995948791504
2.0674493312835693
4.804535388946533
3.8811213970184326
2.45355486869812
1.9651602506637573
4.2183613777160645
3.3976900577545166
2.630753517150879
2.398437023162842
4.802712917327881
2.8053500652313232
2.4758529663085938
2.290452241897583
5.514307498931885
2.0208728313446045
4.284218788146973
1.9234563112258911
1.783442735671997
1.108078956604004
1.8970609903335571
1.8167966604232788
6.221631050109863
5.998183727264404
1.7323768138885498
1.428035855293274
7.182692050933838
3.9982244968414307
1.6807188987731934
1.8462928533554077
4.535801410675049
7.5532612800598145
3.4211232662200928
3.94598650932312
2.087916851043701
4.60863733291626
5.188625335693359
6.849721908569336
1.912877082824707
1.7848464250564575
3.112704277038574
4.301865100860596
1.7805461883544922
4.072980880737305
1.3629456758499146
5.942767143249512
4.422439098358154
1.266050100326538
2.365833282470703
6.0313591957092285
6.518325328826904
3.1328821182250977
4.707753658294678
2.493943929672241
2.340141773223877
1.398261308670044
3.0450735092163086
1.2178540229797363
1.311193585395813
2.8839287757873535
4.336316108703613
1.5529478788375854
6.714577674865723
4.723343372344971
2.09243106842041
2.5116164684295654
1.9131617546081543
4.728080749511719
5.424459457397461
7.092263698577881
6.859757423400879
4.165899276733398
3.9402151107788086
3.8364715576171875
2.392444610595703
2.4357705116271973
2.310054063796997
4.226357460021973
3.822266101837158
3.9065897464752197
3.5641541481018066
2.104551315307617
1.918464183807373
4.9641032218933105
1.547133207321167
2.565995931625366
1.5500075817108154
6.348438739776611
10.800528526306152
7.361794948577881
5.003640651702881
4.268421649932861
1.512854814529419
2.127061128616333
7.851611614227295
5.8055009841918945
5.149322986602783
1.9255380630493164
4.413116455078125
4.457853317260742
2.837423801422119
5.233869552612305
5.065550327301025
1.396690845489502
2.1215765476226807
1.1917750835418701
2.701399326324463
1.7400704622268677
3.265346050262451
3.165290355682373
1.2382124662399292
2.2482826709747314
4.416844367980957
2.052668809890747
5.407424449920654
1.759878158569336
3.0959010124206543
2.3222930431365967
3.460669994354248
4.965494632720947
2.2687747478485107
3.081857204437256
2.6499879360198975
3.2108235359191895
2.9520645141601562
7.013932228088379
5.833807945251465
7.523654937744141
2.8521780967712402
3.778028726577759
1.9140628576278687
6.931832313537598
7.472979545593262
4.436585903167725
7.0348663330078125
3.962491273880005
2.6708171367645264
2.2786240577697754
4.9320549964904785
3.978867292404175
8.854286193847656
4.871641159057617
3.214128255844116
4.672667503356934
2.3146116733551025
1.3444806337356567
3.449587821960449
2.699540376663208
2.0858583450317383
2.4575095176696777
2.8672285079956055
1.2682640552520752
2.656013250350952
1.6139870882034302
5.007314682006836
2.4733779430389404
2.0475642681121826
2.716461420059204
3.4670794010162354
2.3804759979248047
4.304056644439697
2.012779951095581
1.2545772790908813
2.384044647216797
2.328277587890625
4.215954303741455
3.0482070446014404
1.6776257753372192
1.8819212913513184
3.208124876022339
1.3009002208709717
1.8988127708435059
5.008176803588867
2.2578284740448
1.7629905939102173
4.000789165496826
3.0593855381011963
2.156423330307007
1.434312343597412
3.6105995178222656
6.25307559967041
1.683358073234558
1.2165263891220093
5.790426254272461
3.1573541164398193
1.3923873901367188
3.6585371494293213
1.8687198162078857
1.1214255094528198
1.2875701189041138
2.279036045074463
1.5182030200958252
4.392080307006836
6.78104305267334
2.9772603511810303
4.8177995681762695
1.5077847242355347
3.537109375
2.1788322925567627
2.911674737930298
1.0936863422393799
2.1784889698028564
2.2724075317382812
1.3819859027862549
2.394394874572754
1.8010327816009521
3.2823824882507324
4.046319961547852
1.0906033515930176
3.635270357131958
3.947843074798584
2.371405839920044
2.2132346630096436
1.9056217670440674
3.0369279384613037
1.195995569229126
5.593387126922607
4.118284702301025
1.5880335569381714
1.3389097452163696
3.9291539192199707
1.7115211486816406
2.682309865951538
3.8021254539489746
1.5597925186157227
1.6724656820297241
5.44977331161499
1.293141484260559
2.0908942222595215
4.463540554046631
3.3618199825286865
2.737734317779541
4.411693096160889
3.2737576961517334
1.4523447751998901
2.5242185592651367
1.7697961330413818
3.2619524002075195
1.9031202793121338
2.4197044372558594
1.3881791830062866
2.669605016708374
1.3213374614715576
4.872891426086426
1.7963355779647827
3.9874253273010254
7.735641956329346
1.9878251552581787
1.9155261516571045
2.175886392593384
1.2695082426071167
2.149808168411255
2.1883833408355713
1.6359294652938843
3.956918478012085
2.186492919921875
1.7073750495910645
1.513706088066101
1.8576487302780151
2.2819325923919678
1.8812873363494873
3.092500925064087
6.4201788902282715
4.514901638031006
1.4442024230957031
1.6214518547058105
1.137534260749817
1.7295386791229248
2.6825218200683594
5.025586128234863
2.7646324634552
3.909939765930176
1.105482578277588
1.6073166131973267
1.3102428913116455
1.1741725206375122
5.1619110107421875
