16422.404296875
20443.365234375
21913.7734375
18460.130859375
15194.140625
12999.013671875
10323.01953125
10187.8857421875
12087.12109375
13233.216796875
11812.7587890625
9039.7724609375
4492.0986328125
3533.048828125
8089.46484375
10146.90234375
10929.8955078125
9069.611328125
5669.17236328125
5292.96240234375
6704.6845703125
6068.203125
3967.82080078125
1306.2498779296875
3126.700439453125
5081.32470703125
4845.47216796875
3575.394287109375
3377.6015625
2919.375
2775.385009765625
2018.270751953125
1819.274658203125
2519.26318359375
3047.5517578125
2190.54931640625
1415.9683837890625
1315.6217041015625
1540.1973876953125
1477.746826171875
1289.63134765625
1077.3128662109375
1132.78369140625
826.1460571289062
1061.4913330078125
870.1310424804688
877.2667846679688
818.065673828125
982.963623046875
668.340576171875
1348.6619873046875
1187.4095458984375
1281.066162109375
837.5067138671875
838.75244140625
681.0204467773438
1035.769775390625
903.86376953125
713.5235595703125
785.90673828125
866.5767211914062
707.8868408203125
732.3917236328125
697.44873046875
827.0634155273438
1327.075439453125
621.464111328125
933.9468383789062
662.450439453125
682.6370849609375
683.4585571289062
557.216552734375
523.4534301757812
423.932861328125
635.3696899414062
914.89697265625
1055.1273193359375
728.9535522460938
535.5692749023438
354.405029296875
585.3230590820312
534.510498046875
493.0536804199219
335.36578369140625
1320.810791015625
969.5571899414062
620.8194580078125
268.99957275390625
1212.65576171875
755.371826171875
494.8465576171875
565.717529296875
801.0760498046875
461.56048583984375
551.5535278320312
1034.354248046875
702.8051147460938
381.39892578125
267.1404724121094
1250.927490234375
622.83447265625
723.0264282226562
792.9583129882812
341.745849609375
560.89599609375
780.9851684570312
738.1017456054688
385.130126953125
182.12576293945312
280.0652160644531
678.5401611328125
1343.803955078125
418.9517517089844
507.8263854980469
128.30238342285156
363.2454833984375
355.5032043457031
405.10479736328125
166.65223693847656
1527.4171142578125
