131.31356811523438
191.2129364013672
196.060302734375
157.42977905273438
117.86148071289062
85.30960083007812
58.48942184448242
60.2183723449707
74.27405548095703
82.0942611694336
72.6922378540039
47.71827697753906
20.289268493652344
20.75074577331543
38.057106018066406
53.052608489990234
64.56460571289062
51.5142936706543
27.273103713989258
30.92224884033203
31.491552352905273
29.72600746154785
19.473421096801758
20.565858840942383
23.063655853271484
22.777908325195312
22.908679962158203
20.66053581237793
19.016878128051758
25.240741729736328
20.732988357543945
12.776896476745605
18.65457534790039
20.406028747558594
16.89665412902832
17.10578727722168
14.335540771484375
23.366689682006836
16.65534019470215
14.33952522277832
14.56492805480957
15.772038459777832
17.557235717773438
15.384045600891113
17.51144790649414
19.219593048095703
14.566862106323242
13.51771068572998
11.54409408569336
19.274980545043945
9.425932884216309
11.39505672454834
17.169775009155273
17.338449478149414
17.38161849975586
13.794045448303223
23.04501724243164
9.49599552154541
16.626893997192383
7.667658805847168
19.2819766998291
20.136465072631836
14.184679985046387
15.662186622619629
14.989768028259277
15.323466300964355
21.875463485717773
15.49133014678955
15.540334701538086
14.905496597290039
12.926495552062988
14.784873008728027
13.877384185791016
10.311633110046387
18.46784019470215
15.559968948364258
13.209786415100098
16.3786563873291
15.695162773132324
14.906866073608398
16.568483352661133
22.13103675842285
13.064988136291504
16.187612533569336
18.326904296875
16.143348693847656
15.738853454589844
14.754829406738281
17.989458084106445
12.573067665100098
15.504522323608398
11.324686050415039
9.26632308959961
12.737103462219238
19.156320571899414
14.557849884033203
13.692294120788574
17.200376510620117
13.015087127685547
17.617202758789062
15.321417808532715
14.287897109985352
10.34809684753418
15.18856430053711
13.560184478759766
9.99023151397705
15.205334663391113
10.922480583190918
12.488265991210938
10.409281730651855
15.029000282287598
17.95985984802246
10.01172161102295
18.04462432861328
14.869734764099121
14.996589660644531
10.74674129486084
14.292301177978516
11.094335556030273
28.37004280090332
