109.45259094238281
121.41368103027344
125.98291778564453
140.2286376953125
142.48167419433594
115.65355682373047
115.81805419921875
139.4972686767578
117.06349182128906
143.32069396972656
120.51685333251953
125.06031799316406
139.1392822265625
126.51834106445312
139.3560791015625
152.6138458251953
116.23999786376953
132.65013122558594
129.48272705078125
119.94469451904297
148.982666015625
146.27146911621094
145.92510986328125
148.4951934814453
144.24871826171875
143.14471435546875
142.43795776367188
128.12559509277344
124.43138885498047
119.20980072021484
112.5688705444336
152.1917266845703
140.43617248535156
144.6455078125
111.26625061035156
134.8610382080078
143.6020965576172
119.21829223632812
131.48451232910156
116.21865844726562
136.0056610107422
130.88845825195312
129.97572326660156
129.32960510253906
132.77899169921875
116.14112854003906
128.21328735351562
142.865478515625
124.91085052490234
95.81079864501953
100.50984954833984
131.7532196044922
138.57962036132812
123.92572784423828
125.21279907226562
131.2169189453125
121.92655944824219
108.69519805908203
126.7649154663086
122.5240478515625
127.49143981933594
115.37283325195312
133.6940155029297
118.46501159667969
125.6065902709961
96.3285903930664
101.9793701171875
113.10326385498047
123.80101776123047
95.77667236328125
112.0797119140625
95.30342864990234
74.7008285522461
93.22943878173828
107.8513412475586
82.42898559570312
94.39212036132812
95.33602142333984
99.46791076660156
68.51875305175781
80.27510833740234
81.35006713867188
93.48981475830078
77.29729461669922
70.14645385742188
64.88182830810547
62.19851303100586
57.5334358215332
62.765953063964844
62.989768981933594
58.50471878051758
56.87294387817383
59.00179672241211
47.07740783691406
48.08906173706055
46.01359558105469
43.540218353271484
40.551761627197266
34.94957733154297
39.237945556640625
37.13733673095703
34.41012191772461
37.142940521240234
34.060367584228516
32.17113494873047
29.932247161865234
32.765235900878906
32.13763427734375
28.2730655670166
28.759613037109375
27.677440643310547
26.621437072753906
26.440670013427734
24.251935958862305
28.78506088256836
21.79804039001465
21.047780990600586
20.486591339111328
18.727819442749023
16.46793556213379
17.06681251525879
16.076295852661133
14.403197288513184
15.078425407409668
13.568431854248047
11.127510070800781
12.490697860717773
11.928216934204102
9.9014892578125
9.832698822021484
8.624061584472656
8.906258583068848
7.373867988586426
7.031208515167236
6.536122798919678
5.425811767578125
4.653273105621338
4.895114421844482
4.718437671661377
4.443868160247803
4.188865661621094
3.879197359085083
3.933241367340088
3.8496451377868652
3.8377130031585693
3.6896908283233643
3.4195406436920166
3.7576136589050293
3.2447421550750732
3.3553757667541504
3.4261088371276855
3.2609267234802246
3.3611207008361816
3.1425435543060303
3.4246652126312256
3.1962571144104004
3.2577590942382812
2.8105506896972656
3.1251392364501953
2.9827091693878174
2.8492355346679688
3.219181776046753
2.669781446456909
2.733104705810547
2.8526957035064697
2.791842222213745
2.7746477127075195
2.8707306385040283
2.752129554748535
3.001680374145508
2.8443214893341064
2.734395980834961
2.6656391620635986
2.79132080078125
2.6095125675201416
2.2871851921081543
2.428072690963745
2.2944705486297607
2.566739797592163
2.770158529281616
2.5502140522003174
2.5973105430603027
2.4638044834136963
2.3773536682128906
2.304095983505249
2.1489036083221436
2.099138021469116
2.384816884994507
2.4571356773376465
2.3037166595458984
1.8457045555114746
2.297584056854248
2.1486124992370605
2.529247283935547
2.507863759994507
2.331711769104004
2.4338865280151367
2.3455936908721924
2.38922381401062
2.263766288757324
1.9726691246032715
2.258145570755005
2.329564332962036
2.2894468307495117
2.297821044921875
2.4202823638916016
1.9325945377349854
2.243051767349243
2.082369565963745
2.1307170391082764
2.176696538925171
2.1742002964019775
2.3210017681121826
2.375582456588745
2.0553324222564697
2.1583590507507324
1.9282408952713013
2.192286252975464
2.3397109508514404
1.931593418121338
2.272963523864746
2.111931324005127
2.1362414360046387
2.215977668762207
2.017576217651367
1.8613883256912231
2.0550761222839355
2.0482139587402344
1.9550594091415405
2.1285390853881836
2.166036367416382
1.91721510887146
1.9887911081314087
2.205465078353882
2.006808280944824
1.975925087928772
2.0985682010650635
2.0406746864318848
2.035449504852295
2.0444979667663574
2.1182031631469727
2.822723627090454
1.9488061666488647
2.1667227745056152
1.721320629119873
2.0325889587402344
1.9706963300704956
2.074326276779175
2.0127549171447754
1.9646916389465332
1.837868332862854
1.8320835828781128
1.9852582216262817
1.8215346336364746
2.0838375091552734
1.8864598274230957
1.9683171510696411
2.012007713317871
2.0061264038085938
1.6174365282058716
1.813912272453308
2.002155303955078
1.8562629222869873
2.0506629943847656
1.7772787809371948
1.9634816646575928
1.6949262619018555
1.8895149230957031
1.896889328956604
2.102799892425537
1.6920242309570312
1.929132342338562
1.9143331050872803
1.9188952445983887
1.9312313795089722
2.0310890674591064
1.7509081363677979
1.8997355699539185
1.9497663974761963
1.9052186012268066
1.7418532371520996
1.8190937042236328
1.690568208694458
1.750442624092102
1.7640422582626343
2.035205841064453
1.7681227922439575
1.8715256452560425
1.5654984712600708
1.7266124486923218
1.8707228899002075
1.8973464965820312
1.6819955110549927
1.852095603942871
1.5594637393951416
1.8186495304107666
1.8330883979797363
1.7822555303573608
1.7353301048278809
1.7085003852844238
1.8008036613464355
1.9002717733383179
1.52170729637146
1.802420735359192
2.0428473949432373
1.7826356887817383
2.0158705711364746
1.8679301738739014
1.7652887105941772
1.5130610466003418
1.6599822044372559
1.6071854829788208
1.7071115970611572
1.7883505821228027
1.825801134109497
1.5877513885498047
1.9689648151397705
1.815564751625061
1.764035701751709
1.6163864135742188
1.508036494255066
1.7029515504837036
1.708172082901001
1.7924063205718994
1.6948291063308716
1.695589542388916
1.8283286094665527
1.821277379989624
1.7503591775894165
1.7492495775222778
1.7786074876785278
1.753565788269043
1.4085153341293335
1.6006447076797485
1.6798694133758545
1.5400056838989258
1.544615626335144
1.8105324506759644
1.6749470233917236
1.625330924987793
1.7141122817993164
1.6393823623657227
1.7706377506256104
1.580532431602478
1.7196366786956787
1.7815606594085693
1.995695948600769
1.7009296417236328
1.4477053880691528
1.7067722082138062
1.7561160326004028
1.830319881439209
1.7505110502243042
1.8099794387817383
1.7739769220352173
1.7340962886810303
1.640358567237854
1.6045526266098022
1.5778058767318726
1.4303444623947144
1.7761502265930176
1.4909279346466064
1.537001371383667
1.7126829624176025
1.7530680894851685
1.5566562414169312
1.5840517282485962
1.70661199092865
1.706673264503479
1.6770451068878174
1.6711986064910889
1.491854190826416
1.5566105842590332
1.5958480834960938
1.6300604343414307
1.7023284435272217
1.6014028787612915
1.5339066982269287
1.4221837520599365
1.6632716655731201
1.6406569480895996
1.5839712619781494
1.5220962762832642
1.654674768447876
1.543225884437561
1.5043280124664307
1.5814679861068726
1.6422356367111206
1.7305552959442139
1.7740498781204224
1.6524921655654907
1.5966767072677612
1.37506902217865
1.2961896657943726
1.7260154485702515
1.501401424407959
1.6411892175674438
1.4959933757781982
1.5366891622543335
1.6978058815002441
1.6526923179626465
1.5881706476211548
1.5313265323638916
1.6597975492477417
1.5257457494735718
1.4239903688430786
1.4933446645736694
1.2038235664367676
1.6313552856445312
1.6513265371322632
1.6344983577728271
1.382524847984314
1.4392445087432861
1.6153780221939087
1.5558098554611206
1.6199734210968018
1.485404133796692
1.610512375831604
1.593255877494812
1.656615972518921
1.4444410800933838
1.4576137065887451
1.3905842304229736
1.3476141691207886
1.4959893226623535
1.5528029203414917
1.665087103843689
1.7108204364776611
1.5541584491729736
1.5364233255386353
1.4746474027633667
1.464695930480957
1.6100441217422485
1.4545646905899048
1.531248688697815
1.4466948509216309
1.5474928617477417
1.5683984756469727
1.5641154050827026
1.5786654949188232
1.454256534576416
1.421911597251892
1.5616428852081299
1.5717837810516357
1.4033713340759277
1.535644292831421
1.5575246810913086
1.537219524383545
1.5739635229110718
1.6029224395751953
1.4235590696334839
1.5570317506790161
1.5282533168792725
1.5214111804962158
1.4247421026229858
1.4932498931884766
1.426825761795044
1.4653656482696533
1.2914139032363892
1.3779529333114624
1.5585085153579712
1.335934042930603
1.5527172088623047
1.5049903392791748
1.3750873804092407
1.35146963596344
1.485601544380188
1.5532714128494263
1.3934500217437744
1.576651930809021
1.3763724565505981
1.516778588294983
1.404158353805542
1.4102004766464233
1.5243276357650757
1.232823371887207
1.5450682640075684
1.42802894115448
1.312916874885559
1.3914058208465576
1.4138648509979248
1.462050437927246
1.3731199502944946
1.508554220199585
1.5538842678070068
1.417392611503601
1.4766710996627808
1.5150959491729736
1.500900149345398
1.4850287437438965
1.3730835914611816
1.5070264339447021
1.405580759048462
1.2051336765289307
1.2632195949554443
1.4317634105682373
1.4508817195892334
1.506591796875
1.4816020727157593
1.2403771877288818
1.383481740951538
1.4540401697158813
1.4861648082733154
1.3926266431808472
1.391178011894226
1.2136666774749756
1.3928368091583252
1.671406865119934
1.4740614891052246
1.3275463581085205
1.4503570795059204
1.313988208770752
1.3466887474060059
1.418336272239685
1.4517874717712402
1.3768248558044434
1.2204625606536865
1.1691166162490845
1.1774712800979614
1.4395571947097778
1.2959458827972412
1.2915922403335571
1.4920430183410645
1.0171911716461182
1.3831229209899902
1.3024299144744873
1.3217494487762451
1.4315520524978638
1.316377878189087
1.1846052408218384
1.2851170301437378
1.269995927810669
1.1921111345291138
1.3876259326934814
1.1962381601333618
1.342937707901001
1.3342514038085938
1.4478715658187866
1.4628139734268188
1.3128883838653564
1.263965368270874
1.2794890403747559
1.2935676574707031
1.4346662759780884
1.4865779876708984
1.3386818170547485
1.429648756980896
1.4263182878494263
1.4365113973617554
1.3014470338821411
1.396228551864624
1.2955622673034668
1.4102510213851929
1.2003297805786133
1.3461651802062988
1.096070408821106
1.0048719644546509
1.4086049795150757
1.4072297811508179
1.434403896331787
1.0933654308319092
1.4805916547775269
1.2911808490753174
1.3417166471481323
1.123343825340271
1.1869175434112549
1.1376738548278809
1.1517090797424316
1.4164165258407593
1.3594251871109009
1.3634262084960938
1.3728537559509277
1.2409286499023438
1.3818728923797607
1.3343483209609985
1.2426207065582275
1.2378212213516235
1.3510174751281738
1.3538799285888672
1.3532202243804932
1.2912087440490723
1.3047465085983276
1.2287732362747192
1.3704575300216675
1.407702922821045
1.3927416801452637
1.3236315250396729
1.3405052423477173
1.240307331085205
1.21803879737854
1.2235636711120605
1.2510558366775513
1.346589207649231
1.2842190265655518
1.34724760055542
1.280622959136963
1.1446759700775146
1.327077031135559
1.343808889389038
0.9748885631561279
1.2574801445007324
1.3661589622497559
1.1797690391540527
1.2229138612747192
1.2931756973266602
1.2219139337539673
1.1328297853469849
1.201582670211792
1.0869983434677124
1.3322306871414185
1.2922158241271973
1.0930277109146118
1.2192152738571167
1.2303466796875
1.3218120336532593
1.315993309020996
1.2709476947784424
1.368956446647644
1.2346832752227783
1.3476670980453491
1.367552638053894
1.2861449718475342
1.3032443523406982
1.338541865348816
1.1536662578582764
1.183708667755127
1.3621635437011719
1.3699910640716553
1.2264047861099243
1.2739472389221191
1.351690649986267
1.3362873792648315
1.266282081604004
1.3231618404388428
1.1668901443481445
1.3116811513900757
1.2173219919204712
1.2400989532470703
1.193232536315918
1.3641334772109985
1.2871702909469604
1.1889734268188477
1.2508893013000488
1.0628010034561157
1.1718902587890625
1.2461106777191162
1.229965329170227
1.2306365966796875
1.0930829048156738
0.8455005884170532
1.3245913982391357
1.2986350059509277
1.3183351755142212
1.2165279388427734
1.2422505617141724
1.20834219455719
1.0764501094818115
1.243106484413147
1.2419464588165283
1.3132833242416382
1.2944151163101196
1.1227116584777832
1.312584400177002
1.081252932548523
1.294098138809204
1.3043086528778076
1.0790772438049316
1.3319474458694458
1.3311660289764404
1.2307989597320557
1.339825987815857
1.3140573501586914
1.2759116888046265
1.0145705938339233
1.2826595306396484
1.3257627487182617
1.2603908777236938
1.1483545303344727
1.2621523141860962
1.275715708732605
1.2332510948181152
1.2799293994903564
1.2812774181365967
1.3189976215362549
1.3062257766723633
1.302319049835205
1.3515596389770508
1.12465238571167
1.0173524618148804
1.265655517578125
1.2976998090744019
1.1933753490447998
1.1947829723358154
1.3000081777572632
1.2780816555023193
1.2882728576660156
1.2639490365982056
1.2533419132232666
1.2106305360794067
1.2578661441802979
1.2647228240966797
1.2616530656814575
1.2594314813613892
1.2845896482467651
1.013537883758545
1.1745396852493286
1.1228965520858765
1.2580349445343018
1.1410053968429565
0.9702323079109192
1.1570994853973389
1.1976330280303955
1.278153896331787
1.2348341941833496
1.2573597431182861
1.224615216255188
1.0081193447113037
1.2772371768951416
1.0396828651428223
1.2016091346740723
1.2781250476837158
1.2141555547714233
1.1964348554611206
1.2578949928283691
1.2460074424743652
1.1259795427322388
1.1484534740447998
1.1603561639785767
1.1336134672164917
1.099716067314148
1.2567366361618042
1.250687837600708
1.251680850982666
1.1833373308181763
1.2448444366455078
1.2364490032196045
1.240351915359497
1.2611383199691772
1.208115577697754
1.176822543144226
1.1820403337478638
1.1605392694473267
1.237842082977295
1.028272271156311
1.2622820138931274
1.2499607801437378
1.1077992916107178
1.2522956132888794
1.15238618850708
1.2551428079605103
1.1958553791046143
1.147051215171814
1.1754041910171509
1.2324048280715942
1.0905786752700806
1.244095802307129
1.2239142656326294
1.0846340656280518
1.0768319368362427
1.2263227701187134
1.1694860458374023
1.2313241958618164
1.150170087814331
1.1920959949493408
1.1313068866729736
1.2256733179092407
1.23540198802948
1.2656453847885132
1.157364010810852
1.253081202507019
1.1154706478118896
1.008676290512085
1.1829253435134888
1.1837241649627686
1.2232797145843506
1.170896291732788
1.2383801937103271
1.2009176015853882
1.2407680749893188
1.2240095138549805
1.068979024887085
1.0778398513793945
1.2367230653762817
1.238378643989563
1.0900616645812988
1.2339533567428589
1.1351170539855957
1.2381287813186646
1.1590088605880737
1.209599256515503
1.2008448839187622
1.1537349224090576
1.2419769763946533
1.2162506580352783
1.181812047958374
1.2169920206069946
1.1966086626052856
1.2420752048492432
1.162850022315979
1.1485871076583862
1.0828238725662231
1.092608094215393
1.1417242288589478
1.1185561418533325
1.1830337047576904
1.243452548980713
1.1976609230041504
1.0144493579864502
1.2207621335983276
1.2037580013275146
1.1094532012939453
1.1724046468734741
1.1023569107055664
1.0967776775360107
1.1364200115203857
1.0647034645080566
1.0851441621780396
1.1707940101623535
1.2565276622772217
1.1253409385681152
1.0724860429763794
1.1690483093261719
1.1584699153900146
0.8363454341888428
1.2639739513397217
1.0665949583053589
1.1086292266845703
1.198625922203064
1.2408941984176636
1.0576696395874023
1.1612660884857178
1.0769426822662354
1.2187384366989136
1.1449629068374634
1.0844807624816895
1.2029097080230713
1.069763422012329
1.0799089670181274
1.2008014917373657
1.189656138420105
1.1703187227249146
1.0595057010650635
1.187220573425293
1.2112840414047241
1.1068835258483887
1.1409575939178467
0.9900082945823669
1.172262191772461
1.1590322256088257
1.0884407758712769
1.21139657497406
1.2031774520874023
1.182616949081421
1.1936646699905396
1.1211501359939575
1.0871968269348145
1.2053723335266113
1.0426461696624756
1.0895826816558838
1.0649932622909546
1.1893020868301392
1.0493215322494507
1.1551307439804077
1.1744306087493896
1.073646903038025
1.0424429178237915
1.202589988708496
1.1906880140304565
0.9263582825660706
1.0760958194732666
1.143958330154419
1.06771719455719
1.1885913610458374
1.0875126123428345
1.1850019693374634
1.197288990020752
1.215232253074646
1.181281566619873
1.184713363647461
1.1505064964294434
0.9376136064529419
0.955808162689209
1.1991844177246094
1.1501517295837402
1.1596484184265137
1.0863715410232544
1.1856260299682617
1.0289108753204346
1.145600438117981
1.0278136730194092
1.1691511869430542
1.1838388442993164
1.0679454803466797
1.0591930150985718
1.1570996046066284
1.1760634183883667
1.083695650100708
1.1953421831130981
1.2373511791229248
1.1911303997039795
1.172572374343872
1.1177692413330078
1.0802927017211914
1.02767014503479
1.0966726541519165
0.9661075472831726
1.1813747882843018
1.0579200983047485
1.1581149101257324
1.1745948791503906
1.1642283201217651
1.181117296218872
1.1680415868759155
1.0633950233459473
1.0807209014892578
1.1532888412475586
1.1171340942382812
1.1692379713058472
1.0406272411346436
0.9223601818084717
1.1388765573501587
1.1357421875
0.9932480454444885
1.1878958940505981
1.067408561706543
1.16233491897583
1.1593469381332397
1.0430457592010498
1.0223467350006104
0.9852263331413269
1.186851978302002
0.956443727016449
1.0579662322998047
0.9975778460502625
1.1329090595245361
1.2008024454116821
1.03335702419281
1.1823272705078125
1.1524921655654907
1.157759189605713
1.1494051218032837
0.9355481863021851
1.1234906911849976
1.0615538358688354
1.1421903371810913
1.1667946577072144
1.0724509954452515
1.155989408493042
1.038357138633728
1.1676777601242065
1.0037997961044312
0.9538680911064148
1.1427861452102661
0.9866359829902649
1.100446343421936
1.1533745527267456
1.1390314102172852
1.0046048164367676
1.0282483100891113
1.085837721824646
1.1751506328582764
1.1075804233551025
1.1649190187454224
1.144492506980896
1.127293586730957
1.0438408851623535
1.141899824142456
1.0590455532073975
1.1430000066757202
1.0358351469039917
1.1375534534454346
1.1711658239364624
1.0583070516586304
1.1668130159378052
1.145748496055603
1.1624521017074585
0.7325515151023865
1.0996564626693726
0.9138253331184387
1.046885371208191
0.9575730562210083
1.0140661001205444
1.1186381578445435
1.0723955631256104
1.1454330682754517
0.9025220274925232
1.1274333000183105
1.1430140733718872
0.9926493763923645
1.0600552558898926
1.1469628810882568
1.0160130262374878
0.9915256500244141
1.059692144393921
1.0615859031677246
1.0669337511062622
1.0729835033416748
1.1585086584091187
1.0795519351959229
1.1367708444595337
1.1741721630096436
1.172814130783081
1.0991973876953125
0.9370576739311218
1.0230143070220947
1.1318451166152954
1.0687438249588013
1.0376800298690796
1.1375094652175903
1.073864221572876
1.0526403188705444
1.126468539237976
1.088246464729309
1.1072556972503662
1.0511685609817505
0.9639812707901001
1.1359314918518066
1.0496162176132202
1.0308493375778198
1.0614627599716187
1.0551352500915527
1.1069159507751465
0.9911282658576965
1.1721553802490234
0.8960046768188477
1.0423685312271118
1.1366064548492432
1.109550952911377
1.0703586339950562
1.0422852039337158
1.0819134712219238
1.0703624486923218
1.1493079662322998
1.0425364971160889
1.038987159729004
1.0913606882095337
1.1489094495773315
1.1551744937896729
0.9630298018455505
1.1530908346176147
1.1135220527648926
1.0100698471069336
1.1202846765518188
1.1522021293640137
1.1030769348144531
0.9458528161048889
1.103452444076538
1.1177310943603516
1.1327046155929565
1.1214594841003418
1.0659687519073486
1.1508944034576416
1.0809752941131592
1.1407922506332397
1.1452875137329102
1.0503939390182495
1.1412283182144165
1.0714569091796875
0.8938019275665283
1.0210485458374023
1.0860730409622192
0.9938777685165405
1.011434555053711
1.139034628868103
1.11668860912323
1.1206300258636475
1.130017876625061
1.1216398477554321
0.9146772623062134
1.0575921535491943
0.9671642184257507
1.133053183555603
1.1329054832458496
1.0858031511306763
1.0283938646316528
1.0085290670394897
1.1756343841552734
0.8682951927185059
1.0853921175003052
0.9412299990653992
0.816133439540863
1.0208070278167725
0.8968114852905273
1.0824779272079468
0.8613007068634033
0.9074357151985168
0.900780200958252
1.1604276895523071
1.128685712814331
0.8529720306396484
1.1434848308563232
1.1230560541152954
0.9521641135215759
1.0508886575698853
0.9641481637954712
1.1089259386062622
1.1234174966812134
1.1186413764953613
1.069693922996521
1.094126582145691
0.9339401721954346
1.1164963245391846
1.0167405605316162
1.0164966583251953
1.0042105913162231
0.808388888835907
1.009708046913147
1.058638334274292
1.0689419507980347
0.8294284343719482
1.0822882652282715
1.147815227508545
1.1922260522842407
1.0494990348815918
1.117300033569336
0.9730032682418823
1.0271550416946411
0.9649807810783386
1.0952839851379395
1.0207970142364502
1.033616065979004
1.1122186183929443
0.9942321181297302
1.1028945446014404
1.0024007558822632
0.9926918148994446
1.0506172180175781
1.0055501461029053
1.0404326915740967
1.038521409034729
1.114791750907898
1.0977152585983276
1.1249817609786987
0.8332404494285583
1.0094616413116455
1.0482279062271118
1.0971698760986328
1.0454717874526978
1.1140297651290894
1.0630825757980347
1.015232801437378
1.0246679782867432
1.11098313331604
1.1316590309143066
0.8978303074836731
1.1156964302062988
1.148287057876587
1.081745982170105
1.103057622909546
1.0860927104949951
1.0916804075241089
1.0130399465560913
1.0729739665985107
1.1212953329086304
1.0525741577148438
1.1132184267044067
1.1167619228363037
1.1314926147460938
1.0174864530563354
0.8287332057952881
1.005935549736023
1.1352108716964722
1.0355273485183716
0.9791417121887207
0.7998502850532532
0.9864454865455627
0.9778202772140503
1.1121532917022705
0.889644980430603
1.103827953338623
0.8831092119216919
1.103657841682434
0.943008303642273
1.1282316446304321
1.0942755937576294
1.0188888311386108
