0.2860517203807831
0.27645352482795715
0.26441895961761475
0.2682541310787201
0.26122623682022095
0.2693151831626892
0.276181161403656
0.2869713008403778
0.2660714089870453
0.2800482511520386
0.2642323672771454
0.27311205863952637
0.2684190273284912
0.25945228338241577
0.25176939368247986
0.2627241611480713
0.26442351937294006
0.26614126563072205
0.24928918480873108
0.24771541357040405
0.24493953585624695
0.24275952577590942
0.23681756854057312
0.22852873802185059
0.24147182703018188
0.22755300998687744
0.24031075835227966
0.23725321888923645
0.22331291437149048
0.21053099632263184
0.21904543042182922
0.216788649559021
0.21230605244636536
0.2223425656557083
0.21193194389343262
0.2080082893371582
0.19918213784694672
0.21086806058883667
0.19579872488975525
0.19254609942436218
0.18611398339271545
0.19025099277496338
0.18716390430927277
0.17972204089164734
0.18460500240325928
0.1777147501707077
0.18338507413864136
0.17447325587272644
0.18718960881233215
0.1772032082080841
0.17717719078063965
0.17290186882019043
0.16559207439422607
0.1755693107843399
0.1684122085571289
0.164090096950531
0.15607532858848572
0.16602708399295807
0.16712427139282227
0.1689336597919464
0.1704738736152649
0.16361142694950104
0.1591530740261078
0.15526962280273438
0.1557595133781433
0.15677493810653687
0.1595926284790039
0.15504850447177887
0.15290005505084991
0.1485583633184433
0.15649312734603882
0.1514962613582611
0.14687564969062805
0.1463669240474701
0.14537343382835388
0.1398536115884781
0.14468631148338318
0.14445410668849945
0.13957934081554413
0.13456007838249207
0.13841715455055237
0.141859233379364
0.13881483674049377
0.13934877514839172
0.1320430487394333
0.13594186305999756
0.12965448200702667
0.1292051076889038
0.12603594362735748
0.13355669379234314
0.12895163893699646
0.1306641399860382
0.12292881309986115
0.12144765257835388
0.12468507140874863
0.12033174186944962
0.12427347153425217
0.12785013020038605
0.11724378168582916
0.1205260157585144
0.12655548751354218
0.12130803614854813
0.12030373513698578
0.11893429607152939
0.1210925355553627
0.122651606798172
0.11339660733938217
0.11388671398162842
0.11522404849529266
0.11441254615783691
0.11700321733951569
0.12040838599205017
0.11531729996204376
0.11062026768922806
0.11254724860191345
0.11234338581562042
0.1082804948091507
0.11109505593776703
0.11283751577138901
0.10798817873001099
0.11338122189044952
0.11193618178367615
0.1016915887594223
0.10968251526355743
0.1063244491815567
0.10502347350120544
0.1027432456612587
0.10694855451583862
0.09702998399734497
0.09843716025352478
0.09913018345832825
0.0990515798330307
0.10264267772436142
0.0967501550912857
0.09829661250114441
0.10464562475681305
0.0986417755484581
0.10062471032142639
0.09942977130413055
0.10005573183298111
0.09771756827831268
0.09981566667556763
0.09567563235759735
0.09506392478942871
0.10449066758155823
0.09334729611873627
0.09807020425796509
0.09265100955963135
0.09155847132205963
0.09913387149572372
0.09353069961071014
0.09262778609991074
0.09488390386104584
0.09456507861614227
0.08931857347488403
0.09143644571304321
0.09367595613002777
0.09444675594568253
0.09271007776260376
0.09153719246387482
0.09627825021743774
0.09005676209926605
0.0955597311258316
0.0858592689037323
0.09540706872940063
0.09309433400630951
0.09089857339859009
0.09016330540180206
0.09424152970314026
0.08143968880176544
0.09073314070701599
0.0853874459862709
0.08359608054161072
0.09137921035289764
0.08537357300519943
0.0845329686999321
0.08851662278175354
0.08651718497276306
0.08366011083126068
0.09588143229484558
0.0854266881942749
0.08785265684127808
0.08905357122421265
0.0876222476363182
0.08312118053436279
0.08874844014644623
0.08424752950668335
0.08035403490066528
0.07986807078123093
0.09098289906978607
0.08501210808753967
0.08569136261940002
0.09557788074016571
0.08927564322948456
0.08265005797147751
0.08193270117044449
0.08521115779876709
0.08022008836269379
0.08075818419456482
0.08470924198627472
0.08027930557727814
0.07857391238212585
0.08307497203350067
0.08954126387834549
0.07793433219194412
0.07901167124509811
0.08368147909641266
0.0836690366268158
0.0812465101480484
0.07710187137126923
0.07934387028217316
0.08339950442314148
0.07997345924377441
0.0813644677400589
0.0794617086648941
0.07947975397109985
0.07871239632368088
0.08376990258693695
0.07604199647903442
0.08430610597133636
0.08042257279157639
0.081881582736969
0.07841967046260834
0.08482977747917175
0.07998102903366089
0.07757417857646942
0.0807424783706665
0.08549204468727112
0.08249139785766602
0.08031831681728363
0.08172179758548737
0.08128197491168976
0.08513255417346954
0.081510528922081
0.07924696803092957
0.07493487000465393
0.08191846311092377
0.07699829339981079
0.07772184908390045
0.08277362585067749
0.07595043629407883
0.08229382336139679
0.07483786344528198
0.07832789421081543
0.08505143225193024
0.07632941752672195
0.07830356806516647
0.08231734484434128
0.07611627876758575
0.07819513976573944
0.07746344804763794
0.08408734202384949
0.08024677634239197
0.08410833775997162
0.0803997665643692
0.08145729452371597
0.0805986076593399
0.0755276083946228
0.07741351425647736
0.07593996822834015
0.08104097843170166
0.08010789752006531
0.08459702134132385
0.08687405288219452
0.07696977257728577
0.08130823075771332
0.08081452548503876
0.0734160840511322
0.07398134469985962
0.07210491597652435
0.08081565797328949
0.08220428228378296
0.07885287702083588
0.08582077920436859
0.07732439786195755
0.07783661782741547
0.0834139883518219
0.0772366151213646
0.07490307837724686
0.07554647326469421
0.07907798141241074
0.07794883847236633
0.0735766738653183
0.07476456463336945
0.07734338939189911
0.07261191308498383
0.086885005235672
0.07598170638084412
0.07510515302419662
0.0755484327673912
0.07871764898300171
0.08255739510059357
0.08522836863994598
0.07313443720340729
0.07638755440711975
0.07642269134521484
0.08068673312664032
0.0753830075263977
0.07293763756752014
0.08143151551485062
0.08016720414161682
0.07429137825965881
0.07578054070472717
0.07706417143344879
0.07584356516599655
0.07927419990301132
0.07647135853767395
0.07791420817375183
0.07887071371078491
0.08086647838354111
0.07465440034866333
0.07205620408058167
0.07631750404834747
0.07424649596214294
0.07476028800010681
0.07567101716995239
0.07519951462745667
0.07615087181329727
0.07348918914794922
0.07527503371238708
0.07863722741603851
0.07242821156978607
0.07558088004589081
0.07535115629434586
0.0816403180360794
0.07325397431850433
0.07523352652788162
0.07304815948009491
0.0741371437907219
0.0760631412267685
0.07935206592082977
0.07202070206403732
0.07240945100784302
0.07397307455539703
0.07378247380256653
0.07857438921928406
0.07911871373653412
0.07866011559963226
0.07695639878511429
0.07514190673828125
0.07180313766002655
0.07300012558698654
0.07572899758815765
0.07259514182806015
0.07514134794473648
0.07403013855218887
0.06923562288284302
0.07548663020133972
0.07738737761974335
0.07424122095108032
0.07302936166524887
0.07126809656620026
0.07749730348587036
0.07296425104141235
0.07273349165916443
0.07339581847190857
0.07859574258327484
0.07838524878025055
0.0708436518907547
0.07010546326637268
0.07393647730350494
0.07260674238204956
0.07338739931583405
0.08126034587621689
0.07780617475509644
0.07379575073719025
0.07185627520084381
0.07602448761463165
0.0779445618391037
0.07641300559043884
0.07421524077653885
0.0786711573600769
0.07007966190576553
0.07117077708244324
0.07846103608608246
0.07083774358034134
0.07095102220773697
0.07016404718160629
0.07415983825922012
0.07479381561279297
0.0725642591714859
0.0734231173992157
0.0826389342546463
0.07100795209407806
0.07333619892597198
0.06837215274572372
0.0786343365907669
0.07356017827987671
0.0687827318906784
0.0757751390337944
0.0715765506029129
0.07248388230800629
0.07362516224384308
0.07225728780031204
0.07363741099834442
0.07066255062818527
0.0752355307340622
0.07187923043966293
0.07550768554210663
0.0733267068862915
0.07834835350513458
0.07084935903549194
0.07208079099655151
0.07475057244300842
0.0804009735584259
0.07732206583023071
0.07283902913331985
0.07966676354408264
0.07768243551254272
0.07256883382797241
0.07422901690006256
0.07035583257675171
0.07914736866950989
0.07449118793010712
0.07181762158870697
0.07278839498758316
0.07069502770900726
0.06976072490215302
0.06737826019525528
0.07275305688381195
0.06918366998434067
0.0738903135061264
0.0731888860464096
0.07356167584657669
0.06920567899942398
0.07710269838571548
0.07286032289266586
0.07384860515594482
0.07141052186489105
0.07161426544189453
0.0689702033996582
0.07417146861553192
0.07034115493297577
0.07154367864131927
0.0802137553691864
0.0721188336610794
0.07040194422006607
0.0724603682756424
0.07414382696151733
0.07311204075813293
0.07328211516141891
0.07031296193599701
0.06961546838283539
0.0708361491560936
0.07217033207416534
0.07372556626796722
0.07073600590229034
0.06914724409580231
0.07105273008346558
0.0715346485376358
0.07026681303977966
0.07367226481437683
0.06690387427806854
0.07452504336833954
0.07145397365093231
0.07153443992137909
0.07054121792316437
0.07039330154657364
0.06753289699554443
0.07277437299489975
0.06766881048679352
0.06808649003505707
0.0702340304851532
0.07335249334573746
0.07096822559833527
0.06953556090593338
0.06936581432819366
0.0660497173666954
0.07502119243144989
0.07062440365552902
0.07488511502742767
0.07391108572483063
0.06995434314012527
0.07429519295692444
0.07055164873600006
0.07072698324918747
0.0704309493303299
0.0683441162109375
0.07066481560468674
0.06893569976091385
0.07144789397716522
0.0696762427687645
0.0729212760925293
0.07290416955947876
0.07251934707164764
0.07451286911964417
0.07412959635257721
0.0677071362733841
0.07347051799297333
0.06766625493764877
0.06605630367994308
0.07184132933616638
0.07377836853265762
0.07270995527505875
0.07390952855348587
0.06945288181304932
0.06982144713401794
0.06887979805469513
0.06980615854263306
0.07289697974920273
0.07382304966449738
0.06890884041786194
0.06727577745914459
0.06985929608345032
0.06726687401533127
0.07011021673679352
0.06904593110084534
0.07931572198867798
0.07042007148265839
0.07025269418954849
0.06906451284885406
0.06748740375041962
0.07205955684185028
0.0682447999715805
0.07169643044471741
0.06983188539743423
0.06944038718938828
0.07336297631263733
0.06477389484643936
0.07366739213466644
0.07334111630916595
0.07170987129211426
0.06976283341646194
0.0702756866812706
0.06938229501247406
0.06973646581172943
0.075380839407444
0.06901601701974869
0.07101091742515564
0.06672988831996918
0.07236999273300171
0.06907609850168228
0.07510116696357727
0.06864067912101746
0.06846442073583603
0.06960400193929672
0.0670580267906189
0.06942509114742279
0.06479594111442566
0.06781598925590515
0.0755966529250145
0.07577110826969147
0.06637632846832275
0.06803816556930542
0.07205142080783844
0.070652075111866
0.07448545843362808
0.06770069152116776
0.06783724576234818
0.07422484457492828
0.07362525165081024
0.06941148638725281
0.07940270751714706
0.0709376186132431
0.07296235859394073
0.07128718495368958
0.06890249997377396
0.06593754887580872
0.06747090816497803
0.07147230207920074
0.06977176666259766
0.06588993966579437
0.06799198687076569
0.06539725512266159
0.07273793965578079
0.07195648550987244
0.06888294965028763
0.06512041389942169
0.06729869544506073
0.06815086305141449
0.06760521978139877
0.06849239021539688
0.06970441341400146
0.06889145076274872
0.0708947405219078
0.07839588820934296
0.07307127863168716
0.07159240543842316
0.06786886602640152
0.0721098780632019
0.06895951926708221
0.06880427896976471
0.06953310966491699
0.06664364039897919
0.06997620314359665
0.0654829889535904
0.06766839325428009
0.06859339028596878
0.07212279736995697
0.0666741207242012
0.07244346290826797
0.06910917907953262
0.07025183737277985
0.0662803202867508
0.06711741536855698
0.06752584874629974
0.06927920877933502
0.0662328377366066
0.07101419568061829
0.06808578222990036
