187.42967224121094
160.44712829589844
147.8673095703125
141.1832733154297
155.83045959472656
166.8837890625
141.2415008544922
111.8687515258789
159.62973022460938
110.66886901855469
130.2071075439453
121.98214721679688
151.2832489013672
125.21711730957031
139.72386169433594
111.5335693359375
148.2229766845703
132.8834228515625
129.37896728515625
145.52371215820312
127.00928497314453
135.16505432128906
131.72792053222656
139.0682373046875
121.9500732421875
123.89514923095703
86.26495361328125
135.2815399169922
86.85655212402344
98.05292510986328
120.77555084228516
87.48703002929688
129.087646484375
88.47624206542969
121.19804382324219
128.29086303710938
124.77230072021484
110.85935974121094
91.83043670654297
113.44449615478516
114.39077758789062
100.3744888305664
68.60416412353516
101.85559844970703
103.56404876708984
78.73771667480469
94.63580322265625
75.87235260009766
91.32189178466797
64.97348022460938
88.23744201660156
79.01469421386719
98.79183197021484
68.81473541259766
67.1032485961914
75.22046661376953
79.17748260498047
64.7574462890625
62.457069396972656
67.7566146850586
49.32500076293945
58.869361877441406
65.96117401123047
59.71705627441406
57.734642028808594
59.69584274291992
54.68822479248047
66.30270385742188
29.01944351196289
45.24556350708008
46.626914978027344
36.49730682373047
39.949378967285156
31.724843978881836
53.88346481323242
41.36498260498047
25.823759078979492
46.629398345947266
33.54134750366211
25.600261688232422
30.979310989379883
25.21510124206543
19.339311599731445
39.373226165771484
26.000844955444336
41.6579475402832
20.85521697998047
17.819917678833008
20.42557716369629
15.755569458007812
10.634553909301758
24.15955352783203
13.051706314086914
6.400469779968262
16.126955032348633
7.108267784118652
6.787732124328613
9.76491928100586
25.54201316833496
5.902909278869629
74.14495086669922
39.29355239868164
5.825570106506348
31.691802978515625
34.98630142211914
14.896843910217285
5.813199520111084
36.296852111816406
5.615667819976807
8.600262641906738
6.549834251403809
17.15046501159668
5.84471321105957
16.089284896850586
5.516537189483643
32.893310546875
37.200592041015625
6.733222484588623
8.223771095275879
9.14376163482666
7.250765800476074
5.903497695922852
6.570982933044434
6.236684799194336
23.56735610961914
5.619744777679443
4.973794460296631
45.762542724609375
6.43320894241333
8.825582504272461
15.45275592803955
22.891685485839844
34.486854553222656
17.514022827148438
12.4766206741333
17.742033004760742
6.423036098480225
24.541963577270508
14.986186981201172
31.896413803100586
27.51154327392578
6.706947326660156
4.994359016418457
6.905440330505371
5.278242111206055
5.67047119140625
6.812385082244873
7.410955905914307
6.645009517669678
7.034294605255127
5.584468841552734
24.876728057861328
13.772254943847656
5.334732532501221
10.21335506439209
5.199073314666748
6.235803127288818
5.525587558746338
8.04037857055664
5.438630104064941
5.466558456420898
26.978656768798828
9.177652359008789
7.094635486602783
33.87666702270508
31.13426971435547
5.64800500869751
13.847814559936523
6.196224212646484
5.503159523010254
16.04998016357422
5.448307514190674
21.353681564331055
18.247039794921875
9.009986877441406
23.415742874145508
5.908454895019531
7.48590612411499
16.640453338623047
20.607589721679688
16.9378604888916
28.506183624267578
6.018411636352539
34.59963607788086
17.501365661621094
21.257410049438477
23.156490325927734
5.502386093139648
9.063360214233398
20.182437896728516
5.646482467651367
5.748819828033447
13.351892471313477
8.843941688537598
26.30354118347168
6.369199752807617
6.284562110900879
5.271674156188965
35.811134338378906
5.563157558441162
4.175228118896484
5.011390209197998
5.970566749572754
5.037931442260742
6.800110340118408
6.360915184020996
45.557498931884766
5.998846054077148
5.227276802062988
63.909828186035156
8.242044448852539
12.689323425292969
7.337923526763916
20.087738037109375
24.738296508789062
5.832672119140625
5.85923957824707
18.614723205566406
6.6786088943481445
5.310582637786865
7.047892093658447
51.10117721557617
13.624275207519531
6.722671985626221
23.530786514282227
6.850028038024902
5.229709148406982
7.9594597816467285
9.19375991821289
16.71417999267578
34.18940353393555
26.792667388916016
6.857063293457031
4.956436634063721
6.8633599281311035
5.573225021362305
5.430782794952393
22.158483505249023
6.8952460289001465
17.19151496887207
55.90584945678711
5.457075595855713
8.780269622802734
7.442831039428711
5.891921043395996
9.264812469482422
34.017303466796875
7.216231822967529
21.149843215942383
6.339571475982666
58.64399337768555
23.984729766845703
18.25589370727539
7.601664066314697
8.64663314819336
14.859892845153809
5.693408966064453
25.82973289489746
33.721309661865234
6.8913726806640625
7.682378768920898
6.518233299255371
5.815560817718506
26.72722625732422
6.997714996337891
24.316696166992188
21.11420440673828
7.482224941253662
8.108874320983887
5.5385966300964355
7.2997822761535645
6.702208042144775
6.101353645324707
5.780026912689209
14.992683410644531
6.577899932861328
17.259002685546875
7.543824195861816
14.228986740112305
15.922136306762695
24.933942794799805
14.970573425292969
7.057940483093262
21.35231590270996
27.482942581176758
9.048966407775879
14.445503234863281
19.01746368408203
31.472627639770508
7.195293426513672
6.752638816833496
6.044211387634277
17.51676368713379
5.920382976531982
8.560474395751953
17.30471420288086
7.177036762237549
12.176053047180176
5.721170425415039
8.268962860107422
19.39875030517578
17.306049346923828
5.891037464141846
10.095298767089844
7.544345855712891
6.826252460479736
8.768590927124023
6.101246356964111
6.528165817260742
11.13113021850586
5.147773742675781
5.358140468597412
21.18779182434082
8.179872512817383
6.747791767120361
5.210149765014648
6.495567321777344
5.435006141662598
5.294083595275879
24.572154998779297
19.920286178588867
18.371082305908203
21.258487701416016
5.56289529800415
5.581442832946777
6.21892786026001
5.404558181762695
5.5923357009887695
5.127697467803955
7.193840503692627
5.576465129852295
15.304767608642578
5.789909362792969
5.076580047607422
5.031197547912598
5.848207473754883
11.8603515625
40.08000183105469
11.56567668914795
7.266958713531494
5.818775653839111
32.09463882446289
5.163741588592529
11.207982063293457
6.691014766693115
13.627555847167969
5.585691452026367
22.339073181152344
28.51019859313965
6.355567455291748
6.036560535430908
5.780635356903076
12.873224258422852
7.888323783874512
8.225756645202637
7.1309661865234375
10.538496971130371
24.391834259033203
5.6339311599731445
20.102500915527344
25.634963989257812
6.078170299530029
8.759726524353027
14.89330768585205
13.128230094909668
6.929426670074463
5.547012805938721
6.536471366882324
5.457983493804932
6.460356712341309
16.501569747924805
6.488054275512695
60.820655822753906
6.794286727905273
6.227493762969971
13.716501235961914
7.512144088745117
9.898078918457031
12.250247955322266
11.655024528503418
5.6091227531433105
13.685948371887207
5.692402362823486
12.641833305358887
17.674793243408203
8.906570434570312
27.446468353271484
7.307992935180664
27.13528823852539
16.955232620239258
10.657803535461426
8.522588729858398
8.969221115112305
11.412891387939453
17.36431884765625
32.251285552978516
13.639555931091309
8.154895782470703
7.232399940490723
6.008116722106934
6.4686126708984375
13.304014205932617
6.277494430541992
7.7505903244018555
6.584589004516602
9.09938907623291
11.76095962524414
28.799894332885742
19.289451599121094
5.670952796936035
11.94866943359375
8.028576850891113
5.705381393432617
7.279538154602051
7.477009296417236
5.806857585906982
19.442781448364258
5.848905086517334
7.51674222946167
6.5469489097595215
11.926152229309082
6.569015026092529
29.18546485900879
9.742104530334473
6.89841890335083
5.554514408111572
14.335515022277832
28.453481674194336
10.723969459533691
5.660694122314453
5.338766574859619
20.493927001953125
9.586287498474121
6.0351643562316895
25.936960220336914
32.4255485534668
7.869922161102295
7.899840831756592
7.950194835662842
14.876246452331543
7.911459445953369
23.13735580444336
8.128647804260254
5.693735122680664
5.9586944580078125
7.016120433807373
5.988221645355225
6.986703872680664
44.25136184692383
10.617130279541016
12.112983703613281
5.4143524169921875
5.131518363952637
6.722738265991211
12.329833984375
6.82873010635376
4.9014997482299805
5.662156581878662
5.233863353729248
36.91566848754883
6.76548957824707
13.817909240722656
12.028100967407227
5.724869728088379
5.144363880157471
5.8579206466674805
31.317312240600586
7.547264575958252
36.09709167480469
5.228391170501709
36.23770523071289
5.219794750213623
11.598265647888184
5.90966796875
7.612846374511719
7.6398539543151855
28.56937599182129
7.112083911895752
6.408597469329834
11.098268508911133
6.158675670623779
5.426229000091553
5.862941741943359
39.66307830810547
5.322412014007568
5.121018409729004
11.374783515930176
5.233027935028076
11.478105545043945
5.204397678375244
5.226817607879639
7.853346824645996
6.315158843994141
13.262595176696777
5.055222988128662
11.707695960998535
5.680249214172363
58.89326477050781
8.36023235321045
18.480867385864258
8.324054718017578
6.553984642028809
8.225984573364258
15.704981803894043
18.71658706665039
6.245787620544434
5.125544548034668
14.085210800170898
11.42723274230957
6.9109368324279785
8.211000442504883
6.69461727142334
5.028646945953369
5.328068256378174
5.689098358154297
4.905498027801514
23.718700408935547
5.259068012237549
5.3860368728637695
6.477899074554443
10.035407066345215
16.29863929748535
6.304091930389404
13.176556587219238
5.091031551361084
6.289710998535156
5.477069854736328
5.638154029846191
37.13861083984375
5.212586879730225
13.548970222473145
5.818634510040283
8.92440414428711
5.9897050857543945
10.282318115234375
7.464529037475586
6.08389139175415
31.63517951965332
5.577821731567383
8.386199951171875
5.637383460998535
8.503850936889648
10.618911743164062
6.8585076332092285
16.803173065185547
29.210498809814453
74.94474792480469
26.597570419311523
35.91435241699219
17.2418155670166
4.920948505401611
8.06868839263916
17.576541900634766
16.07471466064453
9.918659210205078
21.0285587310791
9.563986778259277
19.759384155273438
8.986465454101562
7.406642913818359
8.280271530151367
11.494346618652344
9.155619621276855
17.02101707458496
9.18060302734375
7.721276760101318
5.008233070373535
37.382530212402344
6.587438583374023
5.659490585327148
22.749204635620117
7.100243091583252
8.494860649108887
9.231755256652832
29.427675247192383
6.503819465637207
14.009504318237305
9.41918659210205
10.502710342407227
14.646138191223145
12.364375114440918
8.962867736816406
7.327635288238525
9.640769958496094
5.728002548217773
5.772058486938477
12.588960647583008
42.034610748291016
6.822421550750732
29.71912956237793
5.630420207977295
10.044349670410156
5.223328590393066
6.123100757598877
6.059920787811279
6.318062782287598
5.041339874267578
7.558799743652344
19.142536163330078
13.836203575134277
7.338716983795166
4.996607780456543
6.6106109619140625
5.2123565673828125
32.270511627197266
7.384200096130371
5.542938709259033
5.782861232757568
8.212980270385742
5.705407619476318
8.724997520446777
5.328944683074951
5.922153472900391
5.492156982421875
27.888975143432617
5.188803195953369
6.692096710205078
14.168031692504883
44.205162048339844
5.385209560394287
5.4614410400390625
6.430278778076172
7.484491348266602
25.363418579101562
11.515618324279785
12.545265197753906
20.81647300720215
40.00078582763672
5.468652725219727
17.911842346191406
7.865834712982178
53.085758209228516
13.207731246948242
6.700094699859619
6.483963966369629
5.711357116699219
5.836181640625
5.835533142089844
6.583968639373779
5.592729091644287
6.163599491119385
5.652131080627441
36.78514862060547
5.444405555725098
22.28962516784668
8.950181007385254
9.852227210998535
7.8875579833984375
9.448225021362305
41.72356033325195
14.682357788085938
6.689046859741211
9.503186225891113
9.689029693603516
5.563139915466309
4.841215133666992
6.296594142913818
6.362010955810547
14.159571647644043
6.742749214172363
5.979023456573486
7.521705150604248
8.422968864440918
6.009405612945557
6.60627555847168
6.556347846984863
6.064035415649414
10.223361015319824
29.369850158691406
10.610877990722656
7.5393171310424805
7.412325382232666
12.621442794799805
6.675532817840576
5.813635349273682
32.010921478271484
5.832630634307861
8.238434791564941
4.682637691497803
20.76906394958496
8.072615623474121
5.23369836807251
25.720251083374023
7.157254219055176
6.482040882110596
5.712406635284424
20.27546501159668
5.535054683685303
5.057971477508545
29.24051284790039
5.928597927093506
17.057449340820312
10.720404624938965
25.4754695892334
14.31482982635498
31.0800724029541
5.7904534339904785
8.035260200500488
19.81541633605957
24.799856185913086
6.559857368469238
29.680519104003906
6.4890265464782715
4.921535015106201
16.92660903930664
12.319808959960938
17.996091842651367
6.448452472686768
30.49498748779297
6.720277786254883
17.271373748779297
8.479823112487793
5.127809524536133
4.718430995941162
17.112855911254883
6.083764553070068
6.1158766746521
4.868605613708496
4.915111064910889
5.381710052490234
20.542125701904297
4.874259948730469
5.857969284057617
10.057425498962402
8.193638801574707
4.9930033683776855
6.058934211730957
8.788634300231934
7.113142967224121
5.056838035583496
5.18648099899292
10.225101470947266
6.076600551605225
8.837528228759766
5.298242568969727
5.396501064300537
39.59321212768555
6.557486057281494
9.345393180847168
6.103118419647217
6.137676239013672
6.729762554168701
7.2288055419921875
35.858028411865234
5.533936977386475
5.112858295440674
8.266373634338379
6.889577388763428
11.73781681060791
4.956198692321777
4.487778663635254
5.556915760040283
7.067401885986328
6.554968357086182
4.857662200927734
6.078657627105713
54.23894119262695
11.516560554504395
5.812532901763916
5.870334148406982
7.1710405349731445
19.403345108032227
32.851783752441406
7.714139938354492
10.86557388305664
9.711136817932129
11.40438175201416
14.496512413024902
6.219041347503662
29.4818058013916
5.334654331207275
41.859745025634766
9.693901062011719
4.847343444824219
7.292015552520752
8.629206657409668
11.944934844970703
5.135406970977783
4.920354843139648
12.83282470703125
5.1746625900268555
4.838946342468262
6.497066497802734
6.1707024574279785
10.376913070678711
6.108796119689941
5.975795269012451
5.278674602508545
6.541424751281738
23.518421173095703
24.159528732299805
7.146245002746582
4.908897876739502
4.728255748748779
7.327160835266113
4.8485026359558105
4.651174545288086
8.933475494384766
5.426433086395264
5.551143646240234
35.246524810791016
11.120505332946777
8.909817695617676
4.82688045501709
6.715394973754883
7.402156829833984
7.200235366821289
5.364160537719727
5.6363091468811035
16.494630813598633
7.384433746337891
37.03083419799805
5.3218560218811035
10.689824104309082
6.545182704925537
7.467099666595459
20.288009643554688
14.598075866699219
12.871953010559082
19.815139770507812
7.535762786865234
7.105103015899658
7.466232776641846
8.307372093200684
6.657439708709717
5.367416858673096
6.269392967224121
6.130365371704102
8.322129249572754
23.04154396057129
38.55009078979492
21.055912017822266
6.109652519226074
5.545467853546143
5.732815742492676
5.506811141967773
7.003771781921387
8.945666313171387
7.8698296546936035
7.997714519500732
22.712106704711914
6.936055660247803
26.803970336914062
21.5045166015625
8.984329223632812
10.303250312805176
8.912790298461914
8.147490501403809
13.5305757522583
9.577488899230957
9.866694450378418
8.022204399108887
9.661995887756348
5.907703399658203
8.013853073120117
4.752837181091309
8.237321853637695
44.95475769042969
8.506575584411621
8.705238342285156
28.545316696166992
4.665398120880127
27.83552360534668
36.42051696777344
4.7461981773376465
32.64157485961914
7.319996356964111
7.54233980178833
6.944157600402832
9.756963729858398
17.671297073364258
10.024819374084473
8.764628410339355
9.985211372375488
9.535572052001953
5.650923252105713
11.614514350891113
5.407595157623291
7.031907081604004
5.233200550079346
11.75289249420166
5.09536600112915
9.733731269836426
9.878634452819824
9.06335163116455
10.564586639404297
6.450953960418701
14.364991188049316
8.20715618133545
6.6770148277282715
4.5187668800354
22.63896942138672
4.762047290802002
31.227413177490234
12.117545127868652
51.74480056762695
22.468786239624023
19.63848304748535
14.853421211242676
9.16843318939209
12.677026748657227
10.678376197814941
11.268762588500977
10.645827293395996
13.846318244934082
7.5427021980285645
7.692026615142822
11.64731502532959
6.661038875579834
5.385171413421631
4.936235427856445
5.8232421875
47.55651092529297
8.531338691711426
12.1356840133667
28.94410514831543
19.84425926208496
8.128341674804688
5.5083088874816895
29.367420196533203
17.98350715637207
6.963854789733887
7.727410316467285
7.737446308135986
7.4168524742126465
10.724824905395508
8.88249397277832
7.9539594650268555
15.729966163635254
10.379169464111328
24.872648239135742
5.996434211730957
7.4165425300598145
19.594593048095703
5.879649639129639
6.887257099151611
5.129064559936523
38.49969482421875
5.200080394744873
5.2997212409973145
50.19954299926758
6.946630954742432
5.077748775482178
4.762373924255371
8.781807899475098
4.813817501068115
4.68416166305542
5.0063300132751465
5.435530662536621
22.267486572265625
23.632593154907227
9.648078918457031
7.8342437744140625
5.113016128540039
6.326212406158447
40.37846374511719
8.144259452819824
8.640363693237305
5.733548164367676
5.415302753448486
9.051309585571289
7.167212963104248
15.832279205322266
5.044976234436035
8.60794734954834
5.283661842346191
8.170595169067383
4.965551853179932
7.557818412780762
5.238548755645752
23.229087829589844
6.4744696617126465
4.452243804931641
5.210777759552002
32.43669891357422
10.221379280090332
4.713500499725342
5.333274841308594
13.583209991455078
5.060983180999756
7.871322154998779
10.693346977233887
6.4449262619018555
34.132965087890625
7.712924957275391
7.2797722816467285
6.521381378173828
5.0174479484558105
17.86015510559082
32.368709564208984
6.574724197387695
7.273321151733398
6.180185317993164
22.68232536315918
6.269295692443848
5.218017101287842
4.669887065887451
4.944913864135742
4.512851238250732
4.678098201751709
5.330792427062988
5.351838111877441
20.62811851501465
4.7377471923828125
5.6930389404296875
5.626799583435059
5.223458290100098
6.8104634284973145
5.108304500579834
5.895853042602539
10.188346862792969
7.746059894561768
8.084038734436035
6.183437824249268
4.769587993621826
22.82227897644043
5.109579563140869
23.4193058013916
26.371137619018555
5.959876537322998
8.768811225891113
6.511228561401367
12.444451332092285
8.918461799621582
9.811439514160156
7.285726547241211
6.116652965545654
12.55053424835205
4.968394756317139
10.095584869384766
5.343168258666992
5.237504482269287
6.100753307342529
4.7901930809021
7.466099739074707
27.830867767333984
9.205598831176758
8.233784675598145
6.047016143798828
6.266994476318359
14.422662734985352
18.64239501953125
18.459205627441406
21.089012145996094
47.121456146240234
25.1370906829834
11.20208740234375
19.50160026550293
10.602378845214844
14.442745208740234
12.723650932312012
9.739913940429688
9.208695411682129
10.213733673095703
15.045588493347168
6.211696624755859
26.262853622436523
8.646651268005371
6.506550312042236
4.454289436340332
5.653030872344971
5.580353260040283
5.337166786193848
6.111372470855713
14.895071983337402
7.582828044891357
28.729772567749023
16.200138092041016
8.243125915527344
19.426820755004883
6.2402849197387695
4.94543981552124
5.304000377655029
8.55626106262207
7.840600490570068
5.947952747344971
5.082622528076172
6.932454586029053
6.864936351776123
18.597814559936523
6.8602752685546875
6.113224983215332
5.112455368041992
6.0837907791137695
6.433196544647217
4.488154888153076
4.330915451049805
4.582441806793213
6.38070821762085
5.1848883628845215
35.157814025878906
50.18722915649414
4.955288410186768
5.82606315612793
5.847263336181641
5.735030651092529
5.650944232940674
5.644260406494141
18.354211807250977
6.093755722045898
5.506285190582275
17.121578216552734
7.047192573547363
5.5049567222595215
5.592057228088379
4.566944599151611
5.156576633453369
28.628408432006836
5.169589996337891
34.5146484375
39.93724060058594
11.691051483154297
5.729212284088135
4.927084445953369
14.995634078979492
6.619580268859863
5.190669059753418
32.4048957824707
5.185308933258057
6.246696472167969
33.322940826416016
6.840995788574219
5.935333728790283
9.409158706665039
5.197230815887451
6.720662593841553
6.107953071594238
4.925455093383789
5.2242608070373535
33.150726318359375
4.987062454223633
4.6083173751831055
5.77380895614624
20.738643646240234
8.314599990844727
5.8168110847473145
4.576680660247803
13.02658462524414
6.1190667152404785
4.869716644287109
4.932961940765381
4.951565265655518
5.417529582977295
5.00844669342041
21.8885498046875
12.552597045898438
29.589771270751953
5.335109710693359
15.828043937683105
5.143226623535156
7.5588297843933105
6.970823764801025
5.4608025550842285
4.885504245758057
5.266857624053955
13.586193084716797
4.791379928588867
8.9169282913208
5.190049648284912
16.636396408081055
38.837860107421875
5.165926933288574
6.3476057052612305
28.215909957885742
28.52406120300293
5.665957927703857
6.164906024932861
7.742269992828369
6.595976829528809
12.517065048217773
6.435306072235107
6.379406452178955
27.83860969543457
5.420111656188965
5.810074329376221
5.481281280517578
4.967862606048584
5.533930778503418
4.876645088195801
41.57472610473633
4.43778657913208
4.57628870010376
4.795591831207275
6.739354133605957
19.53528594970703
5.216786861419678
5.463343143463135
5.152151107788086
4.670034885406494
4.45834493637085
4.823908805847168
6.092012882232666
6.600651741027832
5.302149295806885
22.013029098510742
11.457204818725586
5.889657020568848
7.496117115020752
5.400589942932129
5.234050750732422
5.12659215927124
25.058578491210938
25.252260208129883
5.153192520141602
34.61265182495117
5.886931896209717
9.255594253540039
5.074685573577881
6.934023857116699
8.218671798706055
11.797283172607422
33.264564514160156
7.310279369354248
5.620608806610107
20.15643310546875
6.16641092300415
5.966840744018555
5.048905372619629
4.89446496963501
5.146610260009766
7.121969699859619
4.7038726806640625
10.35021686553955
8.254138946533203
4.949828624725342
4.841526508331299
4.985701560974121
24.039155960083008
4.681067943572998
6.026264667510986
5.177918910980225
6.150503158569336
51.75899887084961
34.44947052001953
6.683199882507324
5.561001300811768
8.149991035461426
5.008093357086182
4.754702568054199
27.41230010986328
9.191874504089355
6.204326152801514
9.09521770477295
5.87644624710083
4.678452968597412
5.776285171508789
46.26884460449219
7.761500835418701
5.8446478843688965
16.760398864746094
5.335444927215576
5.883941173553467
4.897782802581787
35.81979751586914
25.04026985168457
5.6228928565979
4.870764255523682
43.821746826171875
4.9500298500061035
4.522490978240967
12.405598640441895
5.942817687988281
8.435362815856934
7.071437358856201
5.9523515701293945
5.019740581512451
5.295220375061035
6.196716785430908
4.498676300048828
9.525004386901855
5.122653484344482
13.099225997924805
5.092637062072754
17.452131271362305
6.651773929595947
5.1552276611328125
5.370110034942627
8.89496898651123
7.31334114074707
29.2437686920166
44.5359992980957
7.08066463470459
4.474664211273193
5.9845147132873535
7.016016006469727
4.854674339294434
28.391935348510742
26.00516128540039
12.348488807678223
6.159662246704102
7.109983444213867
4.518831253051758
6.727703094482422
5.284924507141113
6.248182773590088
31.130800247192383
5.433536052703857
20.422107696533203
6.698460578918457
5.182478904724121
12.960382461547852
5.346314907073975
29.311859130859375
4.544563293457031
4.946317195892334
4.463887691497803
7.990250110626221
6.6005754470825195
5.046587944030762
5.70820951461792
4.931206226348877
7.167836666107178
4.86550760269165
11.201944351196289
4.292903423309326
4.323720455169678
5.079487323760986
5.924988269805908
6.740865230560303
6.760095119476318
5.280062675476074
8.995246887207031
4.20357608795166
5.134685039520264
5.658524513244629
6.775475978851318
6.071374893188477
11.432292938232422
7.251603603363037
20.02528953552246
6.895771503448486
24.488393783569336
7.626243591308594
7.307981967926025
9.54435920715332
5.478476047515869
5.752228260040283
5.468827247619629
6.224997043609619
5.4238691329956055
14.021440505981445
4.792185306549072
13.906671524047852
15.3964262008667
5.737697601318359
4.790831565856934
4.481441974639893
4.582714080810547
5.461707592010498
27.671358108520508
15.543575286865234
5.152256488800049
5.417365074157715
5.997247219085693
6.123828411102295
5.036319255828857
9.102599143981934
7.163111686706543
58.90699005126953
4.460257530212402
4.7177605628967285
5.8040242195129395
6.3323493003845215
9.600252151489258
9.00600528717041
5.415003776550293
18.654861450195312
5.181539058685303
5.531981945037842
4.577229976654053
44.78767395019531
12.363363265991211
35.33219909667969
5.128463268280029
5.890026569366455
4.491213798522949
23.260923385620117
26.918180465698242
5.334267616271973
6.213011741638184
5.447634220123291
27.341583251953125
4.504646301269531
4.485295295715332
6.4559855461120605
36.36703109741211
15.263043403625488
5.787777423858643
22.338640213012695
4.741499900817871
4.816363334655762
5.711347579956055
5.874383449554443
5.253968238830566
25.460012435913086
5.306024074554443
37.89706802368164
5.924365520477295
4.501193046569824
7.026368618011475
6.651799201965332
6.773828506469727
5.166832447052002
6.379228115081787
5.47955322265625
17.236459732055664
6.415275573730469
6.100926876068115
5.54428243637085
5.0082173347473145
5.283840656280518
4.828431606292725
8.572160720825195
5.177694797515869
5.215492248535156
5.332150936126709
6.970327854156494
5.597426891326904
9.084461212158203
5.4267048835754395
4.801304817199707
5.941178321838379
5.670611381530762
4.640445232391357
37.1123046875
4.490765571594238
4.665071487426758
12.069104194641113
23.483633041381836
5.026489734649658
5.200848579406738
9.711078643798828
5.819165229797363
17.10566520690918
5.33065938949585
4.248070240020752
4.372934818267822
4.548427104949951
5.5820088386535645
4.065274715423584
4.62597131729126
5.001656532287598
4.950148105621338
5.895028591156006
5.156676292419434
6.65487003326416
49.8936882019043
37.92131042480469
5.855952739715576
24.56171989440918
18.65154266357422
35.26070022583008
6.148684978485107
5.457271575927734
5.9701032638549805
6.560114860534668
5.118896007537842
8.99157428741455
4.572805404663086
5.33394193649292
4.831536769866943
21.22854995727539
4.714138507843018
34.571983337402344
9.894344329833984
4.538527011871338
5.588783264160156
14.675090789794922
4.525898456573486
6.1123833656311035
31.491018295288086
5.560127258300781
5.512723922729492
24.270021438598633
6.180274486541748
5.416956901550293
5.331235408782959
4.971858978271484
5.44550895690918
17.961721420288086
4.677233695983887
5.236410617828369
4.6183857917785645
4.751979827880859
5.063714504241943
6.066844940185547
5.0574212074279785
13.756608963012695
12.082682609558105
5.062831878662109
5.59694766998291
6.327327728271484
5.950839996337891
19.078866958618164
4.301238059997559
6.788091659545898
4.9606404304504395
13.009206771850586
8.082040786743164
23.504323959350586
5.632871627807617
6.783320426940918
8.202713966369629
5.053396701812744
8.818626403808594
4.939540863037109
4.7420454025268555
5.243607997894287
4.300714492797852
10.593852043151855
20.324419021606445
8.971953392028809
4.676205158233643
6.81573486328125
5.8606719970703125
7.282343864440918
4.989607810974121
5.912062644958496
5.308128833770752
25.935407638549805
39.175384521484375
11.353965759277344
4.817061901092529
5.430979251861572
4.417013168334961
8.51526165008545
5.042924404144287
10.836240768432617
14.292139053344727
5.001197814941406
8.721139907836914
31.350605010986328
10.123863220214844
5.534826755523682
7.171327114105225
5.4489617347717285
5.9382123947143555
7.978264331817627
6.023755073547363
26.32585334777832
8.57935619354248
7.24237585067749
6.068990707397461
20.333518981933594
35.68093490600586
6.6282477378845215
5.79388952255249
5.027570724487305
5.701116561889648
4.841498851776123
16.542373657226562
15.549126625061035
7.035815715789795
25.318206787109375
30.936803817749023
4.47759485244751
20.18070411682129
13.308575630187988
5.3416829109191895
33.58978271484375
5.6899733543396
4.986378192901611
21.216337203979492
6.533332347869873
5.887337684631348
26.40239143371582
8.564726829528809
7.351526737213135
6.099086761474609
7.91295862197876
14.054667472839355
7.195409774780273
5.940844535827637
6.475305080413818
6.101811408996582
17.588335037231445
30.506811141967773
19.277511596679688
4.976900577545166
5.53712797164917
6.901487350463867
4.718419075012207
4.9087018966674805
5.26548957824707
15.447335243225098
28.013042449951172
5.833363056182861
5.88388204574585
4.768991470336914
5.395192623138428
4.558067798614502
4.634320259094238
5.080000877380371
4.349678993225098
4.608687400817871
10.579370498657227
7.0201263427734375
9.45213794708252
5.54140567779541
4.366846084594727
5.752019882202148
4.665058612823486
5.914374351501465
4.881336212158203
37.75776290893555
4.844062805175781
6.546241760253906
15.31103515625
4.453983306884766
4.439094543457031
4.420140266418457
5.179703235626221
5.005733966827393
5.128787517547607
4.568458080291748
5.054627418518066
38.779296875
4.959300518035889
21.550111770629883
6.136672019958496
5.953409194946289
5.058765411376953
6.009276390075684
4.429202079772949
5.133471965789795
4.7513108253479
9.784553527832031
8.797518730163574
6.692783355712891
9.17924690246582
5.0714802742004395
8.59362506866455
5.082629680633545
6.305907726287842
23.637357711791992
5.3266520500183105
4.895692825317383
5.340912818908691
4.525671482086182
6.494113922119141
5.062084674835205
5.80781888961792
25.19169807434082
4.288896083831787
10.021568298339844
4.565397262573242
20.237972259521484
28.250585556030273
4.453732490539551
8.350497245788574
6.295433521270752
18.311927795410156
6.7714643478393555
5.8443684577941895
5.566409587860107
5.3303656578063965
5.444827556610107
4.344970703125
4.70398473739624
4.253126621246338
5.381706714630127
4.701143741607666
10.338887214660645
5.039266586303711
6.091711044311523
4.46109676361084
35.437774658203125
26.614030838012695
6.30436897277832
5.211915969848633
5.752847671508789
21.13744354248047
36.80485153198242
6.472268104553223
38.46910095214844
5.651981830596924
4.586605548858643
11.181926727294922
6.49168062210083
34.872005462646484
6.073657035827637
5.523353576660156
6.638568878173828
4.735170841217041
4.811038494110107
4.67048454284668
6.8810625076293945
5.04658317565918
18.71677589416504
4.636341571807861
4.64199686050415
4.691542148590088
6.229825496673584
8.947190284729004
4.241909980773926
5.496118068695068
7.165421962738037
4.985335350036621
7.494720935821533
6.176004409790039
5.116777420043945
5.0646586418151855
27.2789306640625
4.94230318069458
4.267886161804199
5.718614101409912
4.060673236846924
35.49934005737305
4.6707000732421875
4.291306495666504
5.285426139831543
8.060768127441406
17.00640296936035
6.02614688873291
5.891056060791016
19.988967895507812
11.550456047058105
24.81719970703125
10.801410675048828
8.962742805480957
6.330729007720947
9.496848106384277
5.968005180358887
6.459367275238037
14.671320915222168
6.530062675476074
7.330810546875
6.80758810043335
23.844207763671875
5.815577507019043
6.037133693695068
27.179515838623047
5.11728048324585
5.01900053024292
5.12905740737915
5.544695854187012
15.872336387634277
9.31464672088623
15.215941429138184
5.320809364318848
17.83757209777832
5.373176574707031
4.416100025177002
4.774284362792969
4.325233459472656
6.509023189544678
4.180792808532715
5.222607612609863
4.619029998779297
20.113557815551758
4.334573268890381
4.2658820152282715
30.933094024658203
25.685466766357422
11.027191162109375
4.9296088218688965
18.308822631835938
6.514725685119629
5.457171440124512
5.097650051116943
4.878654479980469
7.0794548988342285
23.638507843017578
23.70255470275879
5.835876941680908
23.857011795043945
6.475435733795166
6.212709903717041
13.924505233764648
6.290525436401367
7.449000835418701
17.636638641357422
5.345581531524658
7.837690353393555
4.474302768707275
6.292674541473389
4.49054479598999
5.930019855499268
22.77557373046875
5.996244430541992
5.242977619171143
5.114845275878906
4.9856343269348145
5.568288803100586
5.647517681121826
4.618685722351074
5.613159656524658
4.514463424682617
4.371573448181152
6.086644649505615
8.25666332244873
4.760714530944824
4.54763126373291
4.716623783111572
17.617366790771484
4.928150653839111
5.6292405128479
4.432593822479248
4.713542938232422
5.419557094573975
31.19873046875
4.419986724853516
4.253262996673584
5.19314432144165
6.585155010223389
4.615082263946533
8.19920825958252
11.971549987792969
5.6058669090271
5.214034080505371
23.74148178100586
4.326930999755859
5.529574394226074
4.802806854248047
4.917289733886719
5.1652326583862305
4.41845703125
5.409053802490234
21.53282928466797
31.915678024291992
5.777438640594482
4.892846584320068
7.339206695556641
4.758023738861084
25.11330795288086
5.327741622924805
5.580873012542725
5.577073097229004
38.82195281982422
4.378278732299805
4.776177406311035
4.555164813995361
4.8523054122924805
4.286665916442871
6.604344844818115
4.992465019226074
23.444013595581055
8.414643287658691
4.493373870849609
5.093412399291992
57.738807678222656
18.93160057067871
5.549901008605957
30.390520095825195
4.881704807281494
14.430845260620117
8.28893756866455
13.54299545288086
5.93094539642334
16.442625045776367
13.663769721984863
11.556288719177246
32.85055923461914
7.573673248291016
6.103076457977295
5.9562859535217285
5.971115589141846
5.468718528747559
5.16469669342041
6.893067359924316
17.35293960571289
20.470598220825195
4.8233537673950195
9.465739250183105
11.416160583496094
5.968505859375
5.914947032928467
11.81005859375
25.18471908569336
10.5457124710083
12.060674667358398
8.066133499145508
5.029942989349365
13.073678016662598
4.785389423370361
4.658245086669922
5.054564952850342
7.044680595397949
4.395452976226807
4.794183731079102
6.128272533416748
4.965550899505615
5.091244220733643
5.444428443908691
4.449880123138428
5.220466136932373
9.322007179260254
4.872427463531494
19.573123931884766
5.353431701660156
21.049318313598633
4.762182235717773
39.61857986450195
4.428869724273682
26.08095359802246
4.481956958770752
37.50080871582031
6.591586589813232
6.280540943145752
8.566946029663086
5.075872898101807
4.850474834442139
10.264863967895508
7.429227352142334
6.513332366943359
4.970227241516113
6.225184440612793
4.764605522155762
8.18612289428711
5.965850830078125
5.669474124908447
26.50904083251953
8.945377349853516
5.941920280456543
5.943611145019531
5.888852596282959
5.2450385093688965
4.824025630950928
4.611255645751953
4.615057468414307
4.795053958892822
32.70335388183594
5.52718448638916
26.087060928344727
4.979681015014648
4.921243190765381
4.744185447692871
6.063859939575195
6.407064914703369
5.030696392059326
5.320688724517822
4.893522262573242
5.985744476318359
5.701934814453125
6.217680931091309
4.215292930603027
4.376377105712891
24.3087158203125
4.199596405029297
4.965691566467285
4.364023208618164
6.495278835296631
20.942577362060547
4.229736804962158
4.681894302368164
7.2654948234558105
16.519826889038086
4.414338111877441
5.055417060852051
6.039165019989014
4.782598972320557
4.2779927253723145
4.427947998046875
24.273000717163086
6.290722370147705
6.109137058258057
4.552292823791504
4.959216117858887
4.896185398101807
5.173521995544434
4.7373199462890625
4.624087333679199
39.61689758300781
4.815723419189453
17.988250732421875
5.307301998138428
4.899631023406982
4.758507251739502
5.028308391571045
5.296811103820801
33.009586334228516
30.73838233947754
4.944445610046387
5.828280925750732
5.597188949584961
6.975790500640869
5.666703224182129
6.070736885070801
8.837151527404785
5.015128135681152
5.51977014541626
5.077686786651611
5.036694526672363
5.29901647567749
6.783651828765869
5.237672805786133
6.528080463409424
4.9963908195495605
5.01095724105835
19.224239349365234
5.599754333496094
4.988689422607422
5.875316143035889
5.206448078155518
4.788614749908447
12.882122039794922
4.745367527008057
4.659374237060547
38.919185638427734
5.8271284103393555
20.060871124267578
4.8572235107421875
5.954455375671387
18.855165481567383
5.137317180633545
5.380030155181885
6.312588214874268
40.65587615966797
4.493427276611328
8.768746376037598
4.668443202972412
5.290929794311523
5.250701427459717
4.912062168121338
5.209362506866455
4.611349105834961
4.54850959777832
4.387890338897705
5.238238334655762
6.266108989715576
4.533870697021484
4.3662567138671875
27.48406410217285
5.000999450683594
22.908979415893555
4.5930681228637695
37.81150436401367
4.6353759765625
6.963188648223877
5.837223052978516
6.306735038757324
5.28572940826416
19.85040283203125
4.28206729888916
5.015368461608887
6.139522552490234
4.87451171875
6.444971084594727
4.590605735778809
29.366863250732422
4.4012603759765625
5.007480144500732
12.842183113098145
47.7991828918457
41.567138671875
9.47552490234375
4.6978654861450195
5.140595436096191
5.760280132293701
34.30503463745117
5.947238445281982
4.400646209716797
5.426764488220215
6.658181667327881
4.721714496612549
35.915897369384766
5.072126388549805
4.367171764373779
4.233624458312988
4.870236396789551
5.393368721008301
4.773462772369385
5.552920341491699
7.336062431335449
4.871430397033691
18.131305694580078
26.736167907714844
38.10343551635742
5.164798736572266
6.45778226852417
5.374932765960693
4.883085250854492
6.010354518890381
7.320455551147461
4.2796549797058105
4.45334005355835
5.640354156494141
6.678978443145752
4.604720592498779
42.84202575683594
34.49220657348633
4.40623140335083
13.558405876159668
17.935928344726562
5.267570972442627
5.236108779907227
7.54274845123291
23.276151657104492
4.359760761260986
17.882030487060547
9.050271034240723
6.114607810974121
4.004086017608643
6.437153339385986
21.552413940429688
9.944893836975098
4.503480911254883
4.257131576538086
18.227863311767578
19.004209518432617
4.503368854522705
12.151806831359863
19.990665435791016
5.695133209228516
4.482292175292969
5.1095452308654785
20.268285751342773
11.7371826171875
27.3294620513916
5.852874279022217
5.984229564666748
8.177950859069824
4.693023681640625
4.82401180267334
5.074320316314697
6.5740275382995605
5.156032085418701
4.647871971130371
4.465260982513428
27.41316032409668
6.317798137664795
5.329048156738281
6.658432960510254
5.901401519775391
5.9235334396362305
10.75299072265625
5.610693454742432
5.397400856018066
4.868616104125977
6.02947998046875
4.740357875823975
4.498599529266357
4.68048620223999
9.64589786529541
24.911291122436523
37.98093032836914
5.058974742889404
5.447044372558594
4.404670715332031
9.299771308898926
5.3072991371154785
6.625850677490234
36.432106018066406
23.46885871887207
4.4970903396606445
8.942300796508789
4.813419342041016
5.150368690490723
4.690746784210205
4.500005722045898
9.919411659240723
45.05992126464844
15.91883659362793
4.757415771484375
5.246959209442139
4.792375087738037
32.66841125488281
6.259721279144287
17.801414489746094
4.830755233764648
5.817781448364258
4.735440731048584
4.853909492492676
10.304755210876465
4.988683223724365
12.025665283203125
5.901832580566406
29.046672821044922
6.043207168579102
5.67185640335083
5.31801176071167
24.838497161865234
33.33436584472656
4.838472843170166
4.515064716339111
4.495193958282471
7.270308017730713
6.225043296813965
6.016429901123047
12.271675109863281
4.42273473739624
5.547214508056641
5.615981578826904
4.909075736999512
9.86031723022461
4.1738386154174805
7.147115707397461
5.676236152648926
6.797952175140381
35.356693267822266
10.288100242614746
4.569940090179443
4.0673065185546875
4.567784309387207
7.355686187744141
5.731174468994141
4.507058620452881
5.342578887939453
4.212828159332275
4.997180938720703
4.51439905166626
5.451696395874023
17.848979949951172
6.267890453338623
4.507081985473633
4.6545233726501465
38.126136779785156
37.05202865600586
57.0130500793457
5.310629367828369
32.918941497802734
22.000741958618164
29.780258178710938
4.64650297164917
4.475643634796143
5.838027477264404
5.182680606842041
5.061604022979736
4.359046936035156
20.61429786682129
4.933596134185791
31.170780181884766
3.85408616065979
4.563759803771973
13.498220443725586
4.792376518249512
5.146880149841309
4.2083258628845215
9.727806091308594
24.655075073242188
4.234499454498291
32.214569091796875
5.62614107131958
32.31111526489258
36.51667022705078
5.391082286834717
10.633349418640137
4.620079517364502
6.819039344787598
5.157809734344482
5.600560665130615
4.684000015258789
4.698417663574219
23.260639190673828
9.546449661254883
5.1760029792785645
29.230941772460938
6.672183990478516
7.376596927642822
27.656959533691406
31.72918128967285
4.687401294708252
6.986999988555908
5.140096664428711
11.322054862976074
4.973047733306885
28.438142776489258
17.147598266601562
6.150972843170166
9.323141098022461
5.331408977508545
24.463502883911133
4.721950531005859
6.500732898712158
4.808446407318115
4.698751926422119
22.97342300415039
11.17691421508789
5.947280406951904
12.20993423461914
6.5659565925598145
14.50811767578125
7.184708118438721
5.525579452514648
4.748864650726318
5.945228576660156
5.4126973152160645
8.237685203552246
8.570103645324707
6.022725582122803
6.0939812660217285
27.5460205078125
6.503632068634033
4.636350631713867
6.948384761810303
27.37937355041504
10.95111083984375
4.663580417633057
20.991365432739258
8.456573486328125
6.075898170471191
26.314016342163086
5.857690811157227
6.586299896240234
6.458727836608887
48.458011627197266
4.705796241760254
6.024099349975586
4.528964042663574
4.562254905700684
4.819920063018799
6.717526435852051
7.619679927825928
7.203823089599609
5.151231288909912
5.803922176361084
58.5490837097168
7.131480693817139
4.311347961425781
5.145467758178711
4.797213554382324
4.851669788360596
18.71861457824707
4.693706512451172
17.122888565063477
4.778976917266846
6.5734758377075195
23.618600845336914
30.80992889404297
33.935462951660156
4.525402545928955
4.486069679260254
4.5260844230651855
23.277151107788086
6.182458400726318
31.193796157836914
37.828548431396484
4.446164131164551
6.241852283477783
5.803276062011719
5.470584392547607
6.065038681030273
4.3514404296875
9.687610626220703
4.730261325836182
4.954609394073486
5.0937604904174805
7.076359272003174
4.219510078430176
8.46269416809082
5.274689674377441
4.721312999725342
5.1448211669921875
28.566524505615234
6.959735870361328
4.546815395355225
15.298975944519043
4.431082248687744
4.368451118469238
4.904019832611084
4.531519412994385
4.497542381286621
