19.572439193725586
18.796039581298828
19.383779525756836
18.144184112548828
19.065919876098633
19.658218383789062
18.98975372314453
17.66318130493164
19.62010383605957
19.375438690185547
18.646427154541016
18.648950576782227
18.74970817565918
18.2319393157959
17.635129928588867
18.654821395874023
18.308494567871094
18.814058303833008
19.65983772277832
19.028820037841797
19.497697830200195
18.75657081604004
18.527530670166016
18.221227645874023
18.491172790527344
18.49985694885254
18.6449031829834
16.94264793395996
18.348573684692383
17.980073928833008
18.704755783081055
16.62313461303711
17.14460563659668
18.565568923950195
18.171327590942383
18.558259963989258
17.29315948486328
17.41214370727539
18.518081665039062
17.630205154418945
18.28168296813965
18.61912727355957
18.014827728271484
18.417566299438477
15.951669692993164
17.556291580200195
15.150425910949707
15.195981979370117
18.0975341796875
16.49237632751465
17.71112823486328
17.009990692138672
17.14820098876953
15.806554794311523
18.0274600982666
17.2356014251709
17.460676193237305
16.762361526489258
16.848312377929688
14.800067901611328
16.383647918701172
16.649852752685547
14.22044563293457
16.325572967529297
16.64539909362793
15.723797798156738
14.564384460449219
14.848034858703613
13.7088041305542
16.850547790527344
16.101791381835938
16.879703521728516
15.97679328918457
15.950623512268066
15.605241775512695
16.081378936767578
13.08661937713623
15.601667404174805
14.585001945495605
15.450180053710938
14.233284950256348
14.790289878845215
14.321887969970703
12.45612907409668
13.319241523742676
13.212032318115234
13.052366256713867
12.759282112121582
12.133838653564453
12.530235290527344
11.368350982666016
11.925667762756348
11.080517768859863
10.668041229248047
10.240846633911133
10.005514144897461
9.530622482299805
9.030891418457031
8.629518508911133
8.098274230957031
8.158501625061035
6.75550651550293
6.280174732208252
6.218052387237549
6.205645561218262
5.4604172706604
5.754274368286133
5.0961198806762695
5.128427505493164
4.725265979766846
4.254570484161377
4.845419883728027
4.041360855102539
3.709912061691284
3.7535412311553955
3.5621066093444824
3.363861322402954
3.2916464805603027
3.0508832931518555
2.9583539962768555
2.775777578353882
2.4843809604644775
2.465393304824829
2.2121334075927734
2.5047571659088135
2.0768611431121826
3.361065626144409
2.180335760116577
2.255345344543457
2.221942901611328
2.3890860080718994
2.1952271461486816
1.9968212842941284
2.068694591522217
2.0716636180877686
1.8987306356430054
1.8483939170837402
1.6905165910720825
2.265883207321167
1.8268719911575317
1.525636911392212
1.8561210632324219
2.25960636138916
1.5753332376480103
1.330959439277649
1.3742047548294067
1.3012866973876953
1.511264443397522
1.4371747970581055
1.1825110912322998
1.1627590656280518
1.3970803022384644
1.5973563194274902
1.477990746498108
1.2305326461791992
1.0553531646728516
1.2561172246932983
1.2310022115707397
1.0818238258361816
0.9836339354515076
1.006190299987793
0.9365332126617432
1.0355150699615479
1.040433645248413
0.8641631603240967
0.7541921734809875
0.9133831858634949
0.7570269107818604
0.7551660537719727
0.8421792387962341
0.6771675944328308
0.8640991449356079
0.7378116846084595
0.622793972492218
0.6645923852920532
1.193589687347412
1.0842574834823608
0.7511424422264099
0.7465721368789673
0.6260354518890381
0.6863200068473816
0.7792006731033325
0.7065212726593018
0.8115502595901489
0.8586158156394958
0.7081854343414307
0.7022224068641663
0.6003535985946655
0.7502359747886658
0.5869261622428894
0.7433727979660034
0.5963302850723267
0.6603865027427673
0.6372895240783691
0.6260204911231995
0.4813648462295532
0.76606285572052
0.6533451676368713
0.7065935134887695
0.6610337495803833
0.6096401810646057
0.6368066072463989
0.7989801168441772
0.8251925706863403
0.807542085647583
0.7213369607925415
0.6507827639579773
0.9537023901939392
0.6858325600624084
0.5318440794944763
0.6544880270957947
0.5733715295791626
1.0895708799362183
0.564733624458313
0.6992982625961304
0.6489476561546326
0.4605473279953003
0.4334876537322998
0.5606657862663269
0.6241768598556519
0.7056530714035034
0.5747317671775818
0.4940137565135956
0.48459815979003906
0.7369908094406128
0.6888660788536072
0.8604907393455505
0.6647506952285767
0.7341353297233582
0.595227062702179
0.5760958790779114
0.5037956237792969
0.5699383020401001
0.5337492823600769
0.7577977776527405
0.5760113596916199
0.7035017609596252
0.49281957745552063
0.8007081747055054
0.5677567720413208
0.607336163520813
0.6463297605514526
0.5775361061096191
0.4520539939403534
0.5534144043922424
0.6389500498771667
0.6357394456863403
0.4034653604030609
0.587593138217926
0.5664933919906616
0.5640360116958618
0.5667735934257507
0.5535047650337219
0.6217285394668579
0.6084768772125244
0.5065203905105591
0.758904218673706
0.5355573296546936
0.6331509351730347
0.6420667171478271
0.5537223219871521
0.5312964916229248
0.8374027013778687
0.6079092025756836
0.6050490140914917
0.3518844246864319
0.4539661705493927
0.6946964859962463
0.42442452907562256
0.5666653513908386
0.5541495084762573
0.5368309617042542
0.5492054224014282
0.6622200012207031
0.5234691500663757
0.46269455552101135
0.5006142258644104
0.5390397310256958
0.6034955978393555
0.6873935461044312
0.4715232849121094
0.6728566288948059
0.5783265829086304
0.5319308638572693
0.5527241826057434
0.7102547883987427
0.4992883801460266
0.49362650513648987
0.6402866840362549
0.505587637424469
0.5158519744873047
0.37987491488456726
0.6113744378089905
0.7897437214851379
0.5935531258583069
0.4973759353160858
0.5184613466262817
0.47814929485321045
0.4882102608680725
0.5796880722045898
0.6910423636436462
0.4141405522823334
0.538593590259552
0.505826473236084
0.49772194027900696
0.6115046739578247
0.6243734955787659
0.4599851965904236
0.7388911247253418
0.5122812390327454
0.6810006499290466
0.6048057079315186
0.4833625257015228
0.6701576113700867
0.6074954271316528
0.40494605898857117
0.5174684524536133
0.6839058995246887
0.4819217324256897
0.5222344994544983
0.5644239783287048
0.6401993632316589
0.515792727470398
0.5917932987213135
0.732994794845581
0.5915522575378418
0.47551533579826355
0.7483216524124146
0.7978013753890991
0.5005418658256531
0.5102027058601379
0.5547957420349121
0.8743957281112671
0.7321162819862366
0.4477054178714752
0.7891623377799988
0.5998626351356506
0.6056967973709106
0.5605099201202393
0.8600140810012817
0.6025175452232361
0.5493529438972473
0.7322090268135071
0.4981034994125366
0.47090110182762146
0.5322674512863159
0.4941459894180298
0.4206746518611908
0.4964195787906647
0.4887492060661316
0.45407262444496155
0.5609810948371887
0.4977378845214844
0.4888736307621002
0.5853980183601379
0.6248727440834045
0.5772417783737183
0.5002663731575012
0.5450500845909119
0.6064352989196777
0.5718291401863098
0.5183254480361938
0.3977402448654175
0.6817531585693359
0.3982161581516266
0.5654968023300171
0.5043584704399109
0.3961482048034668
0.5763468742370605
0.5135460495948792
0.3938628137111664
0.42757660150527954
0.4060499668121338
0.5027677416801453
0.5896948575973511
0.5133659839630127
0.5800762176513672
0.45811727643013
0.45115888118743896
0.49820324778556824
0.4546477794647217
0.4827638864517212
0.421520471572876
0.38960689306259155
0.4235917329788208
0.47094282507896423
0.3787325918674469
0.3662865459918976
0.478707492351532
0.4259932339191437
0.441208153963089
0.5012184381484985
0.5178495049476624
0.46762099862098694
0.49122217297554016
0.42837148904800415
0.5888404846191406
0.6055065989494324
0.711191713809967
0.6734998822212219
0.6005215048789978
0.6728456616401672
0.5989676713943481
0.5919261574745178
0.5222869515419006
0.586428701877594
0.5732407569885254
0.5688397884368896
0.6373491883277893
0.3187217116355896
0.6644517779350281
0.48577234148979187
0.45452556014060974
0.5298562049865723
0.43760818243026733
0.4199652671813965
0.3629515767097473
0.5650500059127808
0.4698007106781006
0.449421226978302
0.4370669424533844
0.5295570492744446
0.5333764553070068
0.5236342549324036
0.29964810609817505
0.5934273600578308
0.4598981738090515
0.48553144931793213
0.5032937526702881
0.567844808101654
0.48818719387054443
0.5331042408943176
0.44723397493362427
0.4147253930568695
0.5338814854621887
0.5036840438842773
0.5430821776390076
0.5141860246658325
0.49593815207481384
0.5401337146759033
0.4404815137386322
0.5415597558021545
0.5547861456871033
0.5937603116035461
0.4439339339733124
0.5680068135261536
0.4800947904586792
0.6792288422584534
0.46771982312202454
0.4864504337310791
0.45206350088119507
0.6969097256660461
0.5601159930229187
0.7019045948982239
0.7706589698791504
0.6557990312576294
0.5528608560562134
0.6086454391479492
0.500665009021759
0.5835778117179871
0.5477306246757507
0.503111720085144
0.5219599008560181
0.5832746028900146
0.5141207575798035
0.5874190330505371
0.8041040301322937
0.6577413082122803
0.35850790143013
0.554264485836029
0.5028611421585083
0.40222933888435364
0.3824526071548462
0.4647723436355591
0.39290979504585266
0.470249742269516
0.3768461346626282
0.55555260181427
0.3375069499015808
0.4132392406463623
0.41470736265182495
0.42004016041755676
0.7130258083343506
0.39152848720550537
0.34901219606399536
0.3618551194667816
0.4460589587688446
0.3810197114944458
0.39577192068099976
0.5508297681808472
0.4479241967201233
0.5319697260856628
0.5815395712852478
0.4748276472091675
0.5468426942825317
0.6738062500953674
0.4232182502746582
0.5177919268608093
0.5018185973167419
0.5568821430206299
0.493293434381485
0.5448670983314514
0.4773975908756256
0.476715624332428
0.363962858915329
0.5657790303230286
0.38615477085113525
0.5190061926841736
0.4167005121707916
0.47229158878326416
0.5709003806114197
0.3215407133102417
0.6206129193305969
0.47603991627693176
0.5217085480690002
0.42007479071617126
0.4383431673049927
0.47503218054771423
0.4080626964569092
0.39769884943962097
0.40430977940559387
0.3149702847003937
0.44179633259773254
0.4637111723423004
0.5764684081077576
0.5101619362831116
0.3826439082622528
0.4910101592540741
0.45892807841300964
0.44395387172698975
0.3415835499763489
0.4909554421901703
0.5528345704078674
0.4441324770450592
0.4851844906806946
0.5478588342666626
0.4380100667476654
0.6189287900924683
0.7059710621833801
0.4750500023365021
0.604615330696106
0.5085555911064148
0.5137764811515808
0.48805686831474304
0.5510281920433044
0.6810000538825989
0.3880455195903778
0.5358513593673706
0.5011613965034485
0.3939460217952728
0.3072149157524109
0.6647695302963257
0.6326069831848145
0.4857184588909149
0.44875550270080566
0.4493866562843323
0.5634244084358215
0.5485653281211853
0.34038323163986206
0.7844175100326538
0.55644291639328
0.6969655752182007
0.42664188146591187
0.5012739300727844
0.48166146874427795
0.5215330719947815
0.5608804225921631
0.5032543540000916
0.37741807103157043
0.5267829895019531
0.5326647758483887
0.38426825404167175
0.6671708822250366
0.37140557169914246
0.4825476109981537
0.4003167450428009
0.6166963577270508
0.4561687409877777
0.5196161866188049
0.35715508460998535
0.3171437382698059
0.491316020488739
0.4372303783893585
0.5753135681152344
0.45759153366088867
0.6052142977714539
0.3170606791973114
0.47373440861701965
0.6639322638511658
0.6719565987586975
0.41655007004737854
0.52341628074646
0.8774203658103943
0.6085510849952698
0.3975467085838318
0.5575950145721436
0.37016355991363525
0.4872885048389435
0.48881471157073975
0.5591412782669067
0.44439318776130676
0.47685015201568604
0.4608596861362457
0.6596120595932007
0.41185644268989563
0.35578837990760803
0.5149750709533691
0.4442571997642517
0.40917494893074036
0.7215747833251953
0.4182165861129761
0.411128431558609
0.5422012805938721
0.7358659505844116
0.48471799492836
0.5053380727767944
0.5604632496833801
0.5798132419586182
0.4902653694152832
0.5400474071502686
0.5738900899887085
0.5747720003128052
0.3532436192035675
0.5356549620628357
0.4244186282157898
0.47848039865493774
0.4071785509586334
0.36349713802337646
0.350853830575943
0.46441641449928284
0.5315356254577637
0.35051020979881287
0.3393298089504242
0.5161876678466797
0.54154372215271
0.4478205144405365
0.6432485580444336
0.5750778317451477
0.4995853006839752
0.5617008209228516
0.6886913776397705
0.6323192119598389
0.6089408993721008
0.42311108112335205
0.6158631443977356
0.591237485408783
0.47977688908576965
0.49494469165802
0.5228450894355774
0.6135280132293701
0.5278502702713013
0.6503440737724304
0.7495952248573303
0.541547954082489
0.450948029756546
0.5761035680770874
0.6021369695663452
0.49128544330596924
0.3757075071334839
0.5006647706031799
0.4874872863292694
0.44675877690315247
0.4183683693408966
0.42151686549186707
0.555683434009552
0.45337221026420593
0.44209542870521545
0.45204177498817444
0.5285759568214417
0.7831664681434631
0.5227260589599609
0.6014719009399414
0.672374427318573
0.4087788164615631
0.5350026488304138
0.5746907591819763
0.5328471064567566
0.46334102749824524
0.4440261125564575
0.41590726375579834
0.546973705291748
0.4027556777000427
0.4919745624065399
0.37915316224098206
0.47131702303886414
0.5319346189498901
0.45631930232048035
0.32556718587875366
0.4754481613636017
0.500062882900238
0.3869701623916626
0.565902590751648
0.5484898686408997
0.4642390012741089
0.45220494270324707
0.5270059704780579
0.5122815370559692
0.45230168104171753
0.5423665642738342
0.4726012647151947
0.4383655786514282
0.5330852270126343
0.4816981852054596
0.5669007301330566
0.5792168378829956
0.6137442588806152
0.41999244689941406
0.6158385872840881
0.6368229985237122
0.4831133484840393
0.4656941890716553
0.4906100034713745
0.5911906957626343
0.4878140985965729
0.3592824339866638
0.4277551770210266
0.44328707456588745
0.3661094903945923
0.5187125205993652
0.37749797105789185
0.4747130870819092
0.4544590711593628
0.3529108166694641
0.43428099155426025
0.3763120174407959
0.5007928013801575
0.3879048526287079
0.5570015907287598
0.43664029240608215
0.5027579665184021
0.38363999128341675
0.5300819873809814
0.5147748589515686
0.3761501908302307
0.4746433198451996
0.379815012216568
0.4272972643375397
0.4831640422344208
0.3532634377479553
0.3322099447250366
0.38264426589012146
0.5561398267745972
0.33543601632118225
0.3303624391555786
0.3527943193912506
0.4062516987323761
0.3507692515850067
0.461149662733078
0.4216994643211365
0.48465946316719055
0.5208551287651062
0.4912557303905487
0.4264717698097229
0.4734620153903961
0.5297114253044128
0.5758588314056396
0.5803293585777283
0.3493261933326721
0.39329856634140015
0.45832234621047974
0.4924294948577881
0.5327860116958618
0.4541672170162201
0.6590535640716553
0.5261110067367554
0.38960781693458557
0.3660682439804077
0.41847842931747437
0.6072260141372681
0.36844494938850403
0.36458075046539307
0.4749155342578888
0.4456035792827606
0.5546838641166687
0.3534965515136719
0.31701844930648804
0.49022889137268066
0.48097309470176697
0.3692154288291931
0.32388225197792053
0.4511633515357971
0.5259595513343811
0.4447630047798157
0.4566701352596283
0.434414803981781
0.6483590006828308
0.5369271636009216
0.45538297295570374
0.4461275637149811
0.45768222212791443
0.7398832440376282
0.6922222375869751
0.6724276542663574
0.4661141037940979
0.5166290402412415
0.7564037442207336
0.9042426943778992
0.4856042265892029
0.3795560598373413
0.5467657446861267
0.5182046294212341
0.7009497880935669
0.588080883026123
0.34979090094566345
0.4216972887516022
0.4761420488357544
0.5748905539512634
0.39557725191116333
0.32279831171035767
0.6101676225662231
0.49351510405540466
0.4266200661659241
0.34335267543792725
0.44844532012939453
0.5026037096977234
0.40477028489112854
0.5621427893638611
0.5872977375984192
0.4051484763622284
0.5128411650657654
0.5181086659431458
0.4174014627933502
0.4214540719985962
0.34838438034057617
0.43846386671066284
0.3677251935005188
0.5066857933998108
0.30065861344337463
0.38230636715888977
0.42557260394096375
0.37447428703308105
0.40020889043807983
0.34576207399368286
0.40400195121765137
0.2775029242038727
0.35743480920791626
0.32970044016838074
0.3730647563934326
0.3668968081474304
0.472675621509552
0.39557018876075745
0.3954785466194153
0.41607367992401123
0.5044759511947632
0.34042105078697205
0.586759626865387
0.4009314775466919
0.2993181347846985
0.4060017168521881
0.6723515391349792
0.34941452741622925
0.48273012042045593
0.40180110931396484
0.562588632106781
0.48143938183784485
0.3718356788158417
0.29714852571487427
0.3221665322780609
0.367473304271698
0.4907975494861603
0.3065508306026459
0.3492201566696167
0.4571946859359741
0.3733535408973694
0.38528794050216675
0.5141647458076477
0.3746989965438843
0.5346381664276123
0.38838255405426025
0.4250621795654297
0.38319018483161926
0.35486656427383423
0.40576601028442383
0.32260259985923767
0.6435337662696838
0.30787086486816406
0.3199828565120697
0.5023307800292969
0.5942943692207336
0.41093844175338745
0.3257445693016052
0.37778550386428833
0.44318702816963196
0.2656761407852173
0.3428371846675873
0.44122952222824097
0.24883335828781128
0.3238385021686554
0.40280115604400635
0.2729855477809906
0.2861069142818451
0.4134940207004547
0.32826924324035645
0.33071890473365784
0.3588305413722992
0.42122191190719604
0.36414840817451477
0.4072129726409912
0.29423657059669495
0.3859648108482361
0.5092657804489136
0.40127354860305786
0.4461824893951416
0.3414546549320221
0.4395177662372589
0.4401495158672333
0.45819273591041565
0.41377589106559753
0.3435790538787842
0.33208662271499634
0.5407835245132446
0.3623352646827698
0.3829111158847809
0.3844865560531616
0.42807409167289734
0.4107304513454437
0.4792903959751129
0.39753013849258423
0.40684446692466736
0.31355637311935425
0.28072112798690796
0.42262938618659973
0.6395151019096375
0.4460318088531494
0.2858676612377167
0.5404382348060608
0.3311096727848053
0.38119855523109436
0.35262730717658997
0.4543456733226776
0.46366292238235474
0.444369912147522
0.35581162571907043
0.34578025341033936
0.4145612120628357
0.4272981584072113
0.6518943905830383
0.41080620884895325
0.3642740845680237
0.3423078656196594
0.6163434982299805
0.34403255581855774
0.41948723793029785
0.37555786967277527
0.333940327167511
0.34617966413497925
0.36153513193130493
0.3589346706867218
0.39756301045417786
0.37560540437698364
0.3461138606071472
0.34429484605789185
0.41913264989852905
0.35254308581352234
0.30495768785476685
0.46640339493751526
0.3326481282711029
0.35698142647743225
0.3702417016029358
0.3200739920139313
0.3235119879245758
0.4033396244049072
0.42489439249038696
0.478908896446228
0.5076459050178528
0.3733484447002411
0.3591424822807312
0.3184235692024231
0.5788745284080505
0.37177127599716187
0.31602564454078674
0.31341150403022766
0.2828062176704407
0.38261678814888
0.38779541850090027
0.3923404812812805
0.40386152267456055
0.4991898238658905
0.5042994618415833
0.37750717997550964
0.37060850858688354
0.4535611867904663
0.4593037962913513
0.3632085919380188
0.3359154760837555
0.33957818150520325
0.36245667934417725
0.38630104064941406
0.43636032938957214
0.4130166471004486
0.3816838264465332
0.29025977849960327
0.31794166564941406
0.3602503538131714
0.38751518726348877
0.36602792143821716
0.3166085183620453
0.39292800426483154
0.2805681824684143
0.3675675690174103
0.328729510307312
0.3279382288455963
0.4432951509952545
0.41187936067581177
0.31288081407546997
0.4003296196460724
0.4739852249622345
0.37678784132003784
0.3104458451271057
0.26946237683296204
0.29288461804389954
0.41705265641212463
0.4657127559185028
0.3270445466041565
0.5363479852676392
0.38880667090415955
0.36540424823760986
0.5216365456581116
0.3538387417793274
0.4117223620414734
0.3706287145614624
0.3285588026046753
0.4460231363773346
0.4478500783443451
0.48102065920829773
0.41863784193992615
0.4991774260997772
0.31954559683799744
0.2872014045715332
0.4864933490753174
0.5749935507774353
0.4756486117839813
0.47408077120780945
0.2696353495121002
0.3984376788139343
0.47728076577186584
0.24725301563739777
0.5074573755264282
0.4082367718219757
0.46578389406204224
0.38484203815460205
0.592170774936676
0.34155094623565674
0.429050475358963
0.46207237243652344
0.4356347918510437
0.36308354139328003
0.3018692433834076
0.33872923254966736
0.43309372663497925
0.49740350246429443
0.40229490399360657
0.3338724672794342
0.42038512229919434
0.41297513246536255
0.5741010904312134
