21.105907440185547
20.37822151184082
20.582366943359375
20.026988983154297
20.625795364379883
21.034666061401367
20.54453468322754
19.50841522216797
20.88019371032715
20.635740280151367
20.223642349243164
20.101099014282227
20.290996551513672
19.937681198120117
18.60982322692871
20.052867889404297
19.78037452697754
20.327106475830078
20.981534957885742
20.449106216430664
20.58068084716797
20.203222274780273
19.961284637451172
19.77310562133789
19.764238357543945
19.814023971557617
20.08956527709961
18.07642364501953
19.591842651367188
19.333126068115234
19.81477928161621
17.65476417541504
18.514846801757812
19.58244514465332
19.318185806274414
19.47007942199707
18.03423500061035
18.608291625976562
19.375625610351562
18.66570281982422
19.17877960205078
19.15730857849121
18.743698120117188
19.011594772338867
16.718852996826172
18.36795425415039
15.971524238586426
15.807757377624512
18.385469436645508
17.28827667236328
18.0129451751709
17.571765899658203
17.499860763549805
16.4313907623291
17.76993179321289
17.2446231842041
17.27922248840332
16.679946899414062
16.62493324279785
14.811826705932617
16.258087158203125
16.123994827270508
13.994708061218262
15.706267356872559
15.72562026977539
14.731522560119629
13.525362968444824
13.577881813049316
12.726664543151855
14.816835403442383
14.327001571655273
14.202310562133789
13.727776527404785
13.38968563079834
13.057055473327637
12.9284086227417
10.993673324584961
12.29030990600586
11.640615463256836
11.729392051696777
10.989387512207031
11.12608814239502
10.480639457702637
9.41594409942627
9.919533729553223
9.619258880615234
9.260091781616211
9.097952842712402
8.550908088684082
8.577428817749023
8.062505722045898
8.026209831237793
7.658441066741943
7.412215232849121
7.0750508308410645
6.902777194976807
6.658607006072998
6.544487953186035
6.275838851928711
6.003547668457031
5.858973503112793
5.6417012214660645
5.414495944976807
5.383081912994385
5.396145343780518
5.116820335388184
5.207176685333252
5.049434185028076
4.794123649597168
4.700677871704102
4.573268413543701
4.54902982711792
4.5028300285339355
4.38388204574585
4.367828845977783
4.2960710525512695
4.206332683563232
4.080317974090576
4.074748516082764
4.034247398376465
3.898155927658081
3.807425022125244
3.9806761741638184
3.7788355350494385
3.725353240966797
3.702878475189209
3.861281394958496
3.5700600147247314
3.5216853618621826
3.468804359436035
3.4767842292785645
3.453261613845825
3.4398932456970215
3.372924327850342
3.2261435985565186
3.0659334659576416
3.189302921295166
3.0625107288360596
3.1707913875579834
3.0010416507720947
2.6569414138793945
2.956789255142212
3.020878314971924
2.8810431957244873
2.8934457302093506
2.8152856826782227
2.7866275310516357
2.7198686599731445
2.7322676181793213
2.656933069229126
2.5791523456573486
2.6862010955810547
2.6830883026123047
2.6004204750061035
2.5931758880615234
2.620285749435425
2.4337191581726074
2.5897340774536133
2.486178398132324
2.4259698390960693
2.380092144012451
2.2967190742492676
2.3685836791992188
2.443586826324463
2.416093587875366
2.3650755882263184
2.3580338954925537
2.3066089153289795
2.2385013103485107
2.238579750061035
2.236917018890381
2.246525526046753
2.273453950881958
2.173293352127075
2.1991453170776367
2.2606372833251953
2.2546064853668213
2.1886041164398193
2.174647808074951
2.1069653034210205
2.0855681896209717
2.122573137283325
2.063857078552246
2.1660029888153076
2.038151264190674
2.1351025104522705
2.0375263690948486
2.0414040088653564
2.074848175048828
2.0214929580688477
1.9698055982589722
1.925534725189209
1.9992265701293945
1.9757591485977173
1.962159276008606
1.9847426414489746
1.9166851043701172
1.9148257970809937
1.8616055250167847
1.8217554092407227
1.824355959892273
1.8905577659606934
1.8834900856018066
1.8970617055892944
1.902504324913025
1.895560622215271
1.8780581951141357
1.8496990203857422
1.9166449308395386
1.753476619720459
1.8566946983337402
1.8908170461654663
1.9309380054473877
1.84880793094635
1.8690861463546753
1.765235424041748
1.7781896591186523
1.7794826030731201
1.7695664167404175
1.7040467262268066
1.8311131000518799
1.7574753761291504
1.7898221015930176
1.8015995025634766
1.7173646688461304
1.5643658638000488
1.7623313665390015
1.7101292610168457
1.812869668006897
1.5832635164260864
1.704584002494812
1.5515000820159912
1.6677680015563965
1.6796791553497314
1.6543751955032349
1.6977488994598389
1.679789423942566
1.681972861289978
1.6313873529434204
1.6758079528808594
1.647550344467163
1.6071630716323853
1.698339819908142
1.649759292602539
1.6916987895965576
1.631072998046875
1.6490060091018677
1.5688236951828003
1.6889108419418335
1.6298965215682983
1.589790940284729
1.583182692527771
1.6163221597671509
1.6373226642608643
1.6905111074447632
1.577907681465149
1.5256479978561401
1.5867618322372437
1.4908708333969116
1.5913006067276
1.524423599243164
1.5338706970214844
1.59523344039917
1.519502878189087
1.5093162059783936
1.5661674737930298
1.5534725189208984
1.572862982749939
1.5407066345214844
1.5069034099578857
1.5587246417999268
1.583940863609314
1.464660406112671
1.5597742795944214
1.3898314237594604
1.3839274644851685
1.5330984592437744
1.5167272090911865
1.3994592428207397
1.5450812578201294
1.453438401222229
1.5354210138320923
1.463953971862793
1.5024542808532715
1.4933980703353882
1.4924994707107544
1.4741089344024658
1.5058950185775757
1.4919286966323853
1.5257551670074463
1.4344418048858643
1.3423452377319336
1.4479897022247314
1.3609696626663208
1.4953994750976562
1.4118388891220093
1.4880516529083252
1.4547439813613892
1.4813544750213623
1.3837445974349976
1.2933349609375
1.4578521251678467
1.4674577713012695
1.4202632904052734
1.4455541372299194
1.4335812330245972
1.3112901449203491
1.3137190341949463
1.4568657875061035
1.3887859582901
1.3326070308685303
1.4258716106414795
1.4179091453552246
1.3254960775375366
1.4484081268310547
1.414552092552185
1.2788845300674438
1.4202529191970825
1.4373685121536255
1.4011869430541992
1.328697919845581
1.1730530261993408
1.4113801717758179
1.3937979936599731
1.3568840026855469
1.3581455945968628
1.3744233846664429
1.3802624940872192
1.4720207452774048
1.3831247091293335
1.400543451309204
1.3189306259155273
1.3765685558319092
1.334035873413086
1.3584293127059937
1.2980456352233887
1.3631587028503418
1.3167212009429932
1.3482763767242432
1.3532851934432983
1.378510594367981
1.356457233428955
1.3418775796890259
1.3382964134216309
1.212591290473938
1.3261961936950684
1.3367823362350464
1.2156471014022827
1.3106876611709595
1.396018624305725
1.3565237522125244
1.2744969129562378
1.3191328048706055
1.3013416528701782
1.2845571041107178
1.3261970281600952
1.2900348901748657
1.2628591060638428
1.2779072523117065
1.3414549827575684
1.3167630434036255
1.3055061101913452
1.2785288095474243
1.3220369815826416
1.3014460802078247
1.3079464435577393
1.1993590593338013
1.2947473526000977
1.2293670177459717
1.2949734926223755
1.190561056137085
1.2823264598846436
1.2489408254623413
1.3159056901931763
1.3725388050079346
1.3373980522155762
1.29253351688385
1.2399311065673828
1.2253955602645874
1.174277424812317
1.244304895401001
1.2766155004501343
1.3332443237304688
1.2490367889404297
1.3042140007019043
1.2887219190597534
1.300351619720459
1.3002076148986816
1.2459725141525269
1.2282285690307617
1.2737268209457397
1.2468758821487427
1.1490217447280884
1.2500252723693848
1.1208758354187012
1.212502360343933
1.1814160346984863
1.2530484199523926
1.2353023290634155
1.1769599914550781
1.202153205871582
1.2497437000274658
1.2414484024047852
1.2765381336212158
1.2503372430801392
1.0756922960281372
1.2752805948257446
1.2026019096374512
1.23045015335083
1.1286201477050781
1.2404553890228271
1.2117230892181396
1.2272415161132812
1.1565470695495605
1.197257161140442
1.201177954673767
1.2513049840927124
1.1141517162322998
1.2491836547851562
1.1937239170074463
1.2405116558074951
1.1751683950424194
1.0914490222930908
1.101707935333252
1.0696377754211426
1.2086966037750244
1.2342464923858643
1.210189938545227
1.2199101448059082
1.0924391746520996
1.117480754852295
1.1657131910324097
1.0855531692504883
1.2258859872817993
1.0941650867462158
1.2149652242660522
1.212407112121582
1.1020039319992065
1.2077476978302002
1.2331677675247192
1.2283488512039185
1.192399501800537
1.205061912536621
1.2620034217834473
1.16501784324646
1.1519296169281006
1.1702170372009277
1.2046031951904297
1.160577416419983
1.198914647102356
1.2086796760559082
1.1656402349472046
1.1334717273712158
1.1774500608444214
1.1718230247497559
1.1795192956924438
1.1649723052978516
1.0418705940246582
1.1473667621612549
1.1419676542282104
1.1163599491119385
1.2099326848983765
1.1059132814407349
1.2184487581253052
1.1630518436431885
1.160522699356079
1.2247321605682373
1.1448874473571777
1.081242561340332
1.2093966007232666
1.1599539518356323
1.1185851097106934
1.154646873474121
1.045180320739746
1.1527408361434937
1.1399598121643066
1.1679565906524658
1.166070818901062
1.1871469020843506
1.1956080198287964
1.0921545028686523
1.164711833000183
1.1148284673690796
1.1888638734817505
1.136202335357666
1.165175199508667
1.1345759630203247
1.1109241247177124
1.1042643785476685
1.1267327070236206
1.1607950925827026
1.092391014099121
1.0616036653518677
1.1188603639602661
1.1627763509750366
1.1401362419128418
1.1325763463974
1.1346265077590942
1.1211339235305786
1.1453653573989868
1.1565309762954712
1.0738612413406372
1.165200114250183
1.1156126260757446
1.1230239868164062
1.1676335334777832
1.2055902481079102
1.1223326921463013
1.1034029722213745
1.0985238552093506
1.0169721841812134
1.1231822967529297
1.1316100358963013
1.1175694465637207
1.0887820720672607
1.1203218698501587
1.1028448343276978
1.179523229598999
1.128619909286499
1.08836829662323
1.0629831552505493
1.0907301902770996
1.100266456604004
1.1066306829452515
1.130264163017273
1.0729197263717651
1.0941941738128662
1.049362301826477
1.0917686223983765
1.1271750926971436
1.040105938911438
1.0861613750457764
1.09591805934906
1.0743560791015625
1.0893518924713135
1.1019327640533447
1.0968265533447266
1.0069197416305542
1.1261101961135864
1.0863149166107178
1.0427252054214478
1.1182743310928345
1.0413999557495117
1.0699437856674194
1.0025368928909302
1.0597110986709595
1.0941627025604248
1.065333604812622
1.0879820585250854
1.0643196105957031
1.1152937412261963
1.1825674772262573
1.0571306943893433
1.0585569143295288
1.0912491083145142
1.084499478340149
1.1106609106063843
1.052878737449646
1.0853242874145508
1.1046148538589478
1.0957424640655518
1.0445899963378906
1.0872910022735596
1.0465946197509766
1.148016333580017
1.1124494075775146
1.07613205909729
1.064287781715393
1.0650569200515747
0.9818785786628723
1.1229199171066284
0.9699047207832336
1.0742708444595337
0.9974725842475891
1.0778758525848389
1.0551860332489014
1.1510683298110962
1.0721766948699951
1.0507370233535767
1.0675626993179321
1.0421984195709229
1.0809471607208252
1.0338672399520874
1.009928822517395
1.0307185649871826
1.0478079319000244
1.052996039390564
1.0247608423233032
1.041888952255249
1.0873910188674927
1.056363821029663
1.0238484144210815
1.046935796737671
1.067694902420044
1.0393122434616089
1.1032474040985107
1.0080835819244385
1.0688308477401733
1.000015377998352
1.0205351114273071
1.0141500234603882
1.0432450771331787
1.0315077304840088
1.0541845560073853
1.092137336730957
0.9938290119171143
1.0338832139968872
1.003683090209961
1.083247423171997
1.052368402481079
1.0899678468704224
1.012261986732483
1.0333927869796753
1.0274720191955566
1.066747784614563
1.0299128293991089
0.9329624772071838
0.9360204339027405
0.9797526001930237
1.0468437671661377
1.0580679178237915
1.031139850616455
1.0238983631134033
0.9688428044319153
1.0978364944458008
1.030837893486023
0.9264808297157288
1.0564180612564087
1.0322028398513794
1.0746002197265625
1.041720986366272
0.9892842173576355
1.0423262119293213
1.0468906164169312
1.0458108186721802
1.0371545553207397
0.9451569318771362
0.9738050103187561
1.0140600204467773
1.0493462085723877
1.0554039478302002
0.9944353699684143
0.998694896697998
1.0310962200164795
1.0192780494689941
0.951949417591095
1.0234111547470093
1.0344256162643433
1.0242944955825806
1.039618968963623
1.0073245763778687
1.0006486177444458
1.0023720264434814
0.9759132862091064
1.0201889276504517
1.0321708917617798
0.995731770992279
1.0611237287521362
1.021782398223877
1.0081230401992798
1.082851529121399
0.983382523059845
0.972356915473938
1.0269956588745117
1.0041066408157349
1.0356864929199219
0.9253053665161133
1.0254650115966797
1.0272953510284424
1.0479776859283447
0.9857468605041504
1.0046638250350952
1.0084645748138428
1.0052292346954346
0.9797406792640686
1.0168322324752808
1.0040676593780518
0.9190176129341125
0.9588399529457092
1.0243200063705444
1.0467560291290283
1.0370490550994873
1.0121681690216064
1.0548346042633057
0.9370799660682678
1.0722166299819946
1.046069622039795
1.0218833684921265
1.0343952178955078
1.0082355737686157
1.0235968828201294
0.9777933955192566
0.9829800724983215
0.9956526756286621
0.9744639992713928
1.0060546398162842
1.0357255935668945
0.9877117872238159
1.0499438047409058
0.9800600409507751
0.9997861385345459
1.0012933015823364
1.0271358489990234
1.0078669786453247
0.9847556352615356
0.9710376858711243
0.9371194839477539
0.9844136238098145
0.9734993577003479
1.0251320600509644
0.9362382888793945
0.9925485253334045
1.0091819763183594
0.9487086534500122
0.954796314239502
0.9858227968215942
0.9728578925132751
1.0054117441177368
1.0027669668197632
0.9222542643547058
1.016466736793518
0.9604145288467407
1.0161429643630981
0.9817537069320679
1.0050582885742188
0.9558683037757874
0.955636203289032
1.021816611289978
1.0444401502609253
0.9730370044708252
0.90065997838974
1.0249342918395996
0.985637903213501
0.988197386264801
0.949089765548706
0.9296318292617798
0.9589194059371948
0.9763920307159424
0.9485909342765808
0.9400398135185242
1.014724850654602
0.9614317417144775
0.9751119017601013
0.9315060973167419
0.8960092067718506
0.9721214175224304
0.8415640592575073
0.9337724447250366
0.9901805520057678
0.9711929559707642
1.039863109588623
1.0052926540374756
0.954430341720581
1.0179340839385986
1.0438505411148071
0.9618406295776367
0.9747660756111145
1.0281627178192139
0.939701497554779
0.9504175186157227
0.9541870951652527
1.0075688362121582
0.8943641185760498
0.9396250247955322
1.0284955501556396
0.9833294153213501
0.9407228827476501
0.9156914353370667
0.9545718431472778
1.0006864070892334
1.0600098371505737
0.9479337930679321
0.9760009050369263
0.9621914029121399
0.9098777174949646
1.0351955890655518
0.979399561882019
0.9916370511054993
0.9891895651817322
0.937126874923706
0.938600480556488
0.9740090370178223
0.9965087175369263
1.0288530588150024
0.9723770618438721
0.9742287397384644
0.9954917430877686
0.998643696308136
0.9154952168464661
0.8795911073684692
0.9481662511825562
0.962975800037384
0.9410544633865356
0.937790036201477
0.9580386281013489
1.0108649730682373
0.9451252222061157
0.9988498091697693
1.0176868438720703
0.9309626817703247
0.9810768365859985
0.9645183682441711
0.9817270040512085
1.0057134628295898
0.9359889626502991
0.98482346534729
0.9802969694137573
0.9998056888580322
0.9279413223266602
0.9444828629493713
0.9191129803657532
1.01364266872406
0.9866155982017517
0.9401211142539978
0.9669910073280334
0.9869924187660217
0.9363855123519897
0.9486153721809387
0.9646061062812805
0.8723723292350769
0.9779823422431946
1.0253831148147583
0.9243149161338806
0.9494681358337402
0.9463005661964417
0.9745609760284424
0.9858880043029785
0.9465360641479492
0.969001829624176
0.9368841052055359
0.9549826383590698
1.0409958362579346
0.9501183032989502
0.9844301342964172
0.9673812985420227
0.989342987537384
1.018165946006775
0.9215629696846008
0.9536281824111938
0.957355797290802
0.9771716594696045
0.9411528706550598
0.8936653137207031
0.9864034652709961
0.9780004620552063
1.0172369480133057
0.8108499646186829
0.9347012042999268
0.9565283060073853
1.0549678802490234
0.9937077164649963
0.9408896565437317
1.023752212524414
0.9462642073631287
0.9985466599464417
0.9722826480865479
0.8949404954910278
0.9804518222808838
0.97174471616745
0.9425995349884033
0.898255467414856
0.9769785404205322
1.0127477645874023
0.9626768827438354
1.000351905822754
0.9330963492393494
1.0090806484222412
0.9396117925643921
0.934201717376709
1.0136451721191406
0.907570481300354
0.9535818099975586
0.9819769859313965
0.9692854881286621
0.9573682546615601
0.9209648370742798
0.9504786133766174
0.8847365379333496
0.9368264079093933
0.9994906783103943
0.921840488910675
0.8423267006874084
0.8974079489707947
0.9465219378471375
0.911648690700531
0.9288902282714844
0.9031320214271545
0.9138663411140442
0.9882873296737671
0.9307699799537659
0.8845228552818298
0.9916720986366272
0.9481437802314758
1.0014679431915283
0.9717879891395569
0.9608145952224731
0.9975797533988953
0.9227670431137085
0.892448365688324
0.9614036679267883
0.9332486987113953
0.9315322637557983
0.9793145656585693
0.8789327144622803
0.9448134899139404
0.9502265453338623
0.983873724937439
0.9727756381034851
0.9324585795402527
0.9962673783302307
0.932336688041687
0.8983553647994995
0.9432315826416016
0.8520143032073975
0.9488402605056763
0.8993017077445984
0.9002869129180908
0.9428324699401855
0.9334330558776855
1.0082474946975708
0.9560996294021606
0.9749780893325806
0.9134088754653931
0.9097492694854736
0.8912383913993835
0.8468227386474609
0.881493866443634
0.9360622763633728
0.9384912252426147
0.9211155772209167
0.9085076451301575
0.897102415561676
0.9555535316467285
0.9144478440284729
0.892562210559845
0.9603626132011414
0.9460186958312988
0.952556312084198
0.923823893070221
0.9524362087249756
0.9302408695220947
0.9631728529930115
0.941409707069397
0.8874532580375671
0.9190273284912109
0.9114393591880798
0.9359530210494995
0.9884121417999268
0.9217742085456848
0.9704961180686951
0.9091843366622925
0.9614810347557068
0.915357768535614
1.0038366317749023
0.9608726501464844
0.9475321173667908
0.9327474236488342
0.9817899465560913
0.9419541358947754
0.9308801889419556
0.8442447185516357
0.9886605739593506
0.91250079870224
0.8975785970687866
0.9615400433540344
0.9112852811813354
0.9534492492675781
0.8622948527336121
0.938674807548523
0.9484621286392212
0.9117018580436707
0.9361668825149536
0.9334737658500671
0.9801899790763855
0.8950556516647339
0.9009680151939392
0.922397255897522
0.9240262508392334
0.9350028038024902
0.9051435589790344
0.9415987730026245
0.9039656519889832
0.902307391166687
0.9257773756980896
0.9073799252510071
0.9560997486114502
0.939700186252594
0.9500961303710938
0.8992443680763245
0.9531736373901367
0.8566458821296692
0.973628044128418
0.9309876561164856
0.9969229698181152
0.9517085552215576
0.9483495950698853
0.9277821183204651
0.9243053197860718
0.9685487151145935
0.907781720161438
0.9046756625175476
0.9426811337471008
0.9659476280212402
0.9127295017242432
0.9358597993850708
0.9051880836486816
0.9213992357254028
0.9725476503372192
0.9415618777275085
0.9316568970680237
0.8988446593284607
0.8849167823791504
0.8365179300308228
0.97993403673172
0.9339586496353149
0.9163286685943604
0.9073765277862549
0.9075321555137634
0.9268167614936829
0.9782010912895203
0.9085304141044617
0.9054105877876282
0.9702135324478149
0.9909235239028931
0.9586760997772217
0.9238054752349854
0.9031621217727661
0.9589507579803467
0.8282317519187927
0.9685276746749878
0.9784674644470215
0.9620886445045471
0.8981105089187622
0.9235153198242188
0.9925390481948853
0.9192011952400208
0.9207552075386047
0.9880601167678833
0.942499041557312
0.8954058885574341
0.8620759844779968
0.8713682889938354
0.9523630738258362
0.919951856136322
0.923100471496582
0.9778421521186829
0.9288702607154846
0.9180676937103271
0.8564791679382324
0.9459925293922424
0.9537599682807922
0.8299480080604553
0.9469903707504272
0.9397303462028503
0.9056912064552307
0.9203425645828247
