136.7455596923828
123.80875396728516
118.10779571533203
132.4772491455078
102.2385025024414
128.7485809326172
140.1517791748047
132.85752868652344
134.9254150390625
132.79347229003906
122.14078521728516
130.57330322265625
134.0009002685547
134.61050415039062
109.11371612548828
115.72901153564453
132.78684997558594
132.60617065429688
123.6825180053711
129.47691345214844
130.71266174316406
129.2185516357422
128.54286193847656
134.0410614013672
109.45938110351562
119.3226089477539
111.0826416015625
117.97797393798828
111.5807113647461
110.00785064697266
127.32019805908203
95.62271118164062
110.77960968017578
129.30482482910156
113.87206268310547
122.11686706542969
127.54374694824219
109.75374603271484
120.52452850341797
94.14793395996094
114.88774871826172
123.82012939453125
122.83303833007812
103.15735626220703
115.2105941772461
118.663818359375
127.95938873291016
96.9572525024414
102.6527328491211
117.62948608398438
102.57237243652344
122.40465545654297
112.57815551757812
92.8553695678711
86.65569305419922
76.40298461914062
108.6291275024414
109.5396499633789
106.89784240722656
94.353759765625
99.68629455566406
90.16004180908203
90.60618591308594
93.64497375488281
94.18281555175781
85.77751922607422
88.4579849243164
87.09932708740234
79.5371322631836
86.27728271484375
94.66167449951172
82.64408111572266
90.79719543457031
74.34300994873047
65.35739135742188
76.86051940917969
73.34406280517578
66.63997650146484
61.362640380859375
71.53350067138672
69.53211212158203
59.36860275268555
55.384613037109375
58.04118347167969
49.84687042236328
43.20660400390625
49.261260986328125
44.16188049316406
40.665931701660156
39.87828063964844
41.61223220825195
41.615997314453125
38.6834602355957
33.20283508300781
35.87068176269531
35.7799072265625
32.39106369018555
29.748153686523438
23.182960510253906
28.145315170288086
19.875934600830078
24.42227554321289
26.0328369140625
18.925073623657227
20.873361587524414
21.43081283569336
19.984371185302734
16.18103790283203
19.36383628845215
16.175363540649414
15.454319953918457
15.655917167663574
13.381141662597656
12.280327796936035
12.623465538024902
12.126151084899902
11.248425483703613
9.8461275100708
9.355728149414062
8.27772331237793
7.7253828048706055
7.426933765411377
6.966691017150879
6.502274513244629
5.453052043914795
5.155216693878174
5.073992729187012
4.819241523742676
5.057126522064209
4.519988536834717
4.704024314880371
4.521336555480957
4.428724765777588
4.254469394683838
4.292701244354248
4.22633171081543
3.742840051651001
3.8749570846557617
3.4281132221221924
3.6923916339874268
3.5878608226776123
3.2677407264709473
3.249398946762085
3.0003132820129395
2.9579720497131348
2.959486246109009
3.170201063156128
2.2544565200805664
3.0248727798461914
2.5315494537353516
2.9484872817993164
2.8722872734069824
2.6631510257720947
2.8005805015563965
2.5438709259033203
2.8819806575775146
2.618701696395874
2.7403459548950195
2.661856174468994
2.6969354152679443
2.7308735847473145
2.6066486835479736
2.897930383682251
2.369379997253418
2.4635400772094727
2.6958799362182617
2.4552297592163086
2.4606235027313232
2.472508192062378
2.3101723194122314
2.3521358966827393
2.431974172592163
2.397207021713257
2.3919284343719482
2.0861563682556152
2.2322449684143066
2.291971445083618
2.264439821243286
2.3049213886260986
2.2166075706481934
2.102996587753296
2.301429510116577
1.921587347984314
2.381944417953491
2.114868402481079
2.0805704593658447
2.225005626678467
2.3149192333221436
2.1009318828582764
2.2398672103881836
2.220949172973633
2.220181703567505
2.292607545852661
2.0810415744781494
2.147796392440796
1.8790100812911987
2.223642110824585
2.066767454147339
1.9815951585769653
1.9490176439285278
1.9584332704544067
1.8787670135498047
1.7863349914550781
1.9379522800445557
2.1099443435668945
2.067125082015991
1.9160773754119873
1.9911657571792603
1.6368672847747803
1.8630677461624146
1.9095642566680908
1.8985506296157837
1.796181082725525
2.0695419311523438
2.0510637760162354
2.0625622272491455
1.9906058311462402
1.8372063636779785
2.0347089767456055
2.006709098815918
1.8636221885681152
2.1241934299468994
2.0888113975524902
1.883515477180481
2.0790719985961914
1.8659279346466064
1.9952203035354614
1.8472075462341309
2.023151159286499
1.9539097547531128
1.876520037651062
1.9420318603515625
1.5868817567825317
1.7144556045532227
1.7971140146255493
1.9292325973510742
1.8471447229385376
1.8261140584945679
1.9374456405639648
1.9145030975341797
1.9531036615371704
1.888701319694519
1.9154525995254517
2.0516164302825928
1.744215965270996
1.7400134801864624
1.8861044645309448
1.651932716369629
1.764269232749939
1.7307182550430298
1.859107255935669
1.7465864419937134
1.7067759037017822
1.856998324394226
1.6717687845230103
1.7633075714111328
1.8196345567703247
1.5501309633255005
1.8125263452529907
1.7706079483032227
1.7152565717697144
1.6695140600204468
1.7109392881393433
1.6400178670883179
1.6613208055496216
1.744450330734253
1.5091770887374878
1.7637419700622559
1.771857738494873
1.72566819190979
1.6062287092208862
1.8117773532867432
1.7521144151687622
1.6896473169326782
1.789419174194336
1.5625498294830322
1.7324687242507935
1.7384467124938965
1.7031159400939941
1.6912819147109985
1.7477023601531982
1.389980673789978
1.6302928924560547
1.7346326112747192
1.7182607650756836
1.7293452024459839
1.5724453926086426
1.552355170249939
1.4673672914505005
1.745694637298584
1.73259699344635
1.3165558576583862
1.6270685195922852
1.7466068267822266
1.5725668668746948
1.7179051637649536
1.6688594818115234
1.4832499027252197
1.7048225402832031
1.5489362478256226
1.5417981147766113
1.6861389875411987
1.5779305696487427
1.6286876201629639
1.7064809799194336
1.3781757354736328
1.7190520763397217
2.9251272678375244
1.6462377309799194
1.6671375036239624
1.5391969680786133
1.6631042957305908
1.5946428775787354
1.629482626914978
1.4058866500854492
1.455820083618164
1.6819634437561035
1.7010767459869385
1.666131854057312
1.6740102767944336
1.56675386428833
1.6212083101272583
1.531402587890625
1.394758939743042
1.5952033996582031
1.360052466392517
1.553239345550537
1.524449348449707
1.7084733247756958
1.4975485801696777
1.612831473350525
1.4678715467453003
1.4131590127944946
1.3534749746322632
1.6486752033233643
1.2703202962875366
1.6046284437179565
1.3090200424194336
1.5776177644729614
1.6449484825134277
1.438930869102478
1.6543718576431274
1.6341431140899658
1.387467622756958
1.6115925312042236
1.738169550895691
1.5662084817886353
1.2944860458374023
1.5555981397628784
1.2721961736679077
1.4599653482437134
1.6131539344787598
1.573844313621521
1.4856756925582886
1.4772530794143677
1.4241890907287598
1.3040268421173096
1.58419668674469
1.618710994720459
1.5940611362457275
1.476534128189087
1.3734022378921509
1.5004814863204956
1.5771030187606812
1.5638928413391113
1.3421630859375
1.4031786918640137
1.4372732639312744
1.5902082920074463
1.561065912246704
1.5414588451385498
1.4577875137329102
1.4207817316055298
1.5944581031799316
1.5752925872802734
1.384234070777893
1.5503848791122437
1.325792670249939
1.2922371625900269
1.5504287481307983
1.504603385925293
1.4365849494934082
1.5532610416412354
1.400530219078064
1.3669672012329102
1.3889696598052979
1.4873411655426025
1.4278812408447266
1.3744486570358276
1.2859821319580078
1.3824999332427979
1.5186920166015625
1.528769612312317
1.5752345323562622
1.52620267868042
1.4185396432876587
1.5175590515136719
1.327610731124878
1.3356105089187622
1.5390264987945557
1.4721999168395996
1.4896118640899658
1.3525550365447998
1.5253201723098755
1.3826178312301636
1.4905431270599365
1.3497447967529297
1.4106395244598389
1.4870253801345825
1.3686697483062744
1.3216341733932495
1.432845950126648
1.470111608505249
1.4961947202682495
1.3366612195968628
1.4989533424377441
1.470306396484375
1.4280089139938354
1.1066617965698242
1.451688528060913
1.3815817832946777
1.186196208000183
1.370567798614502
1.3543965816497803
1.424444556236267
1.4597769975662231
1.1343274116516113
1.3810151815414429
1.383857011795044
1.4510154724121094
1.4693082571029663
1.3385227918624878
1.2208831310272217
1.4632400274276733
1.3588664531707764
1.126086711883545
1.3906397819519043
1.424000859260559
1.4233535528182983
1.4442524909973145
1.279736876487732
1.3022112846374512
1.3242137432098389
1.297960877418518
0.9830389618873596
1.2504448890686035
1.406442403793335
1.5030238628387451
1.4206147193908691
1.4274474382400513
1.4422101974487305
1.281001329421997
1.3982234001159668
1.3533565998077393
1.276347279548645
1.3274943828582764
1.1273319721221924
1.4287214279174805
1.4188587665557861
1.265000343322754
1.268172264099121
1.393724799156189
1.4406487941741943
1.3019168376922607
1.2920854091644287
1.3932234048843384
1.3889591693878174
1.4222846031188965
1.3600051403045654
1.2916007041931152
1.4235562086105347
1.4008023738861084
1.3586770296096802
1.422208547592163
1.3157477378845215
1.2208476066589355
1.4156826734542847
1.3842952251434326
1.380842685699463
1.3755378723144531
1.1962372064590454
1.408390998840332
1.2249319553375244
1.2473223209381104
1.2316491603851318
1.419320821762085
1.2021269798278809
1.3687822818756104
1.4006576538085938
1.3652853965759277
1.2554351091384888
1.2728559970855713
1.1323381662368774
1.283107876777649
1.371745228767395
1.3522626161575317
1.141985297203064
1.3184788227081299
1.2366416454315186
1.2166789770126343
1.3130849599838257
1.3301239013671875
1.2913506031036377
1.3372756242752075
1.2008873224258423
1.3052430152893066
1.3064533472061157
1.1972099542617798
1.3822216987609863
1.1987736225128174
1.1882866621017456
1.197668194770813
1.2955431938171387
1.194080114364624
1.3784648180007935
1.2451181411743164
1.2374927997589111
1.2277716398239136
1.2596983909606934
1.2174122333526611
1.370998740196228
1.2481575012207031
1.1263521909713745
1.2459323406219482
1.349242925643921
1.3558683395385742
1.2161445617675781
1.3742374181747437
1.2926032543182373
1.3693954944610596
1.1131130456924438
1.3425482511520386
1.1798704862594604
1.3426706790924072
1.3647840023040771
1.363738775253296
1.2339622974395752
1.3222097158432007
1.3832045793533325
1.319225549697876
1.198049783706665
1.3725882768630981
1.3487982749938965
1.3700544834136963
1.3626924753189087
1.2250415086746216
1.226402759552002
1.2274690866470337
1.3176250457763672
1.199586272239685
1.3307254314422607
1.1732784509658813
1.1873646974563599
1.3507312536239624
1.3231273889541626
1.163134217262268
1.1024169921875
1.3258421421051025
1.3574599027633667
1.3061113357543945
1.087965488433838
1.2016607522964478
1.3327783346176147
1.2664514780044556
1.3543745279312134
1.1320064067840576
1.2730728387832642
1.3034273386001587
1.1915686130523682
1.1652376651763916
1.2788281440734863
1.1782045364379883
1.3160895109176636
1.1769647598266602
1.206958293914795
1.209338665008545
1.3360060453414917
1.2150461673736572
1.31644606590271
1.2038815021514893
1.3114900588989258
1.3496794700622559
1.2304165363311768
1.3272565603256226
1.2012454271316528
1.3346525430679321
1.3410946130752563
1.1973282098770142
1.0932257175445557
1.3327466249465942
1.0345792770385742
1.323436975479126
1.2783933877944946
1.1997984647750854
1.1584235429763794
1.3388872146606445
1.1995147466659546
1.2193255424499512
1.2322217226028442
1.317535400390625
1.2686647176742554
1.2679954767227173
1.2249257564544678
1.2231988906860352
1.3100738525390625
1.3272579908370972
1.3071568012237549
1.2134164571762085
1.1973658800125122
1.3075066804885864
1.2140169143676758
1.3151781558990479
1.2967408895492554
1.3377794027328491
1.2869212627410889
1.1245427131652832
1.296675443649292
1.2106983661651611
1.1346601247787476
1.1914136409759521
1.2195446491241455
1.077858328819275
1.2992854118347168
1.2032947540283203
1.2890383005142212
1.292995810508728
1.207674503326416
1.298115611076355
1.3213461637496948
1.184315800666809
1.1083598136901855
1.3077929019927979
1.3075791597366333
1.1507278680801392
1.2250016927719116
1.2994664907455444
1.0640195608139038
1.3066197633743286
0.9659996628761292
1.1783969402313232
0.9881460070610046
1.3001686334609985
1.2599445581436157
1.279147982597351
1.2186243534088135
1.3106530904769897
1.1690629720687866
1.2194551229476929
1.269487977027893
1.2571101188659668
1.302385926246643
1.2510945796966553
1.3245667219161987
1.2484281063079834
1.2475019693374634
1.1397452354431152
1.1131489276885986
1.0825191736221313
1.247990369796753
1.1522239446640015
1.141546607017517
1.2824513912200928
1.2745429277420044
1.2745280265808105
1.1946184635162354
1.1770977973937988
1.2055960893630981
1.2790741920471191
1.2376705408096313
1.1357638835906982
1.1546274423599243
1.0167051553726196
1.2530710697174072
1.1223431825637817
1.173135757446289
1.1116632223129272
1.187138319015503
1.058992862701416
1.2824376821517944
1.224729061126709
1.1806385517120361
1.203902244567871
1.1826136112213135
1.1711868047714233
1.19277024269104
1.2073020935058594
1.2716808319091797
1.1682106256484985
1.0927327871322632
1.0836628675460815
1.2628958225250244
1.263368844985962
1.1628079414367676
1.2290563583374023
1.2369731664657593
1.1346360445022583
1.2389541864395142
1.2187317609786987
1.2544043064117432
1.2698336839675903
1.0707632303237915
1.1734895706176758
1.2638018131256104
1.2843244075775146
1.0931997299194336
1.2359631061553955
1.1952052116394043
1.1744188070297241
1.094660997390747
1.2711200714111328
1.2711576223373413
1.2254542112350464
1.1351677179336548
1.2402366399765015
1.0069265365600586
1.1608959436416626
1.2677134275436401
1.149782657623291
1.1100143194198608
1.067571997642517
1.163534164428711
1.118560552597046
1.0905545949935913
1.2012317180633545
1.1743440628051758
1.2143042087554932
1.1210426092147827
1.1898349523544312
1.199604868888855
1.2468743324279785
1.2248742580413818
1.2507197856903076
1.1962265968322754
1.1329116821289062
1.8424917459487915
1.1707627773284912
1.239084243774414
1.2363444566726685
1.147489309310913
1.1794968843460083
1.2295149564743042
1.2512397766113281
1.2176233530044556
1.1223056316375732
1.221839189529419
1.0573641061782837
1.2593036890029907
1.2310409545898438
1.0978182554244995
1.0982471704483032
1.0664674043655396
1.1301246881484985
1.282149314880371
1.215531826019287
1.1653776168823242
1.1306192874908447
1.157442331314087
1.1600676774978638
1.1710046529769897
1.1789506673812866
0.9130188226699829
1.1857956647872925
1.0206811428070068
1.2059154510498047
1.212071180343628
1.1765234470367432
1.0309669971466064
1.2161113023757935
1.1187149286270142
1.2641454935073853
1.2387313842773438
1.1150556802749634
1.181279182434082
1.2264344692230225
1.200148344039917
1.1465119123458862
1.2161980867385864
1.1626893281936646
1.2276008129119873
1.213862657546997
1.2259904146194458
1.0588133335113525
1.1249051094055176
1.2544142007827759
1.0828666687011719
1.2133402824401855
1.224144458770752
1.2010650634765625
1.0628042221069336
1.1628601551055908
1.0404787063598633
1.2326891422271729
1.0705571174621582
1.1214754581451416
1.2171378135681152
1.07845938205719
0.9063308835029602
1.2251209020614624
1.1414862871170044
0.9553168416023254
1.1993143558502197
1.194474458694458
0.9842178821563721
1.182132601737976
1.2444664239883423
1.0979557037353516
0.9902786016464233
1.0945372581481934
1.089102029800415
1.2469253540039062
1.2258129119873047
1.213491439819336
1.208217740058899
1.2280409336090088
1.2053205966949463
1.1931617259979248
1.095686674118042
1.2371318340301514
1.2242473363876343
1.217470407485962
1.151183009147644
1.186511754989624
1.1727275848388672
1.0497053861618042
1.1451191902160645
1.2562201023101807
0.9696452021598816
1.0896607637405396
1.0731621980667114
1.2068536281585693
1.217025876045227
1.2032755613327026
1.1334757804870605
1.064069390296936
1.0880767107009888
1.2112631797790527
1.1932637691497803
1.177668571472168
1.0952624082565308
1.1894561052322388
1.1898150444030762
1.0397754907608032
1.2091331481933594
1.2090181112289429
1.0209368467330933
1.2222390174865723
1.186622142791748
1.224644422531128
1.190398097038269
0.9697321057319641
1.2063699960708618
1.055346965789795
1.2089152336120605
1.1748340129852295
1.0957672595977783
1.1311498880386353
1.2075928449630737
1.046737790107727
1.2026911973953247
1.0722215175628662
1.0145630836486816
0.9926363229751587
1.2217386960983276
1.117655873298645
1.1361171007156372
1.1226565837860107
1.1272646188735962
1.1938037872314453
1.181498408317566
1.130749225616455
1.1793984174728394
1.2106353044509888
1.1773866415023804
1.1842730045318604
1.1733990907669067
1.1196967363357544
1.079254388809204
1.0431445837020874
1.1652425527572632
0.9597102403640747
1.1748764514923096
1.1725884675979614
1.1552882194519043
1.1923649311065674
1.0465505123138428
1.0778870582580566
1.1188480854034424
1.2437167167663574
1.203947901725769
1.2060563564300537
1.0180822610855103
1.1510984897613525
1.1552131175994873
1.0941345691680908
1.162954568862915
1.177647590637207
1.1088957786560059
1.205467700958252
1.1941137313842773
1.184489369392395
1.1870830059051514
1.0994309186935425
1.1133731603622437
1.1233980655670166
1.144692301750183
1.0758130550384521
1.0487442016601562
1.082838535308838
1.1278040409088135
1.1768689155578613
1.589728832244873
1.1382030248641968
1.0328210592269897
1.1075866222381592
1.064620018005371
1.0926798582077026
1.170807123184204
1.0791051387786865
1.139681339263916
1.2018518447875977
0.9043139219284058
1.0609604120254517
1.2045376300811768
1.2054539918899536
1.2099511623382568
1.1584235429763794
1.0254384279251099
1.0806560516357422
1.1313892602920532
1.15151047706604
1.096169114112854
1.1557313203811646
1.0053399801254272
1.0411535501480103
1.1859411001205444
1.1804475784301758
0.8164477944374084
1.0474176406860352
1.1627177000045776
1.0537967681884766
1.036320686340332
1.1981549263000488
1.0778969526290894
1.0431866645812988
1.1404553651809692
1.0974496603012085
1.1397072076797485
1.1682325601577759
1.0784660577774048
1.1816855669021606
1.0752216577529907
1.0285717248916626
1.1724967956542969
1.1783570051193237
0.8483985066413879
1.0855211019515991
1.064643144607544
1.2266051769256592
1.1613883972167969
1.027864694595337
0.9520754218101501
1.1159765720367432
1.081272840499878
1.0526154041290283
1.1984258890151978
1.1432558298110962
1.1824049949645996
1.162204623222351
1.1724886894226074
1.1232012510299683
1.1665043830871582
1.1758975982666016
1.1042680740356445
1.1137140989303589
1.1209235191345215
1.048614263534546
0.941457211971283
1.1923432350158691
1.174555778503418
1.0825555324554443
1.209058165550232
1.093235969543457
1.2085851430892944
1.070327639579773
1.191879391670227
0.9431353807449341
1.197644591331482
1.1392934322357178
1.1007968187332153
0.905549168586731
1.1616891622543335
1.1734944581985474
1.11629319190979
1.1003810167312622
1.1217669248580933
1.1329596042633057
1.0297845602035522
1.205399751663208
1.1914474964141846
1.045738935470581
1.1761562824249268
1.006051778793335
1.1098812818527222
1.112719178199768
1.1570754051208496
1.1575045585632324
1.0568686723709106
1.1107946634292603
1.2048825025558472
1.1798964738845825
1.1989164352416992
1.0835659503936768
1.180823564529419
1.1845197677612305
0.8641265034675598
1.152888298034668
1.0285614728927612
1.1587955951690674
1.0833027362823486
1.1518524885177612
1.1607613563537598
1.1434167623519897
1.180911660194397
1.0310393571853638
1.0485565662384033
1.1754324436187744
1.0061726570129395
0.9166472554206848
1.0764840841293335
1.1742457151412964
1.1982994079589844
1.1220910549163818
1.1546894311904907
0.9530162215232849
1.2079490423202515
1.1136399507522583
1.1458144187927246
1.0402817726135254
1.165255069732666
1.1288552284240723
1.1813273429870605
1.1784820556640625
1.1212401390075684
1.15484619140625
0.9476487040519714
1.0680493116378784
1.0121716260910034
1.1851024627685547
1.1769604682922363
1.0370779037475586
1.1663275957107544
1.1111027002334595
0.9559111595153809
1.0351591110229492
1.1637005805969238
1.0601024627685547
1.1828669309616089
1.1170289516448975
1.03398859500885
1.1781892776489258
1.1660597324371338
1.0653729438781738
1.1112040281295776
1.0598456859588623
1.199649453163147
1.1887303590774536
0.9623759984970093
1.1802436113357544
1.1532618999481201
1.1612257957458496
1.079002857208252
1.1763176918029785
1.1617622375488281
1.155013084411621
1.137994647026062
1.1491237878799438
1.0521998405456543
1.0636316537857056
1.153090000152588
1.1090662479400635
1.0531425476074219
1.0722099542617798
1.1506963968276978
1.1964354515075684
1.1400988101959229
1.1643835306167603
1.162914752960205
1.0673173666000366
1.192470908164978
1.1593087911605835
1.1433157920837402
1.1873395442962646
1.1574786901474
1.1479467153549194
1.175711750984192
1.0402274131774902
1.1833254098892212
1.1367413997650146
1.1312812566757202
1.1624174118041992
1.1223002672195435
1.1240456104278564
1.1685982942581177
0.9480293989181519
1.1635609865188599
1.0489706993103027
0.952030599117279
1.1501500606536865
1.1640640497207642
1.014121651649475
1.0595325231552124
1.1591577529907227
1.081681728363037
1.1600089073181152
1.1742689609527588
1.159730076789856
1.154201865196228
1.16807222366333
1.1662228107452393
1.1186459064483643
1.0620898008346558
1.0581468343734741
0.9226058721542358
1.065906047821045
1.1428897380828857
1.180019736289978
1.0721629858016968
1.1178243160247803
1.008716344833374
1.1260616779327393
1.1593345403671265
1.0965999364852905
1.1096271276474
0.9759734869003296
1.012208104133606
1.1636300086975098
1.160274624824524
0.9131602048873901
1.1583499908447266
1.065139889717102
0.9481092691421509
1.1191462278366089
1.0151723623275757
0.9817756414413452
1.085953950881958
1.0557600259780884
1.0776721239089966
0.9307454228401184
1.0851038694381714
1.1448838710784912
0.9440197944641113
1.1046851873397827
1.100748896598816
1.1008436679840088
1.0439374446868896
1.0264259576797485
1.103023648262024
1.1559261083602905
1.1080939769744873
1.1308233737945557
1.1522597074508667
1.127478837966919
1.0330243110656738
1.1256942749023438
1.0165393352508545
1.0885252952575684
1.055389165878296
1.0402764081954956
1.168333888053894
1.1264033317565918
1.131036400794983
1.1351470947265625
1.0809757709503174
1.1513224840164185
1.150209665298462
0.9456759095191956
