238.7817840576172
235.32546997070312
238.08755493164062
229.4618377685547
236.3936767578125
231.481689453125
241.0111083984375
238.9094696044922
223.62246704101562
229.2133331298828
234.79739379882812
234.45364379882812
233.81336975097656
231.3636932373047
230.07786560058594
237.16233825683594
234.7996063232422
229.34544372558594
234.15225219726562
235.55224609375
238.32513427734375
231.87567138671875
232.2052459716797
233.7451171875
231.47152709960938
225.7838897705078
230.5691680908203
227.57418823242188
229.27017211914062
231.1483612060547
228.36325073242188
229.79566955566406
224.52734375
222.7313690185547
218.9844512939453
233.19688415527344
227.01785278320312
221.47613525390625
233.4241180419922
220.5357208251953
222.23556518554688
220.98297119140625
215.13697814941406
221.5984344482422
215.8108673095703
210.5653839111328
213.21839904785156
219.75514221191406
216.7537841796875
216.09017944335938
213.1483917236328
209.78514099121094
215.32598876953125
206.9622802734375
212.69692993164062
205.38223266601562
211.0935821533203
206.6685333251953
205.66342163085938
207.90789794921875
206.52389526367188
203.42652893066406
205.1682586669922
195.41397094726562
198.04217529296875
189.7677001953125
189.2675323486328
197.6630096435547
190.7210235595703
185.33847045898438
192.71714782714844
182.67562866210938
180.9830780029297
176.36607360839844
175.31394958496094
178.7697296142578
174.9013671875
167.9644775390625
166.11749267578125
165.5106201171875
160.27017211914062
156.00933837890625
156.8895263671875
153.03997802734375
145.8797149658203
144.3578643798828
139.05093383789062
137.03045654296875
129.77322387695312
127.34408569335938
124.50436401367188
119.52079010009766
114.80677795410156
109.09019470214844
103.9107437133789
101.26585388183594
95.6031265258789
93.79924774169922
87.5484848022461
81.51773071289062
74.73388671875
76.65723419189453
73.44622802734375
71.8161849975586
69.30134582519531
68.48200225830078
66.21719360351562
67.11088562011719
66.05699920654297
65.08064270019531
63.596290588378906
63.54247283935547
60.4550895690918
59.70284652709961
57.12360763549805
56.65106201171875
56.350093841552734
52.19927978515625
52.21796798706055
51.19365310668945
50.57139205932617
48.45741271972656
48.89847183227539
46.88935089111328
46.60663986206055
45.07639694213867
45.62358474731445
43.708438873291016
41.33803939819336
41.829036712646484
39.84602737426758
39.5023078918457
37.97779846191406
37.37653732299805
35.88304138183594
34.565467834472656
33.965240478515625
33.18804168701172
32.1673583984375
31.53891372680664
30.873306274414062
30.442493438720703
30.35687255859375
28.031959533691406
27.691741943359375
26.953126907348633
25.77536964416504
26.510679244995117
24.906211853027344
24.601600646972656
23.59482192993164
22.831953048706055
23.166975021362305
22.328598022460938
22.892322540283203
21.83333969116211
21.172821044921875
21.12827491760254
20.684534072875977
19.965133666992188
19.287595748901367
19.418773651123047
19.21275520324707
18.564725875854492
17.91799545288086
17.647968292236328
17.169782638549805
16.910987854003906
16.89653968811035
16.514793395996094
15.908257484436035
15.61343765258789
15.307336807250977
14.929451942443848
14.446625709533691
14.028740882873535
14.16679859161377
13.625051498413086
13.854816436767578
13.332642555236816
13.008064270019531
12.908892631530762
12.957808494567871
12.82554817199707
12.638111114501953
12.482192039489746
12.454957008361816
12.145671844482422
12.051165580749512
11.980508804321289
12.017420768737793
11.711722373962402
11.267043113708496
11.650909423828125
11.400284767150879
11.074161529541016
11.135364532470703
10.796680450439453
10.872110366821289
10.728754997253418
10.680288314819336
10.748372077941895
10.587591171264648
10.473337173461914
10.325108528137207
10.115766525268555
10.219786643981934
10.074748039245605
10.072219848632812
10.090229988098145
9.7609224319458
9.555216789245605
9.614751815795898
9.803153038024902
9.553424835205078
9.385519981384277
9.452435493469238
9.367263793945312
9.15095043182373
9.250839233398438
9.046072959899902
9.202691078186035
8.786211967468262
8.795878410339355
8.73766803741455
8.779780387878418
8.745287895202637
8.698461532592773
8.647956848144531
8.48189640045166
8.53639030456543
8.473947525024414
8.342981338500977
8.241758346557617
8.273380279541016
8.261932373046875
8.28028392791748
7.989034175872803
8.197657585144043
8.108529090881348
8.094095230102539
7.854889869689941
7.873815059661865
7.77265739440918
7.6710991859436035
7.886467933654785
7.72060489654541
7.613028049468994
7.66873025894165
7.510691165924072
7.627917766571045
7.571028709411621
7.2813897132873535
7.33988618850708
7.660860538482666
7.248857021331787
7.363909721374512
7.140379905700684
7.243577480316162
7.149999141693115
7.285871505737305
7.27729606628418
7.100848197937012
7.179111957550049
7.1455183029174805
7.153965473175049
7.118936538696289
7.07223653793335
7.102145195007324
7.023816108703613
6.936932563781738
6.842936992645264
7.000354290008545
7.054473400115967
6.814769744873047
6.744441032409668
6.96557092666626
6.888923168182373
7.274400234222412
6.876004219055176
6.7257208824157715
6.70916748046875
6.805881023406982
6.759370803833008
6.724824905395508
6.6676788330078125
6.661643981933594
6.665892601013184
6.484918117523193
6.710036277770996
6.614296913146973
6.449059963226318
6.614771842956543
6.57102108001709
6.621610164642334
6.468664646148682
6.528259754180908
6.486118793487549
6.469259738922119
6.547549247741699
6.574102401733398
6.31302547454834
6.485234260559082
6.431947231292725
6.375600337982178
6.411931037902832
6.398436069488525
6.5577898025512695
6.343532562255859
6.308502674102783
6.403716087341309
6.338902950286865
6.38287878036499
6.34097957611084
6.309924602508545
6.334169864654541
6.268285274505615
6.292322158813477
6.124650478363037
6.304492950439453
6.091894626617432
6.226029396057129
6.102978229522705
6.41039514541626
6.1051764488220215
6.183292388916016
6.173586845397949
6.0960693359375
6.107755661010742
6.039999961853027
6.044403553009033
6.184024810791016
6.068515777587891
6.158109188079834
6.11211633682251
6.026619911193848
6.035923004150391
6.109106540679932
6.053534030914307
6.0807013511657715
6.091766834259033
5.962660789489746
6.073178768157959
5.989777565002441
5.967713356018066
6.1249260902404785
5.98728609085083
5.867780685424805
5.949367046356201
6.11060905456543
5.922160625457764
6.0539937019348145
5.920836448669434
5.989916801452637
5.916927337646484
5.7885870933532715
5.862119197845459
6.0364861488342285
5.889786243438721
5.875776767730713
5.947709083557129
5.8550705909729
5.918097972869873
5.759718418121338
5.744880676269531
5.834449768066406
5.938054084777832
5.862380504608154
5.881313323974609
5.900146007537842
5.682743072509766
5.787048816680908
5.70285177230835
5.807324409484863
5.768660545349121
5.6106486320495605
5.713135719299316
5.751804351806641
5.820084095001221
5.589514255523682
5.764296531677246
5.623190879821777
5.729736804962158
5.669946670532227
5.731426239013672
5.812028884887695
5.692148208618164
5.636977672576904
5.658719539642334
5.683335781097412
5.639321327209473
5.667067050933838
5.704710483551025
5.6328630447387695
5.623013973236084
5.691532135009766
5.673080921173096
5.66263484954834
5.679891109466553
5.701705455780029
5.7221269607543945
5.657193660736084
5.691585540771484
5.822330951690674
5.7054123878479
5.551113605499268
5.576097011566162
5.618075847625732
5.629256725311279
5.626699447631836
5.392001152038574
5.609118461608887
5.5203657150268555
5.522176265716553
5.523208141326904
5.561859607696533
5.538914203643799
5.685640335083008
5.415968418121338
5.567774295806885
5.523504257202148
5.526678085327148
5.4713335037231445
5.364345073699951
5.4884724617004395
5.443244934082031
5.381275177001953
5.670255184173584
5.499324798583984
5.5560455322265625
5.454436779022217
5.411681175231934
5.412045955657959
5.436595439910889
5.448894500732422
5.391373157501221
5.380258083343506
5.467440128326416
5.372659206390381
5.5314226150512695
5.485198974609375
5.467231750488281
5.460999011993408
5.392288684844971
5.52459192276001
5.460142612457275
5.322981834411621
5.298112392425537
5.4492082595825195
5.374618053436279
5.32425594329834
5.273337364196777
5.3198370933532715
5.384287357330322
5.374406337738037
5.261845111846924
5.324753761291504
5.319591045379639
5.130495071411133
5.207490921020508
5.335263252258301
5.253673553466797
5.150847434997559
5.29199743270874
5.124541759490967
5.409665107727051
5.408250331878662
5.294081687927246
5.295944690704346
5.297260761260986
5.08484411239624
5.427244663238525
5.206577301025391
5.200357913970947
5.2882866859436035
5.074733734130859
5.334279537200928
5.21783447265625
5.297600746154785
5.187333583831787
5.29673433303833
5.114625930786133
5.120700836181641
5.183675765991211
5.2503204345703125
5.1600847244262695
5.471015453338623
5.153200626373291
5.316976070404053
5.105703353881836
5.126521587371826
5.100869178771973
5.1446075439453125
5.223010540008545
5.224108695983887
5.11699914932251
5.00863790512085
5.089607238769531
5.120596408843994
5.217834949493408
5.102206230163574
5.006737232208252
5.013819694519043
5.124734401702881
4.986913204193115
5.025415897369385
4.9779791831970215
5.125226974487305
5.088965892791748
5.075283050537109
5.191372394561768
5.088547706604004
5.081260681152344
5.124415397644043
5.231607437133789
5.081367492675781
5.141103744506836
5.132157325744629
4.983168601989746
5.10013484954834
5.039676666259766
4.930236339569092
5.055734634399414
4.969531059265137
4.937259197235107
5.159482479095459
5.035269737243652
4.875750541687012
4.954104423522949
5.065539836883545
4.949446201324463
4.887730598449707
4.920782089233398
4.86116886138916
4.999210357666016
4.937638282775879
5.02140474319458
4.95236349105835
4.941237449645996
5.00389289855957
4.94154167175293
4.854957580566406
4.89712381362915
4.874052047729492
5.0202555656433105
5.001245498657227
5.147817134857178
4.891262531280518
4.937978267669678
4.920779705047607
4.9626078605651855
4.956249713897705
5.001430988311768
4.941152095794678
4.92756986618042
4.938494682312012
4.911468982696533
5.015071392059326
4.952826499938965
4.7989068031311035
5.001087188720703
4.975247383117676
4.9044623374938965
4.90639066696167
4.906071186065674
4.896111965179443
4.870789051055908
4.934001922607422
4.743819713592529
4.856968879699707
4.832906246185303
4.804070949554443
4.929866790771484
4.920437335968018
5.0028533935546875
4.83107852935791
4.75372838973999
4.845173358917236
4.795916557312012
4.882213115692139
4.945139408111572
4.924034595489502
4.883704662322998
4.803304672241211
4.964595794677734
4.888967514038086
4.804352283477783
4.760955810546875
4.776989459991455
4.8627519607543945
4.698817253112793
4.720123291015625
4.817829132080078
4.808645248413086
4.812437534332275
4.693448543548584
4.8839030265808105
4.750255107879639
4.807212829589844
4.81265115737915
4.746211051940918
4.74429988861084
4.823845386505127
4.802603721618652
4.6806840896606445
4.72640323638916
4.68435001373291
4.71813440322876
4.666008949279785
4.711474418640137
4.797138214111328
4.698526859283447
4.763000965118408
4.685844421386719
4.734508514404297
4.811500549316406
4.782843589782715
4.657681465148926
4.68229866027832
4.858055591583252
4.753692626953125
4.659270763397217
4.679704189300537
4.668843746185303
4.826854705810547
4.774836540222168
4.710851669311523
4.773055076599121
4.800082683563232
4.719058513641357
4.718310832977295
4.73517370223999
4.653239727020264
4.645267486572266
4.721246719360352
4.510229110717773
4.617924690246582
4.697645664215088
4.645735740661621
4.47909688949585
4.658755779266357
4.690128326416016
4.60800838470459
4.647435665130615
4.661907196044922
4.55471134185791
4.555873870849609
4.712385177612305
4.620480060577393
4.71946382522583
4.5325093269348145
4.653273582458496
4.751833915710449
4.654091835021973
4.610637187957764
4.598853588104248
4.62312650680542
4.6049957275390625
4.563398361206055
4.549779891967773
4.568921089172363
4.550229072570801
4.525538444519043
4.587322235107422
4.42100191116333
4.567817687988281
4.4840312004089355
4.532209396362305
4.550281524658203
4.545443534851074
4.576869010925293
4.670719146728516
4.494693756103516
4.47043514251709
4.51948356628418
4.516932487487793
4.602774143218994
4.467441082000732
4.596083641052246
4.592184543609619
4.576955318450928
4.419871807098389
4.397035121917725
4.6400227546691895
4.5329132080078125
4.485514163970947
4.5877861976623535
4.413809776306152
4.438178062438965
4.610953330993652
4.603016376495361
4.54352331161499
4.650837421417236
4.530213832855225
4.450346946716309
4.474857807159424
4.563992023468018
4.53515100479126
4.605137825012207
4.450145721435547
4.508988380432129
4.594901084899902
4.640260696411133
4.503406524658203
4.483671188354492
4.452859878540039
4.451376914978027
4.528532028198242
4.53248405456543
4.491696357727051
4.424046516418457
4.4831624031066895
4.510935306549072
4.667079448699951
4.4698309898376465
4.468773365020752
4.597860336303711
4.428720474243164
4.447572231292725
4.397641181945801
4.518329620361328
4.456637859344482
4.592988014221191
4.370871067047119
4.4076080322265625
4.447206497192383
4.425843238830566
4.4875898361206055
4.398687362670898
4.385810852050781
4.496109962463379
4.501755714416504
4.385469436645508
4.454168319702148
4.358615398406982
4.381321430206299
4.34356164932251
4.3003106117248535
4.438578128814697
4.398404598236084
4.49808931350708
4.456609725952148
4.5605058670043945
4.485623359680176
4.3998589515686035
4.459578990936279
4.471123218536377
4.530258655548096
4.425635814666748
4.36551570892334
4.413894176483154
4.471035003662109
4.349376678466797
4.476282596588135
4.367955684661865
4.430570125579834
4.326737880706787
4.425683975219727
4.393218994140625
4.409309387207031
4.419427394866943
4.461004257202148
4.311866283416748
4.3410234451293945
4.281625747680664
4.4413676261901855
4.318743705749512
4.381446361541748
4.343448638916016
4.325398921966553
4.405267715454102
4.43828010559082
4.395897388458252
4.315535545349121
4.377474308013916
4.399269104003906
4.4385271072387695
4.3388991355896
4.321152687072754
4.3248491287231445
4.461084365844727
4.531379222869873
4.4356689453125
4.437875270843506
4.372683048248291
4.363247871398926
4.272551536560059
4.269659042358398
4.308990955352783
4.357521057128906
4.314998149871826
4.36496639251709
4.328241348266602
4.323163032531738
4.3758134841918945
4.338703632354736
4.422418594360352
4.273290634155273
4.313597679138184
4.342565536499023
4.48391056060791
4.480090141296387
4.330364227294922
4.387757301330566
4.351458549499512
4.3596343994140625
4.358669281005859
4.284798622131348
4.403284549713135
4.450483322143555
4.275989532470703
4.467439651489258
4.400200843811035
4.348961353302002
4.243912696838379
4.2982892990112305
4.281992435455322
4.349165916442871
4.326063632965088
4.315783977508545
4.370265960693359
4.318072319030762
4.248233318328857
4.3510284423828125
4.28569221496582
4.260889053344727
4.283736228942871
4.312190055847168
4.334838390350342
4.4854607582092285
4.381606578826904
4.376311779022217
4.413033962249756
4.3469672203063965
4.364181995391846
4.332873344421387
4.360868453979492
4.294460773468018
4.424133777618408
4.322428226470947
4.343093395233154
4.277984142303467
4.215223789215088
4.362527847290039
4.382627964019775
4.388796329498291
4.3011016845703125
4.337120056152344
4.242580413818359
4.329949855804443
4.365053653717041
4.366929054260254
4.261611461639404
4.308852672576904
4.2466864585876465
4.294680595397949
4.267857551574707
4.276036262512207
4.262161731719971
4.310758113861084
4.420915126800537
4.280674934387207
4.24777889251709
4.359842300415039
4.235034465789795
4.257543087005615
4.352445125579834
4.34660530090332
4.367293834686279
4.353161334991455
4.329697608947754
4.351687431335449
4.223681926727295
4.259820938110352
4.365592002868652
4.292154788970947
4.3960161209106445
4.252118110656738
4.310206890106201
4.357522010803223
4.296361923217773
4.211207389831543
4.196844577789307
4.399998664855957
4.263156414031982
4.316511154174805
4.173125267028809
4.281777381896973
4.324113845825195
4.2638325691223145
4.205996990203857
4.253467559814453
4.2457275390625
4.246133327484131
4.347186088562012
4.291136741638184
4.267369747161865
4.237070560455322
4.130331993103027
4.167521953582764
4.224946975708008
4.334610462188721
4.31203031539917
4.265173435211182
4.365882873535156
4.193019866943359
4.200587749481201
4.385660648345947
4.254677772521973
4.290934085845947
4.378472328186035
4.335906028747559
4.32413387298584
4.293001651763916
4.3392333984375
4.205340385437012
4.299907684326172
4.204022407531738
4.195961952209473
4.251124382019043
4.237385272979736
4.356013774871826
4.245554447174072
4.309939384460449
4.251854419708252
4.27026891708374
4.306898593902588
4.209470748901367
4.2732319831848145
4.317852020263672
