6.560826778411865
6.091455459594727
5.938525199890137
6.09406042098999
5.911632061004639
6.045497417449951
6.031874656677246
6.102586269378662
5.938442707061768
6.264814376831055
5.9498491287231445
5.950680732727051
6.004159927368164
5.8280439376831055
5.299054145812988
5.553303241729736
5.47331428527832
5.305507183074951
5.1915364265441895
5.245800495147705
4.869820594787598
4.851653099060059
4.618717670440674
4.918752193450928
4.629725933074951
4.609668254852295
4.447432041168213
4.265320777893066
4.128637790679932
3.8759865760803223
3.899405002593994
3.9221677780151367
3.5673820972442627
3.557452917098999
3.321096658706665
3.372551202774048
3.0964229106903076
3.0382676124572754
2.93205189704895
2.6490042209625244
2.4185633659362793
2.292076349258423
2.070767879486084
1.9874526262283325
2.012639284133911
2.057234525680542
1.7446486949920654
1.593133807182312
1.665162444114685
1.3791413307189941
1.0706794261932373
1.2245241403579712
1.0485146045684814
0.9788400530815125
0.6040250658988953
0.7011517882347107
0.5717814564704895
0.521582841873169
0.580291211605072
0.5077199935913086
0.5069579482078552
0.5437036156654358
0.6165295839309692
0.7271337509155273
0.6508328914642334
0.5789411664009094
0.5148811340332031
0.5826232433319092
0.7871753573417664
0.817279577255249
0.6011862754821777
0.6072655916213989
0.4973846673965454
0.6525125503540039
0.3343874216079712
0.5634938478469849
0.4012637734413147
0.23132120072841644
0.597253143787384
0.3468065559864044
0.36802372336387634
0.4658881425857544
0.6051459908485413
0.5671895146369934
0.3719266355037689
0.41532453894615173
0.39329585433006287
0.3189784586429596
0.48960986733436584
0.32225513458251953
0.40095359086990356
0.45994213223457336
0.5522425770759583
0.39404577016830444
0.461012065410614
0.3357972502708435
0.3515096604824066
0.32967621088027954
0.26694709062576294
0.3594464063644409
0.5303826928138733
0.26943475008010864
0.38281744718551636
0.3016173541545868
0.3307982087135315
0.255129337310791
0.27629151940345764
0.43876633048057556
0.7718263864517212
0.8670487403869629
0.44336628913879395
0.5335608720779419
0.5404787659645081
0.3996862471103668
0.7085990905761719
0.49980488419532776
0.5861608982086182
0.491849809885025
0.4309464395046234
0.4401150047779083
0.6794874668121338
0.34696388244628906
0.31268057227134705
0.3306155502796173
0.8783406615257263
0.33602020144462585
1.1333448886871338
0.4014393091201782
0.7347809076309204
0.55307537317276
0.5830024480819702
0.7523558139801025
0.642000138759613
0.3737991750240326
0.9804000854492188
1.3679404258728027
0.7774538397789001
0.36036813259124756
0.37233197689056396
1.2191205024719238
0.3947944641113281
0.29972660541534424
0.6225976943969727
0.3997182250022888
0.3159784972667694
0.3130476474761963
0.3169476091861725
0.40858927369117737
0.46162983775138855
0.5787235498428345
0.4095616638660431
0.34644150733947754
0.3998155891895294
0.2940075099468231
0.5717892646789551
0.3923877477645874
0.9213305711746216
0.7878896594047546
0.35321125388145447
0.332243949174881
0.7816725969314575
0.45854756236076355
1.0822010040283203
1.2038379907608032
0.6987042427062988
0.25661012530326843
0.1862497180700302
0.3170508146286011
0.8497754335403442
0.3971092402935028
0.5892848372459412
0.6618996858596802
0.7824454307556152
0.8107876777648926
0.19656048715114594
0.4728361964225769
0.35793498158454895
0.48369506001472473
0.7881604433059692
0.25058311223983765
0.45715299248695374
0.7526020407676697
0.8546444177627563
0.504343569278717
0.809931755065918
0.7916406989097595
0.4405094385147095
0.45871466398239136
0.3160661458969116
0.5731281042098999
0.6154601573944092
0.5957885384559631
1.4821652173995972
1.0212748050689697
0.6041262745857239
0.459958016872406
1.1044533252716064
0.5548699498176575
0.3043341636657715
0.3485889732837677
0.549353301525116
0.8463824987411499
0.47912779450416565
0.7240601181983948
0.1896531879901886
0.37539684772491455
0.5247315168380737
0.3183566629886627
0.4060777425765991
0.3708222508430481
0.808945894241333
0.9243930578231812
0.44665098190307617
0.7958051562309265
0.7082012295722961
0.4734903872013092
0.9338968992233276
0.4071282744407654
0.4755958914756775
0.2751380205154419
0.8205606341362
0.27826181054115295
0.6438462138175964
1.885987639427185
0.5851040482521057
1.1635351181030273
0.3894491493701935
0.3800532817840576
0.7641986012458801
0.5848760008811951
1.1221331357955933
1.4930864572525024
0.28071266412734985
0.3812313675880432
0.7409484386444092
0.31411081552505493
1.2109525203704834
0.4556770920753479
1.5240627527236938
1.5533320903778076
0.4018953740596771
0.5545569658279419
0.8593466877937317
0.44605106115341187
1.07061767578125
0.8052695393562317
0.2983996272087097
0.3153550624847412
0.4409976303577423
1.057260274887085
1.411436676979065
0.6124499440193176
0.35548749566078186
0.907797634601593
0.9460169672966003
0.74651038646698
0.7544705271720886
0.9336468577384949
0.7892128229141235
1.2875219583511353
0.5488876104354858
1.2094080448150635
0.12757663428783417
1.2211319208145142
0.8010574579238892
1.136120080947876
0.2474304586648941
0.8004868030548096
1.486547589302063
0.542321503162384
0.5900177955627441
0.43481963872909546
0.8140945434570312
0.5521739721298218
0.7199913859367371
0.6777634024620056
2.306389808654785
1.3016983270645142
0.5727337598800659
0.4134955406188965
0.5992150902748108
0.522722601890564
0.5035073161125183
0.6732301712036133
1.4199758768081665
0.5811434388160706
0.4211643934249878
0.6377621293067932
0.7988846302032471
1.4545838832855225
1.2457906007766724
0.926435112953186
1.8520385026931763
0.6793400049209595
0.9068801403045654
1.2670987844467163
0.257472425699234
0.7885738015174866
0.5008897185325623
1.3973342180252075
0.5022269487380981
0.3243585526943207
1.1283843517303467
0.37586188316345215
1.654590129852295
0.8303680419921875
0.664317786693573
0.38691967725753784
0.636131227016449
1.2427735328674316
0.293317586183548
0.4138443171977997
0.5828128457069397
0.6448946595191956
0.6318496465682983
0.528618335723877
1.1882857084274292
0.3214086592197418
0.786445677280426
0.31478267908096313
0.26967594027519226
1.8054678440093994
0.8447632193565369
0.44603246450424194
1.145302176475525
0.18584899604320526
0.25361743569374084
0.4826320707798004
0.5722300410270691
0.9982545375823975
0.20730118453502655
0.3728770315647125
0.2575719356536865
0.793454110622406
0.3290288746356964
0.9925618171691895
1.041750192642212
0.25443047285079956
0.6843653917312622
0.9103031158447266
0.2417711317539215
0.5752277374267578
0.39802086353302
0.6152253150939941
1.5883291959762573
1.2136690616607666
0.5313314199447632
0.23342090845108032
1.2664705514907837
0.3322356641292572
0.49073439836502075
0.8881530165672302
1.8698770999908447
0.2939223349094391
0.34392401576042175
0.5873613953590393
1.4439854621887207
0.8118715882301331
0.9876002073287964
0.7418679594993591
0.2883452773094177
1.8007771968841553
0.6764810085296631
0.5416598320007324
1.5156320333480835
0.7023389339447021
0.5482401847839355
0.25511810183525085
0.6499978303909302
1.392445683479309
0.748521089553833
0.2674202620983124
0.6771978735923767
0.17186222970485687
0.705470860004425
0.6757039427757263
0.7065136432647705
0.674548327922821
0.4741174578666687
0.7884477376937866
0.943738579750061
1.4393280744552612
1.8975937366485596
0.5420755743980408
0.41485288739204407
0.39489641785621643
0.6719217896461487
0.5780139565467834
1.2457140684127808
0.6365136504173279
0.7882153391838074
1.7729719877243042
1.0346496105194092
0.952018678188324
0.5293787717819214
0.34480682015419006
0.5877285599708557
0.5770479440689087
1.196402668952942
0.9504717588424683
0.518095076084137
0.6285786032676697
1.3786838054656982
0.591560423374176
0.6708463430404663
0.7547004222869873
1.2888553142547607
0.5343251824378967
1.365286946296692
0.43309688568115234
0.4721537232398987
0.9252766966819763
0.4665875732898712
1.4370152950286865
0.8611890077590942
0.34656235575675964
0.3652673065662384
0.7837401032447815
0.9994907975196838
0.40094342827796936
0.2920258045196533
0.7199060916900635
0.5772980451583862
1.1689927577972412
0.48338550329208374
0.3091285228729248
2.0328404903411865
0.4131152331829071
0.2566123604774475
0.8571068048477173
0.604188084602356
0.43442174792289734
0.7700348496437073
0.9652276039123535
0.4469705820083618
0.6356443762779236
1.02155339717865
1.300711750984192
0.7033569812774658
0.4394565522670746
1.0487942695617676
0.3461836576461792
1.6920274496078491
0.7046018838882446
0.5736135840415955
0.41854965686798096
0.5534148216247559
0.3124944865703583
0.7540576457977295
0.2046354115009308
0.6745741963386536
0.30659621953964233
0.8278607130050659
1.3029049634933472
1.0059694051742554
0.9139105081558228
0.4662407338619232
0.41303443908691406
0.769603967666626
0.7127359509468079
0.3102845549583435
0.5037051439285278
0.3279138207435608
0.8852207660675049
0.45547086000442505
0.28611239790916443
0.24701327085494995
0.8761170506477356
1.7487213611602783
0.6939497590065002
0.8939915299415588
0.29458197951316833
0.1433040350675583
0.622895359992981
0.6361078023910522
0.7139295339584351
0.6862265467643738
0.23832762241363525
0.3455393314361572
0.2335364669561386
0.33944177627563477
0.7797585129737854
0.9852619171142578
1.197564959526062
1.563261866569519
1.7081096172332764
1.3422764539718628
0.46026724576950073
0.44520118832588196
0.9604353308677673
0.7357514500617981
0.24099452793598175
0.814663290977478
1.6175705194473267
1.6340336799621582
0.932671308517456
0.3800680637359619
0.8688487410545349
0.5520174503326416
0.32632187008857727
1.064860463142395
0.5256456732749939
1.366757869720459
0.3129671812057495
0.8164869546890259
0.6822963953018188
0.3667381703853607
0.9283599257469177
0.2842691242694855
0.5430052876472473
0.16471077501773834
2.1907036304473877
0.825776219367981
0.19918915629386902
1.1975404024124146
1.0107216835021973
0.938391923904419
1.309942364692688
0.30133843421936035
0.5199413895606995
0.9751963019371033
0.985927402973175
0.37685132026672363
0.262218713760376
0.2082674354314804
0.4060855507850647
1.3989348411560059
0.6975165009498596
0.23775233328342438
0.1815684735774994
0.21663933992385864
0.34560614824295044
0.5709050297737122
0.9796323776245117
1.032639503479004
0.3464439809322357
0.22953975200653076
1.0035090446472168
0.8534078598022461
0.8626853823661804
0.4241720736026764
0.8817373514175415
0.4230623245239258
0.2682671546936035
0.7680255770683289
0.3840864598751068
1.4808062314987183
0.7373924851417542
0.9945568442344666
0.9199378490447998
0.3874298930168152
0.2325909286737442
0.3311377763748169
0.6982679963111877
0.30073651671409607
0.470636248588562
0.819290041923523
1.6544954776763916
0.8129875659942627
1.1036489009857178
0.1391027271747589
0.6463525295257568
0.607853889465332
0.8901427388191223
0.6080040335655212
0.4485611021518707
0.4638252854347229
0.4659613370895386
0.5676743984222412
0.3784806430339813
0.511669397354126
1.494155764579773
0.4315700829029083
1.4206044673919678
0.8918681144714355
1.4069604873657227
1.0608961582183838
0.6716039180755615
1.2130423784255981
1.198338508605957
0.5954887270927429
0.345674067735672
0.3403119742870331
0.4387917220592499
0.3000967800617218
0.21922236680984497
0.8033347725868225
0.3402976989746094
1.3484418392181396
0.888813316822052
0.8212424516677856
0.40383487939834595
0.2344302535057068
1.1659815311431885
0.25534865260124207
0.9857062101364136
1.0243785381317139
0.33364444971084595
1.39523184299469
0.30330154299736023
