277.1652526855469
253.3858642578125
240.65426635742188
271.0041809082031
208.64947509765625
262.16845703125
286.77008056640625
271.4356689453125
275.6619873046875
271.6587219238281
249.81874084472656
268.0279541015625
274.74444580078125
276.17791748046875
222.39247131347656
237.8621826171875
272.7502746582031
273.1826171875
253.77410888671875
266.88653564453125
270.0967102050781
267.4442138671875
266.0249938964844
278.0246276855469
226.72457885742188
248.73568725585938
230.58876037597656
246.1329803466797
232.8396453857422
229.9943084716797
267.50677490234375
200.701904296875
233.6638946533203
273.1180725097656
241.69924926757812
258.7597961425781
271.5879211425781
234.07382202148438
257.2673034667969
202.25804138183594
248.35317993164062
267.54534912109375
266.6883544921875
224.71839904785156
251.8550567626953
260.9962158203125
282.242431640625
215.67822265625
228.55247497558594
263.32611083984375
231.08470153808594
276.87994384765625
256.4134521484375
213.72987365722656
200.64170837402344
179.30409240722656
254.69696044921875
258.7627868652344
255.0565643310547
226.5265655517578
243.07235717773438
220.5251007080078
226.65032958984375
236.42584228515625
240.28204345703125
219.1951141357422
231.72314453125
227.16259765625
218.0294952392578
237.6415252685547
261.5499267578125
226.2875518798828
259.56378173828125
219.16268920898438
192.48928833007812
235.19195556640625
229.7099151611328
206.78619384765625
198.7230682373047
235.1813507080078
232.7609100341797
190.94668579101562
193.52590942382812
204.77099609375
174.2010498046875
154.19021606445312
140.4469757080078
153.74905395507812
136.4244384765625
119.69772338867188
134.56842041015625
109.54573059082031
119.82483673095703
94.42414093017578
119.40127563476562
121.32754516601562
109.42646789550781
89.9047622680664
50.42177963256836
51.03267288208008
34.75924301147461
59.9169921875
47.921566009521484
36.35943603515625
68.83148956298828
84.14116668701172
47.38784408569336
40.26044845581055
84.99793243408203
53.02495574951172
54.885650634765625
61.254173278808594
57.12545394897461
46.59053421020508
54.07855987548828
59.36906814575195
57.90904235839844
29.418243408203125
55.25340270996094
38.277950286865234
30.004295349121094
33.535400390625
30.18772315979004
21.491619110107422
13.198532104492188
18.535736083984375
9.75127124786377
6.6956915855407715
23.37630844116211
9.257286071777344
12.154999732971191
8.894503593444824
10.093875885009766
12.2200345993042
5.255948543548584
10.085780143737793
8.274617195129395
17.848346710205078
13.322983741760254
8.410558700561523
11.712560653686523
11.57654857635498
8.147997856140137
4.81957483291626
7.7928056716918945
11.769651412963867
11.289687156677246
4.030601501464844
5.3212504386901855
6.987281799316406
10.75590991973877
15.73726749420166
10.396417617797852
10.354982376098633
8.049951553344727
11.721020698547363
7.283130645751953
5.89193058013916
8.413839340209961
9.115758895874023
8.865224838256836
7.082802772521973
18.790111541748047
4.165759563446045
3.2733700275421143
7.491588592529297
5.729098320007324
5.863914489746094
6.9998297691345215
6.318631172180176
3.3498098850250244
4.626753330230713
6.031689643859863
7.769110679626465
4.0348334312438965
3.0452427864074707
6.530889987945557
4.232544422149658
6.102842330932617
6.874378204345703
4.3316779136657715
9.744009971618652
9.652701377868652
6.860760688781738
4.076230525970459
3.774073600769043
4.001397132873535
5.737037181854248
4.905785083770752
3.567638397216797
5.1380791664123535
6.318160533905029
4.253112316131592
2.597914695739746
5.20573091506958
5.553786277770996
9.803533554077148
5.946988105773926
3.287363290786743
5.921220302581787
3.6083998680114746
7.587448596954346
2.9634861946105957
2.1572160720825195
9.277495384216309
8.685391426086426
7.050527572631836
5.480776786804199
5.250898838043213
5.241096496582031
5.776689529418945
5.497397422790527
2.936413526535034
7.740823268890381
4.241430759429932
3.9683330059051514
5.639773368835449
3.30885910987854
4.251384735107422
3.006378412246704
4.569409370422363
4.076971054077148
3.799520492553711
5.733377933502197
8.611075401306152
4.918827533721924
3.9868831634521484
5.799921989440918
3.330833911895752
6.592210292816162
2.377453088760376
2.4194295406341553
4.903857231140137
2.736530303955078
6.415152549743652
5.831141948699951
4.2661309242248535
3.842017412185669
2.395348072052002
7.256317138671875
6.933937072753906
3.918515205383301
4.534761428833008
5.504670143127441
5.564587593078613
4.166704177856445
3.524858236312866
2.6452524662017822
5.666245937347412
6.453312873840332
8.795164108276367
3.878974676132202
4.858226776123047
2.992326259613037
4.081018447875977
4.721771717071533
3.702880382537842
3.0284948348999023
4.122531890869141
3.443206310272217
3.164108991622925
3.220324754714966
2.998635768890381
3.7871527671813965
2.9096603393554688
2.1887333393096924
2.3998498916625977
2.3872411251068115
4.891308307647705
4.049168109893799
3.2643179893493652
6.316150188446045
5.13818883895874
4.228689670562744
5.045711994171143
4.055126190185547
3.9104549884796143
3.4584386348724365
5.359035491943359
5.180505275726318
3.1350619792938232
6.611342430114746
4.546824932098389
4.105547904968262
2.750162363052368
3.18461275100708
3.299837589263916
3.57755446434021
2.712184429168701
5.646913051605225
7.851020812988281
3.888849973678589
4.061654090881348
5.774890899658203
5.955343723297119
4.682297706604004
5.300956726074219
6.885089874267578
3.5882174968719482
5.167895793914795
2.6498255729675293
2.5254709720611572
2.54988431930542
4.7723917961120605
5.107189178466797
4.563925743103027
3.1036601066589355
8.123689651489258
3.264958143234253
2.091090440750122
4.761906147003174
6.7148051261901855
7.43087911605835
6.086226940155029
4.739749908447266
3.7728145122528076
6.186985015869141
5.4637131690979
4.035507678985596
5.331630229949951
7.716814994812012
4.935361385345459
4.596743583679199
2.4738614559173584
5.760333061218262
5.513848781585693
4.859969139099121
4.266448974609375
7.431265354156494
5.260746002197266
4.591921806335449
4.169919013977051
3.682966709136963
5.687740802764893
3.8125226497650146
4.328722953796387
4.760406970977783
2.62475848197937
3.442636251449585
6.6793107986450195
3.127136468887329
4.983033657073975
5.622100830078125
2.7578835487365723
4.9391093254089355
6.5558061599731445
5.699841499328613
2.9227688312530518
5.517452716827393
3.002882957458496
4.648046016693115
5.204347610473633
2.8279333114624023
4.522964000701904
3.201967477798462
1.9791456460952759
3.373042583465576
3.153693437576294
5.20322847366333
2.455273151397705
3.370681047439575
4.033417701721191
4.14915657043457
3.059447765350342
3.143752336502075
2.8025941848754883
3.056821823120117
4.721786975860596
3.134410858154297
2.9376611709594727
3.6892411708831787
3.121283769607544
4.559695243835449
3.927924394607544
3.644815683364868
1.5724656581878662
2.901890993118286
3.0325465202331543
2.5927984714508057
3.1144657135009766
3.3927814960479736
3.6603763103485107
2.791177749633789
3.652592658996582
2.062049150466919
1.6842834949493408
1.8830478191375732
4.34261417388916
2.8898844718933105
2.636582851409912
5.189103126525879
3.5355682373046875
5.377864837646484
4.738447189331055
2.805020332336426
6.178688049316406
6.755820274353027
3.4281632900238037
4.4937968254089355
6.975256443023682
3.955706834793091
3.26935076713562
3.73374342918396
4.914690017700195
3.5529839992523193
3.4659476280212402
2.604032039642334
3.853451728820801
3.543069839477539
1.70614492893219
3.3367013931274414
4.3752217292785645
2.8720457553863525
2.790858507156372
1.8907395601272583
2.518429756164551
2.3567051887512207
2.9532837867736816
3.4186503887176514
3.414478063583374
3.1535444259643555
1.8371144533157349
3.053832769393921
2.695549964904785
1.987711787223816
3.0182104110717773
3.5767593383789062
2.722163438796997
2.9289872646331787
3.2260870933532715
3.399796724319458
3.0788614749908447
2.530870199203491
2.5510833263397217
2.465660572052002
2.3269786834716797
4.070847511291504
4.141753196716309
2.4086053371429443
5.325187683105469
4.129364490509033
2.255573272705078
2.9765684604644775
2.632601261138916
2.2144148349761963
4.959453582763672
2.9434027671813965
3.196047782897949
4.682339668273926
3.800652265548706
5.184759140014648
3.1809868812561035
3.208570718765259
3.0538079738616943
2.014280319213867
2.747545003890991
3.623330593109131
2.7561404705047607
3.5417888164520264
2.8340821266174316
3.6421430110931396
3.839630126953125
2.6803903579711914
2.667109251022339
1.999301552772522
2.3859448432922363
3.1822617053985596
2.1904897689819336
3.0116071701049805
1.531325340270996
3.431771993637085
2.6700778007507324
3.4814841747283936
2.2704381942749023
2.811573028564453
2.3572123050689697
2.012326240539551
1.8455219268798828
2.8907158374786377
3.1573359966278076
4.088015556335449
3.344722032546997
2.057553768157959
3.270918130874634
4.433384895324707
4.846959590911865
6.540496826171875
4.317859649658203
2.98305082321167
3.9888837337493896
2.524168014526367
2.897536039352417
3.955042600631714
2.9533071517944336
2.843878984451294
3.807070732116699
2.697833299636841
3.683602809906006
2.135258436203003
2.621582508087158
2.2639386653900146
1.95645010471344
2.883680820465088
3.3495850563049316
3.901522636413574
4.355501651763916
2.5763163566589355
4.368629455566406
4.704888820648193
2.541635274887085
2.8520805835723877
1.692097544670105
2.1188039779663086
4.346380233764648
3.9271674156188965
2.8306849002838135
2.9769957065582275
1.9379212856292725
3.048811912536621
2.9595513343811035
3.250617265701294
3.192760467529297
1.7877346277236938
4.114786148071289
3.471630573272705
4.078522682189941
2.683408498764038
3.4213223457336426
3.0640010833740234
3.462521553039551
2.8281238079071045
3.1672894954681396
2.84611177444458
3.030912399291992
2.287097215652466
3.5481765270233154
2.9393491744995117
3.2039058208465576
3.350386142730713
2.858705759048462
1.8913935422897339
3.224182367324829
2.3726725578308105
2.8990774154663086
2.1155471801757812
3.6328439712524414
3.056666135787964
2.1780478954315186
3.779174327850342
2.3669469356536865
3.8215715885162354
2.571401834487915
3.106628179550171
3.640272378921509
4.068577766418457
1.697862982749939
3.3999433517456055
2.4362878799438477
2.848485231399536
3.5860209465026855
2.333916187286377
1.767388105392456
2.999133825302124
2.1687703132629395
3.5933587551116943
2.91572642326355
2.4471256732940674
4.187525272369385
3.0680506229400635
4.508058071136475
5.9189863204956055
2.798837423324585
3.8696203231811523
2.5918595790863037
2.3798460960388184
3.502507209777832
3.070685625076294
2.916041851043701
4.895818710327148
4.8563079833984375
3.2022581100463867
4.688358306884766
5.928574562072754
2.696593999862671
4.743249893188477
4.523951053619385
2.5278196334838867
3.2837765216827393
3.332892417907715
3.9474663734436035
2.5409486293792725
3.030071258544922
3.139336585998535
2.923684597015381
2.69400954246521
2.847273111343384
2.4618818759918213
3.3233015537261963
3.5572423934936523
2.893496513366699
4.464954853057861
4.500833034515381
2.5911009311676025
3.1032068729400635
3.386646270751953
3.310265302658081
4.179811000823975
2.734057903289795
3.6081182956695557
4.066853046417236
5.262026309967041
2.3068013191223145
4.179834842681885
5.031269550323486
2.6566872596740723
2.4661083221435547
6.231170177459717
6.517887592315674
3.7149264812469482
3.8772079944610596
4.345863342285156
3.150930166244507
4.731280326843262
4.309773921966553
3.9018425941467285
3.0465471744537354
4.472070217132568
3.7501168251037598
3.0325520038604736
2.7116761207580566
2.752788543701172
3.048842668533325
3.032719373703003
2.8518807888031006
1.993177890777588
2.9019391536712646
2.6292455196380615
1.909482479095459
2.720994710922241
1.9309637546539307
1.9500021934509277
5.134458541870117
3.6622607707977295
3.47469425201416
2.5003280639648438
4.537090301513672
3.594379186630249
3.3681938648223877
4.048169136047363
2.8970530033111572
3.2106223106384277
3.9603004455566406
2.9307329654693604
1.775423288345337
4.127635955810547
5.815854549407959
2.4514153003692627
3.980025053024292
3.5467653274536133
2.4660732746124268
2.6367952823638916
2.488189935684204
1.7601090669631958
2.059406042098999
2.4949843883514404
2.4151339530944824
2.8815646171569824
4.61497163772583
3.7865917682647705
2.401614189147949
3.7672712802886963
2.9099340438842773
2.785627603530884
2.500580310821533
3.2336931228637695
3.7526774406433105
4.688048839569092
2.7576026916503906
3.3378241062164307
1.5175609588623047
3.2653913497924805
2.8826701641082764
4.485057830810547
4.221614837646484
1.9224311113357544
3.4254117012023926
5.729562759399414
2.7701048851013184
2.488696575164795
4.254611015319824
3.041006326675415
2.3138277530670166
3.3116893768310547
2.768367052078247
1.9869457483291626
2.757821559906006
1.9795366525650024
3.0547432899475098
2.1222643852233887
2.269848585128784
2.1372406482696533
2.030266761779785
3.6768195629119873
3.2554149627685547
2.2646701335906982
1.8474196195602417
2.842416286468506
1.9832940101623535
5.594241142272949
4.578214645385742
2.3787660598754883
2.618359088897705
4.066745281219482
3.4231905937194824
1.941307783126831
3.848426580429077
5.489468097686768
3.6421709060668945
2.3818371295928955
3.838991403579712
4.437473297119141
3.1990468502044678
3.5321528911590576
2.299452066421509
1.8779293298721313
2.159484624862671
3.4925642013549805
2.8275551795959473
2.6060972213745117
2.815239906311035
3.06288743019104
2.2308781147003174
4.840796947479248
2.57503342628479
3.822016477584839
2.361403465270996
2.216477632522583
2.1037485599517822
2.7755792140960693
2.271801233291626
2.3256123065948486
1.8582422733306885
3.186586618423462
2.2567832469940186
2.5271189212799072
2.344750165939331
2.675527572631836
2.2472293376922607
2.7141361236572266
2.7100284099578857
4.160123825073242
3.5617151260375977
2.820453643798828
3.9314124584198
3.7961108684539795
2.6059815883636475
2.356346368789673
4.3547749519348145
4.530726432800293
5.209696292877197
2.8341593742370605
3.692107915878296
3.639981746673584
2.838855504989624
2.866609573364258
2.4049248695373535
2.5012905597686768
2.684826135635376
1.9470032453536987
2.315485715866089
2.2007288932800293
3.0979888439178467
2.5272135734558105
4.615494728088379
2.8382654190063477
2.1527485847473145
2.439042329788208
2.3177411556243896
1.9885749816894531
2.0189859867095947
2.3428914546966553
2.730490207672119
2.484438896179199
1.7790104150772095
2.3241970539093018
2.2815568447113037
2.076805830001831
1.8654135465621948
1.4305046796798706
2.596595048904419
3.5069503784179688
2.3817667961120605
1.9732977151870728
2.2919294834136963
2.699460744857788
2.3807201385498047
1.8312205076217651
1.6799856424331665
2.556380271911621
1.8129076957702637
2.0010159015655518
2.137403726577759
1.5122779607772827
2.7436044216156006
2.2673306465148926
1.1808178424835205
2.001746892929077
1.9404642581939697
2.1101982593536377
3.9019863605499268
2.7646968364715576
2.0597097873687744
3.5298967361450195
3.6603424549102783
2.3253118991851807
2.8849613666534424
2.475687026977539
0.9651697874069214
2.4791314601898193
3.473466157913208
2.3887197971343994
1.9714521169662476
4.539013862609863
1.4933332204818726
2.0843210220336914
4.320824146270752
3.8725175857543945
4.000380039215088
2.3313260078430176
2.8830320835113525
3.943436622619629
3.3793015480041504
1.902056336402893
1.5993452072143555
1.6263114213943481
2.225956916809082
1.4782119989395142
1.3191128969192505
2.3370938301086426
2.8407938480377197
2.1051077842712402
2.596705198287964
1.885510802268982
1.9263758659362793
1.9332606792449951
1.959991455078125
3.2932372093200684
2.615515947341919
1.735300898551941
1.4898627996444702
2.5868632793426514
4.0262603759765625
1.973279356956482
1.8701050281524658
1.9718127250671387
3.0131235122680664
4.200016498565674
2.845015525817871
2.1709823608398438
1.9742865562438965
4.202972888946533
1.366716742515564
2.512326717376709
2.570533275604248
1.8984102010726929
1.5652332305908203
2.271148681640625
3.7776870727539062
3.401503086090088
1.6540712118148804
1.6848950386047363
1.7489292621612549
1.725566029548645
1.6661919355392456
4.222456932067871
2.260751724243164
1.4416464567184448
1.573311686515808
1.7839224338531494
1.9423116445541382
1.7772349119186401
1.6886860132217407
1.6838878393173218
1.258183240890503
1.3762338161468506
1.2012158632278442
2.1630117893218994
3.3853302001953125
4.073853015899658
3.561737537384033
1.6399610042572021
3.9230635166168213
2.5436620712280273
1.6411752700805664
1.508827567100525
1.2477384805679321
2.845036029815674
2.064225673675537
1.3923544883728027
2.1654539108276367
3.4978785514831543
2.4361412525177
3.202561378479004
2.2432475090026855
2.9793243408203125
1.7121270895004272
1.3806730508804321
2.28328537940979
3.013416290283203
2.4689178466796875
2.725517511367798
2.380526542663574
2.3258862495422363
2.1278626918792725
3.0201685428619385
1.5112004280090332
1.6824349164962769
0.7758647799491882
1.8012934923171997
3.115722417831421
3.697603702545166
2.609283685684204
1.9207342863082886
2.155360460281372
2.7184581756591797
2.839433431625366
4.871449947357178
3.283154249191284
4.131009578704834
1.8012924194335938
2.8081343173980713
1.5489683151245117
1.8255846500396729
1.988486886024475
3.438931703567505
2.2542717456817627
1.1039494276046753
1.756803274154663
2.2106120586395264
2.9448351860046387
2.1623454093933105
3.5315849781036377
2.6102521419525146
2.024369716644287
1.5802085399627686
1.854914903640747
1.6164274215698242
1.730728268623352
1.4473098516464233
1.6312776803970337
1.7873080968856812
1.0497851371765137
1.9764506816864014
1.9307165145874023
2.7266628742218018
2.8737149238586426
1.403911828994751
2.044388771057129
2.3485305309295654
1.5866013765335083
2.086406946182251
3.703251361846924
2.1556291580200195
1.541181206703186
2.147914409637451
1.826371431350708
1.342116355895996
1.7612947225570679
1.7518221139907837
1.5914613008499146
1.7317692041397095
2.3823459148406982
1.6433064937591553
1.021003007888794
2.084115505218506
3.5133941173553467
1.9133886098861694
2.1756110191345215
2.409778594970703
1.795578122138977
1.4506043195724487
2.7499160766601562
1.325136661529541
1.2093547582626343
2.140904188156128
2.585397243499756
1.2584353685379028
1.4853967428207397
0.9100144505500793
3.76173996925354
2.5742719173431396
1.4275853633880615
2.9921810626983643
2.1727051734924316
1.8842737674713135
0.9237041473388672
1.3449149131774902
2.1479177474975586
1.9931237697601318
1.5626308917999268
1.6619762182235718
1.5214799642562866
1.7446871995925903
1.1469777822494507
1.6956287622451782
1.5075825452804565
0.8150474429130554
1.6621636152267456
2.8386199474334717
1.3898221254348755
1.2023954391479492
1.5093929767608643
3.6509439945220947
1.7217222452163696
1.2841335535049438
1.6362844705581665
2.012174367904663
1.6910929679870605
1.5789196491241455
2.1225481033325195
1.682374119758606
1.8149404525756836
1.2468332052230835
2.97491192817688
1.6502938270568848
2.7162654399871826
1.328452467918396
1.8057581186294556
1.9208123683929443
1.4894191026687622
1.6211503744125366
1.60863196849823
3.1335463523864746
3.2850661277770996
1.4433543682098389
2.0068325996398926
2.234661102294922
1.633423924446106
0.9544320106506348
2.1440579891204834
1.9187895059585571
1.6955111026763916
1.2237989902496338
1.717126488685608
2.0442726612091064
1.6366543769836426
1.7844171524047852
2.0850765705108643
3.5061349868774414
1.7982208728790283
1.703212857246399
1.612627625465393
3.2463219165802
2.7326748371124268
2.2067835330963135
2.571533203125
3.1137287616729736
1.9158612489700317
1.4196985960006714
1.2218060493469238
1.9145668745040894
1.8430705070495605
1.341293215751648
1.0321110486984253
1.5309900045394897
1.3368041515350342
2.1834027767181396
1.2145689725875854
1.6077011823654175
1.822253704071045
1.1322158575057983
4.030358791351318
1.5208516120910645
1.4736617803573608
1.618312120437622
1.1707302331924438
0.883834183216095
1.4570016860961914
1.5101264715194702
2.626821994781494
1.168016791343689
2.429508924484253
2.0829460620880127
1.34856116771698
3.099910020828247
1.4613592624664307
2.1393938064575195
1.1105988025665283
1.1804646253585815
1.0291814804077148
2.195279598236084
0.9947044849395752
0.5725011825561523
0.7486377358436584
0.9820684790611267
1.3528320789337158
1.4788421392440796
1.969129204750061
1.8600025177001953
0.9971389174461365
1.4849399328231812
2.2954845428466797
2.6796209812164307
2.2121481895446777
1.8779946565628052
1.2187526226043701
2.695420265197754
4.573709487915039
2.1895294189453125
1.4733333587646484
1.342300295829773
0.9953098297119141
1.4759494066238403
2.3663716316223145
2.0262534618377686
1.1586167812347412
0.7349257469177246
2.0770742893218994
1.3104534149169922
3.124885320663452
1.6045619249343872
1.6191999912261963
1.7078582048416138
1.8744981288909912
1.939132571220398
1.6077784299850464
1.7989754676818848
1.0195313692092896
0.768339991569519
1.951061487197876
1.5383975505828857
2.3740651607513428
2.7572784423828125
4.128988265991211
1.4556481838226318
1.0356040000915527
1.0761488676071167
1.230193018913269
0.9813947081565857
1.8925976753234863
1.8017678260803223
1.5093839168548584
2.4298765659332275
3.66137433052063
1.605393886566162
1.5626288652420044
1.6069579124450684
0.8986899852752686
2.3099796772003174
0.8561350107192993
1.3274949789047241
1.7375198602676392
1.7387014627456665
2.327829360961914
1.970363974571228
0.6831899881362915
1.2595642805099487
1.79153311252594
1.4141716957092285
1.2718557119369507
1.642482876777649
1.3384101390838623
1.8743515014648438
1.8408161401748657
1.580230712890625
1.4837673902511597
1.6588737964630127
1.1775461435317993
1.2543290853500366
0.8736091256141663
0.8060896992683411
2.290827989578247
2.140770435333252
1.6917186975479126
1.7689038515090942
3.4318881034851074
