128.0646514892578
142.39871215820312
152.6688232421875
145.74758911132812
135.73150634765625
145.57470703125
154.34597778320312
127.40188598632812
146.46224975585938
121.19236755371094
97.87166595458984
140.50205993652344
140.56585693359375
147.7881622314453
128.2052001953125
99.69792175292969
149.6290740966797
142.68414306640625
139.092529296875
131.7919921875
149.8544921875
140.78262329101562
132.06996154785156
143.80238342285156
144.8264923095703
125.5953369140625
137.12893676757812
130.99966430664062
152.03738403320312
152.44769287109375
134.51332092285156
146.33209228515625
129.89260864257812
132.07713317871094
144.94677734375
154.8529510498047
143.2471466064453
125.29132843017578
145.39456176757812
141.32858276367188
125.32938385009766
140.24822998046875
139.444091796875
140.4835662841797
111.24812316894531
137.1376495361328
137.4033203125
143.47323608398438
123.97700500488281
121.3454360961914
105.28313446044922
144.88214111328125
128.60472106933594
136.4924774169922
129.9791259765625
131.24240112304688
120.41471099853516
128.86648559570312
114.68086242675781
123.03643035888672
138.7611541748047
129.4944610595703
111.2992935180664
117.58614349365234
121.88206481933594
108.54098510742188
120.10639953613281
116.72772979736328
95.08281707763672
110.75767517089844
114.69781494140625
114.99140167236328
71.6444320678711
118.94898986816406
78.80304718017578
93.64006805419922
111.97675323486328
113.74927520751953
109.0804214477539
96.6746597290039
109.97893524169922
108.00550842285156
100.91655731201172
96.9354476928711
92.66190338134766
92.95807647705078
80.85043334960938
87.02949523925781
84.37971496582031
72.61360168457031
70.24481201171875
69.23046112060547
81.69366455078125
75.56571197509766
70.8102035522461
65.1698226928711
63.42082977294922
54.83652114868164
45.942527770996094
49.88722610473633
51.305908203125
40.303977966308594
51.55726623535156
40.69569778442383
41.35830307006836
40.84342575073242
35.999794006347656
34.31448745727539
33.333717346191406
39.79563903808594
30.43517303466797
27.0897216796875
26.667802810668945
31.08261489868164
27.12666130065918
24.954458236694336
24.971017837524414
23.934160232543945
23.955108642578125
25.7452335357666
23.88031578063965
21.902313232421875
24.519487380981445
23.874238967895508
22.84596061706543
20.678016662597656
17.398176193237305
19.7742862701416
23.57931137084961
21.05752944946289
17.603473663330078
18.41255760192871
16.195056915283203
15.715147972106934
16.27020835876465
18.43440055847168
21.99479866027832
18.59193992614746
17.00856590270996
12.844207763671875
22.030099868774414
11.93911075592041
14.408203125
18.4282169342041
11.521452903747559
11.541539192199707
10.371410369873047
13.641048431396484
8.05582046508789
8.846344947814941
11.999676704406738
13.758237838745117
7.766047954559326
6.738041400909424
6.074102878570557
6.523349285125732
5.980776309967041
5.222477436065674
10.245187759399414
8.968364715576172
5.865923881530762
6.4559431076049805
7.449660778045654
6.935543060302734
7.740778923034668
7.772735118865967
6.8583807945251465
7.160048007965088
6.798164367675781
5.6439948081970215
6.905288219451904
5.438153266906738
5.31466817855835
5.119347095489502
8.535118103027344
6.493096351623535
6.032642364501953
4.919898509979248
5.4857988357543945
6.561717987060547
7.006731986999512
5.575720310211182
5.598691940307617
4.962615489959717
5.007778644561768
6.31226110458374
6.427237033843994
5.25535249710083
4.948088645935059
5.079086780548096
5.483861446380615
4.891796588897705
4.918270587921143
5.671815872192383
5.425957202911377
4.753252029418945
5.220124244689941
6.094695568084717
4.923122882843018
5.242449760437012
5.338662147521973
5.9232892990112305
4.845673561096191
5.1284589767456055
5.056213855743408
5.909789085388184
4.9243035316467285
4.994431495666504
5.895321369171143
4.859007835388184
4.697275161743164
4.437094211578369
4.661548614501953
5.374936580657959
4.607369899749756
4.876387119293213
4.921517372131348
5.3126020431518555
6.237748622894287
5.2781147956848145
5.324380874633789
4.754478454589844
4.308810710906982
5.0199432373046875
4.81648063659668
4.120951175689697
4.1648359298706055
4.280106544494629
4.521908283233643
4.463208198547363
4.072371959686279
3.91813063621521
4.065709590911865
4.3999176025390625
4.579807281494141
4.344170570373535
5.470618724822998
4.482587814331055
4.94023323059082
4.762663841247559
5.143894672393799
4.850310802459717
4.828587055206299
3.9982402324676514
4.660787105560303
6.764223098754883
5.315231800079346
5.35476541519165
4.3260579109191895
3.6971778869628906
4.781737327575684
6.61385440826416
6.520477771759033
5.900018215179443
5.8105669021606445
5.26735258102417
3.698249578475952
4.307092666625977
4.2389068603515625
4.726810932159424
4.318706035614014
4.391034126281738
3.963660955429077
3.987854242324829
4.065311431884766
10.481637001037598
4.1582207679748535
7.5080366134643555
3.715608835220337
4.84088134765625
4.111774444580078
3.9623262882232666
4.224781513214111
4.49739933013916
4.1779303550720215
3.6230974197387695
3.8856117725372314
4.333292484283447
4.273041725158691
4.041809558868408
4.073782444000244
4.025568008422852
4.2708845138549805
4.729599475860596
3.577188730239868
5.002303600311279
4.590898036956787
4.605260848999023
3.930140733718872
3.936518430709839
3.8553175926208496
3.9626965522766113
4.441736698150635
4.166905879974365
3.6959033012390137
4.085091590881348
3.8618602752685547
3.591367721557617
4.221736431121826
3.506214141845703
3.6004045009613037
3.8762295246124268
4.094524383544922
3.7066922187805176
3.878415584564209
3.662838935852051
4.003859996795654
4.109295845031738
3.919680118560791
3.945643424987793
4.398681640625
3.736276626586914
4.088405609130859
4.379195690155029
4.550800323486328
3.8867480754852295
3.1647679805755615
3.8470458984375
3.4329655170440674
3.684011459350586
3.2476911544799805
4.14650297164917
4.5697150230407715
4.0622758865356445
3.4978837966918945
3.552706003189087
3.930699110031128
3.225628137588501
2.88020658493042
3.675306797027588
3.93503999710083
4.074833393096924
3.3132383823394775
3.097590208053589
3.893523931503296
4.758012294769287
3.809605836868286
3.0606439113616943
3.495067596435547
3.63092041015625
3.4403069019317627
3.6069867610931396
3.843308925628662
3.8756496906280518
2.891235589981079
3.51532244682312
3.1471853256225586
3.4653611183166504
3.6898012161254883
3.2749392986297607
3.590747594833374
3.230294942855835
3.4978690147399902
3.6240649223327637
3.3272314071655273
3.3769190311431885
4.5280585289001465
3.5409388542175293
3.3960483074188232
3.598451852798462
3.440328598022461
3.452108383178711
3.1060338020324707
3.4724504947662354
3.4903719425201416
3.0955140590667725
3.1175026893615723
3.3853607177734375
3.6136889457702637
3.6018550395965576
3.249664783477783
3.0045859813690186
3.542757511138916
3.586958408355713
3.1116764545440674
3.527482032775879
3.246973991394043
3.4231958389282227
3.247483968734741
3.2811715602874756
3.3228073120117188
3.1351747512817383
4.126996994018555
3.9229846000671387
3.2366936206817627
3.3049192428588867
3.5281503200531006
2.977918863296509
3.14380145072937
3.0728766918182373
3.4844586849212646
3.8983070850372314
3.3617560863494873
3.2151031494140625
3.4232523441314697
3.1683597564697266
3.386028289794922
3.5654778480529785
3.5903584957122803
3.2678520679473877
3.153742790222168
3.1659364700317383
3.3702845573425293
3.116365909576416
3.4106392860412598
2.848001480102539
3.4368982315063477
2.9848833084106445
3.603874683380127
3.228929042816162
3.02824068069458
3.4639604091644287
2.8190066814422607
3.250100612640381
2.970438241958618
2.667495012283325
3.212553024291992
2.840665578842163
3.0855488777160645
3.0811004638671875
3.145540952682495
2.8865981101989746
3.3430416584014893
3.197134256362915
3.1651737689971924
2.6550562381744385
3.4590513706207275
3.430190324783325
3.2307286262512207
3.2919702529907227
3.233229398727417
3.168057918548584
2.7560055255889893
3.0764174461364746
3.2294974327087402
3.0284671783447266
2.9496958255767822
3.047074317932129
3.1811928749084473
3.172787666320801
3.266981840133667
34.16966247558594
3.3704993724823
3.081434965133667
3.05922532081604
3.034168243408203
3.3077759742736816
3.3384132385253906
2.572688341140747
3.738328695297241
2.686840772628784
3.0454699993133545
2.8037781715393066
3.5909624099731445
3.0350124835968018
3.3475239276885986
3.157578706741333
2.8015758991241455
3.3605844974517822
2.6886303424835205
2.770327568054199
3.2183306217193604
3.1386871337890625
3.4351160526275635
3.136209011077881
2.5593838691711426
3.5307679176330566
3.6001288890838623
3.0588297843933105
3.2436811923980713
2.9487948417663574
3.0896780490875244
2.6975221633911133
3.0668575763702393
2.844099760055542
3.0124921798706055
3.14408540725708
3.089172840118408
2.758802890777588
3.0449252128601074
3.2247326374053955
3.0356011390686035
3.1497092247009277
2.9059808254241943
2.6227927207946777
2.9888288974761963
3.0773725509643555
3.0111639499664307
3.071477174758911
3.0592265129089355
3.319007635116577
3.3606698513031006
2.901998281478882
3.050037384033203
2.9252331256866455
3.3623735904693604
2.779740810394287
2.90041184425354
2.9443862438201904
3.108382225036621
3.019465208053589
2.8188467025756836
2.999260425567627
2.9452056884765625
2.842346668243408
2.6016623973846436
3.3547751903533936
3.1829168796539307
2.832552909851074
2.728400468826294
3.058687210083008
2.8871564865112305
2.7187600135803223
2.8694539070129395
2.957200765609741
2.803170919418335
2.8849565982818604
2.509855031967163
2.804258108139038
2.824333429336548
3.0398528575897217
2.661184310913086
2.8372039794921875
2.992495536804199
3.161771774291992
2.821528911590576
2.881103515625
2.7031688690185547
2.2620227336883545
2.8471224308013916
2.7296316623687744
2.8069841861724854
3.057893753051758
3.132169246673584
2.78214430809021
2.8946568965911865
2.8931074142456055
2.5917840003967285
2.944894552230835
2.6856887340545654
2.679677724838257
2.7134580612182617
2.940648078918457
2.5917510986328125
2.6609833240509033
2.8901126384735107
2.7085185050964355
2.8803224563598633
2.9976606369018555
2.6427507400512695
2.871600389480591
2.8384060859680176
2.1289000511169434
2.768956422805786
3.541172981262207
3.218341112136841
3.289825916290283
2.7313756942749023
3.0140600204467773
3.4573307037353516
3.0030925273895264
3.178250789642334
2.8774666786193848
2.9424819946289062
2.7893619537353516
4.339258670806885
3.864917516708374
3.6415066719055176
3.1808104515075684
2.9109103679656982
3.078613758087158
3.033895969390869
3.202932596206665
3.4437954425811768
2.9027597904205322
2.776042938232422
2.755242109298706
3.667238712310791
4.029098033905029
3.3138535022735596
2.7744879722595215
2.9503121376037598
3.139772891998291
2.7173831462860107
2.786283254623413
2.719205379486084
2.8057339191436768
2.7798569202423096
2.584594964981079
2.6766581535339355
2.993447780609131
2.895660638809204
3.32845139503479
2.6152596473693848
2.660623073577881
2.3933310508728027
2.3908252716064453
2.422010898590088
2.292341947555542
2.653437852859497
2.76487398147583
2.8663411140441895
2.6686956882476807
2.7625982761383057
2.6291537284851074
2.761476755142212
2.7749130725860596
2.533677816390991
2.7527551651000977
2.624691963195801
2.7237420082092285
2.6417698860168457
2.53908634185791
2.612075090408325
2.6775941848754883
2.5942625999450684
2.3683536052703857
4.010156154632568
2.757286787033081
2.7147819995880127
3.027871608734131
2.719207525253296
2.786686658859253
2.7403101921081543
2.735837936401367
2.6882123947143555
2.7074692249298096
2.795536756515503
2.720107078552246
2.677173137664795
2.7044694423675537
2.746189832687378
2.740966558456421
2.6294918060302734
2.6934545040130615
2.7070631980895996
2.3714513778686523
2.5995523929595947
2.6520423889160156
2.636995792388916
2.6544721126556396
2.5526649951934814
2.448319673538208
2.4085216522216797
2.405071973800659
2.6167004108428955
2.657789945602417
2.6585934162139893
2.6748085021972656
2.5664026737213135
2.5950615406036377
2.7063207626342773
2.4450039863586426
2.5553810596466064
2.4072275161743164
2.484612226486206
2.683323860168457
2.6683080196380615
2.4640443325042725
2.3722221851348877
2.7508819103240967
2.6345200538635254
2.528634786605835
2.2400002479553223
2.414193630218506
2.1745765209198
2.5192017555236816
2.725590705871582
2.2392497062683105
2.4449853897094727
2.786954641342163
2.387188673019409
2.850982427597046
2.5157551765441895
2.5228800773620605
2.6817550659179688
2.7010645866394043
2.967494010925293
2.8552443981170654
2.541226387023926
2.350273847579956
2.662546157836914
2.643608808517456
2.878718376159668
2.394695281982422
2.1826987266540527
2.7074289321899414
2.723226547241211
2.2716550827026367
2.5249271392822266
2.804095983505249
2.709312677383423
2.5618081092834473
2.7532739639282227
2.58134126663208
2.0824873447418213
2.332564353942871
2.796337604522705
2.4718353748321533
2.9876387119293213
2.512340545654297
2.2469089031219482
2.5105745792388916
2.477482795715332
2.4290826320648193
2.587430000305176
2.3543848991394043
2.747422456741333
2.8894855976104736
2.688248634338379
2.4845545291900635
2.497401475906372
2.426243305206299
2.549138069152832
2.3255422115325928
2.5813047885894775
2.529892683029175
2.3925602436065674
2.5675718784332275
2.350585699081421
2.5865163803100586
2.2697336673736572
2.623049259185791
2.0934603214263916
2.500230073928833
2.3857204914093018
2.139671802520752
2.314871311187744
2.133857488632202
2.476754903793335
2.080860137939453
2.314424991607666
2.4024782180786133
2.362870216369629
2.4482970237731934
2.684917688369751
2.624675750732422
2.2949748039245605
2.5201666355133057
2.6286237239837646
2.4624016284942627
2.384784698486328
2.6618735790252686
2.479041576385498
2.486570119857788
2.3493237495422363
2.526817560195923
2.815894603729248
2.69167423248291
2.5762646198272705
2.448322057723999
2.437044143676758
2.367584228515625
2.8227522373199463
2.722142457962036
2.423877716064453
2.48527193069458
2.475895643234253
2.4664106369018555
2.700108528137207
2.5377135276794434
2.50844669342041
2.5502896308898926
2.2516047954559326
2.5135231018066406
2.437032699584961
2.5389139652252197
2.398212432861328
2.477881669998169
2.51962947845459
2.4664883613586426
1.9090948104858398
2.4048831462860107
2.5414555072784424
2.4612536430358887
2.054849147796631
2.2850821018218994
2.29526948928833
2.3378498554229736
2.5649170875549316
2.4320223331451416
2.6032297611236572
2.399214029312134
2.4982454776763916
2.512003183364868
2.39732027053833
2.4706521034240723
2.377100706100464
2.033032178878784
2.230802536010742
2.493619680404663
1.897648811340332
2.2467246055603027
2.285374402999878
2.3254125118255615
2.284212827682495
2.317377805709839
2.299825429916382
2.3563477993011475
2.5484471321105957
2.5594828128814697
2.3740286827087402
2.413764238357544
2.2383792400360107
2.545870065689087
2.2592153549194336
2.625844955444336
2.4715662002563477
2.361768960952759
2.4972116947174072
2.405479669570923
2.5433809757232666
2.126781463623047
2.238375425338745
2.3233885765075684
2.334263563156128
2.397397041320801
2.5316219329833984
2.2218704223632812
2.2557930946350098
2.081078290939331
2.3475098609924316
2.2379260063171387
2.3731529712677
2.3631582260131836
2.428349733352661
2.417729616165161
2.5360419750213623
2.6576361656188965
2.1854934692382812
2.225574016571045
2.4372124671936035
2.3619673252105713
2.2651326656341553
2.790480375289917
2.4832727909088135
3.095529079437256
2.633713483810425
2.2945914268493652
2.6243724822998047
2.569126844406128
2.4908204078674316
2.536959171295166
2.17522931098938
2.124553918838501
2.242354393005371
2.328216075897217
2.5427398681640625
2.4301412105560303
2.289316177368164
2.1179792881011963
2.0479726791381836
2.7537615299224854
2.337691307067871
2.2931199073791504
2.4902708530426025
2.454761505126953
2.4018516540527344
2.4006717205047607
2.044447898864746
2.164680004119873
2.296292781829834
2.1696274280548096
2.250883102416992
2.360665798187256
2.639651298522949
2.2566959857940674
2.25063157081604
2.197558641433716
2.478102445602417
2.1116650104522705
2.3510196208953857
2.3496782779693604
2.0022799968719482
1.930962324142456
1.9497584104537964
2.277653217315674
2.3590285778045654
2.134219169616699
2.3387205600738525
2.052544593811035
2.4658374786376953
2.4090323448181152
2.216628313064575
2.1342201232910156
2.2495219707489014
2.1002984046936035
2.3741724491119385
2.205411911010742
2.375891923904419
2.2804949283599854
2.29498553276062
2.418060541152954
2.399946451187134
2.120004177093506
1.7619049549102783
2.360497236251831
2.2374072074890137
2.028643846511841
2.455303430557251
2.3775298595428467
2.360715866088867
2.408329963684082
2.6577422618865967
2.0735700130462646
2.3664379119873047
2.467103958129883
2.3145947456359863
2.299494743347168
2.4454479217529297
2.1359307765960693
2.357713460922241
2.0761399269104004
2.0684399604797363
1.9392786026000977
2.271515130996704
2.221606731414795
2.3254659175872803
2.2642414569854736
2.2733404636383057
2.284456491470337
1.927653431892395
2.1256186962127686
2.3106167316436768
2.2789812088012695
2.332223892211914
2.262766122817993
2.3363053798675537
2.3026838302612305
2.144385576248169
2.3568387031555176
2.081885814666748
2.085999011993408
2.182098150253296
2.1678237915039062
2.104048490524292
2.449915647506714
2.279649257659912
2.2532947063446045
2.3960399627685547
2.378492593765259
2.5167267322540283
2.48465633392334
2.3790314197540283
2.2836225032806396
2.2581896781921387
2.2858450412750244
1.9447355270385742
2.4927330017089844
2.062211513519287
2.1175789833068848
1.8745779991149902
2.2792255878448486
2.4506688117980957
2.3685216903686523
2.1182022094726562
2.4155752658843994
2.4181079864501953
2.0658185482025146
2.2903201580047607
2.3542301654815674
2.182448387145996
2.3059635162353516
2.156446933746338
2.314033031463623
2.3238320350646973
2.0934526920318604
2.0443577766418457
2.1346049308776855
1.8820476531982422
2.0770680904388428
2.300705909729004
2.199709415435791
2.138185501098633
2.285719871520996
2.0895960330963135
2.359224796295166
2.0552072525024414
2.1771647930145264
2.329862117767334
2.2287306785583496
1.9893958568572998
2.255244255065918
2.0374088287353516
2.2752461433410645
2.2125582695007324
2.0620274543762207
2.2909581661224365
2.0322511196136475
1.9313912391662598
2.2993741035461426
2.28794527053833
2.2698349952697754
2.2725884914398193
2.287646770477295
2.275437116622925
1.838451862335205
2.1694881916046143
2.5223331451416016
2.063575267791748
2.1112096309661865
2.219586133956909
2.2809247970581055
2.1991257667541504
2.3337931632995605
2.241581439971924
2.1971991062164307
2.282146453857422
2.2669076919555664
2.428217887878418
2.066331386566162
1.7999650239944458
2.2279012203216553
2.168405055999756
2.2667129039764404
2.139263868331909
2.1824235916137695
2.077209949493408
2.2724902629852295
2.2906811237335205
2.1514904499053955
2.1763906478881836
2.0106778144836426
1.997441053390503
2.244577407836914
1.9271917343139648
2.0640742778778076
1.994221806526184
2.0019679069519043
1.9987788200378418
2.1551365852355957
2.342480182647705
2.105191946029663
2.283363103866577
1.9629684686660767
2.1845741271972656
2.345510721206665
1.9448587894439697
2.4021050930023193
1.8562806844711304
2.290196180343628
2.1444032192230225
2.182285785675049
1.9689997434616089
2.1079261302948
2.0741677284240723
2.106522798538208
2.1511549949645996
2.2512288093566895
2.2317276000976562
1.8594794273376465
2.009195327758789
2.2662317752838135
2.201761484146118
2.2246854305267334
1.938045859336853
2.2699060440063477
1.9988083839416504
2.321636438369751
2.252732992172241
2.0618250370025635
2.2074697017669678
1.8533769845962524
2.4222264289855957
2.1704676151275635
2.2459399700164795
2.2177834510803223
2.244539499282837
1.975108027458191
1.9590078592300415
2.1762607097625732
2.342219114303589
2.012012004852295
2.5479612350463867
2.109171152114868
2.060987710952759
2.504636287689209
1.9666510820388794
2.2074952125549316
2.3412423133850098
2.136610507965088
1.903984785079956
2.129028081893921
2.1997900009155273
2.1848206520080566
2.1038169860839844
1.8844075202941895
2.1014270782470703
2.083488702774048
2.1158320903778076
2.1129701137542725
2.1737852096557617
2.1160888671875
2.1328766345977783
2.1882264614105225
2.1299021244049072
2.3310253620147705
2.161013603210449
1.8905155658721924
2.161781072616577
2.067333459854126
2.067315101623535
2.2260842323303223
2.3533670902252197
1.9881541728973389
2.2136733531951904
2.1526265144348145
1.930587649345398
2.107429027557373
2.0019941329956055
2.0912768840789795
2.124037265777588
1.9177465438842773
2.190706968307495
2.1598658561706543
2.1977293491363525
2.054591178894043
1.9900318384170532
2.1484553813934326
2.199925184249878
2.1456692218780518
2.1578369140625
2.121032476425171
2.2105069160461426
2.152573347091675
2.1770284175872803
2.0495803356170654
2.158205270767212
2.2408316135406494
2.185821771621704
2.247088670730591
2.255096673965454
2.1437718868255615
2.1992640495300293
2.171527862548828
1.9641817808151245
1.9997565746307373
2.225693702697754
1.9175500869750977
1.9562991857528687
2.2025187015533447
2.115218162536621
2.3235318660736084
2.436176300048828
2.0135648250579834
2.0263118743896484
2.1733481884002686
2.1400794982910156
2.0194408893585205
1.9030591249465942
1.9342148303985596
2.152498245239258
2.2235348224639893
1.8274041414260864
1.9913996458053589
2.043868064880371
2.1837751865386963
2.2619338035583496
2.1900360584259033
2.2281479835510254
2.138178586959839
2.2114388942718506
2.0047988891601562
1.9959282875061035
2.278677225112915
2.106874465942383
2.178981065750122
2.131646156311035
2.180187702178955
2.1761012077331543
2.1199235916137695
2.0164575576782227
1.990787148475647
2.192345380783081
2.2570722103118896
2.2116928100585938
