33.59772491455078
37.158119201660156
38.5710334777832
37.844886779785156
36.4169921875
37.643638610839844
39.06753921508789
34.88251495361328
38.0580940246582
34.1537971496582
27.97313690185547
36.73545837402344
37.72669219970703
39.10282516479492
34.69538497924805
30.500133514404297
39.48809051513672
38.5327262878418
37.54557418823242
35.82673645019531
40.367130279541016
39.20412063598633
37.9208869934082
40.07659149169922
40.60732650756836
38.048946380615234
40.089576721191406
38.29861068725586
43.068267822265625
43.636775970458984
41.464839935302734
44.164249420166016
41.27425765991211
42.29869842529297
46.31195068359375
48.26339340209961
47.91040802001953
43.74829864501953
49.61122131347656
49.830421447753906
46.037967681884766
52.685550689697266
53.801536560058594
55.613155364990234
44.062278747558594
56.845951080322266
59.69322967529297
63.46369934082031
59.89167022705078
61.667877197265625
56.311805725097656
72.26103210449219
71.09395599365234
75.80450439453125
77.13700866699219
77.3466567993164
77.42149353027344
85.45616912841797
80.35050201416016
90.04206848144531
100.03081512451172
101.28804016113281
93.45773315429688
100.88352966308594
108.44669342041016
101.89026641845703
116.05950927734375
116.84111022949219
101.58845520019531
120.43620300292969
129.94789123535156
135.03968811035156
95.04978942871094
148.12319946289062
109.75988006591797
134.7090301513672
158.8366241455078
165.5399932861328
166.9230194091797
153.44046020507812
178.10409545898438
182.3214111328125
180.3035888671875
182.39976501464844
181.17881774902344
188.69961547851562
180.48150634765625
193.70269775390625
178.76565551757812
177.64743041992188
183.08116149902344
173.31349182128906
215.05455017089844
212.00335693359375
207.55575561523438
204.0773468017578
186.07981872558594
179.2831268310547
149.5141143798828
161.66517639160156
156.921630859375
97.9561767578125
203.4955596923828
160.1814727783203
165.6795196533203
167.4197235107422
138.89547729492188
73.43621826171875
117.88191986083984
69.54833984375
71.71194458007812
54.522796630859375
32.0842170715332
38.58368682861328
52.9024658203125
14.897089004516602
21.448612213134766
33.644195556640625
46.0908317565918
42.89974594116211
45.883880615234375
59.32925033569336
48.508445739746094
82.56871795654297
86.0806655883789
72.29720306396484
52.874019622802734
73.22589874267578
16.051742553710938
13.001965522766113
63.15339660644531
91.184814453125
66.78325653076172
58.89527893066406
23.9981689453125
41.085174560546875
31.392343521118164
33.892173767089844
23.804122924804688
81.69963073730469
31.951173782348633
39.65195083618164
25.682331085205078
25.808712005615234
110.5041732788086
108.783447265625
102.61111450195312
45.01039505004883
59.65962600708008
74.9017562866211
28.95853614807129
65.69552612304688
41.79618835449219
32.147098541259766
11.113520622253418
22.280223846435547
12.530854225158691
8.446739196777344
69.7408218383789
26.370283126831055
39.839500427246094
58.233768463134766
95.07950592041016
25.497385025024414
8.741287231445312
46.37150573730469
42.090980529785156
57.38105773925781
75.1797866821289
44.15671920776367
25.948917388916016
20.187437057495117
23.172136306762695
22.65599250793457
121.0260009765625
68.2867431640625
47.6093864440918
26.529010772705078
33.3973274230957
80.90233612060547
38.329261779785156
42.10700225830078
41.43610382080078
10.038496971130371
10.081890106201172
79.81990051269531
33.977413177490234
22.08738136291504
21.852703094482422
38.72156524658203
21.234371185302734
35.76679611206055
7.092654705047607
53.04497528076172
41.13038635253906
36.11294937133789
48.29392623901367
40.64491271972656
31.40031623840332
59.25053024291992
26.69554901123047
87.0906982421875
34.2315559387207
41.59099197387695
22.846864700317383
41.685585021972656
16.017669677734375
11.132781982421875
50.97795486450195
10.099201202392578
34.46907424926758
33.99163818359375
12.044296264648438
29.352928161621094
10.700654029846191
17.3210506439209
19.21502685546875
82.81764221191406
100.24407958984375
47.716285705566406
40.18593215942383
19.828519821166992
21.341808319091797
48.82156753540039
52.4016227722168
15.851032257080078
15.86674976348877
21.312103271484375
22.091751098632812
7.938295364379883
14.897871971130371
7.119001388549805
15.627470970153809
38.277099609375
21.054046630859375
41.51039123535156
91.42512512207031
51.644203186035156
16.884931564331055
74.6037826538086
121.03520202636719
83.69408416748047
60.35721206665039
38.636817932128906
60.932125091552734
132.235595703125
109.71016693115234
101.85152435302734
54.97409439086914
22.793460845947266
85.44477081298828
157.34996032714844
157.16285705566406
155.5604705810547
118.9202651977539
101.78003692626953
13.626585006713867
24.92535972595215
25.175827026367188
28.773242950439453
12.255023956298828
14.940962791442871
27.918384552001953
41.013206481933594
32.9135856628418
30.916452407836914
19.080944061279297
105.91153717041016
13.478538513183594
66.20635986328125
19.096248626708984
7.737296104431152
65.0376205444336
61.6250114440918
48.703216552734375
32.15797424316406
29.63755989074707
73.03343963623047
52.07441329956055
27.354915618896484
27.48370361328125
11.876569747924805
64.54889678955078
78.18505096435547
41.94634246826172
45.246612548828125
34.80516052246094
71.60684204101562
62.14710998535156
56.69910430908203
8.000772476196289
12.640965461730957
64.04386901855469
42.935970306396484
43.43377685546875
14.929677963256836
14.102161407470703
46.70588684082031
23.932655334472656
12.333889961242676
19.913524627685547
15.65573501586914
10.609354019165039
6.147076606750488
22.07172966003418
14.24473762512207
22.510604858398438
48.25797653198242
77.15265655517578
51.30146408081055
22.495288848876953
47.30546569824219
81.48074340820312
103.78923034667969
83.83132934570312
43.585323333740234
26.59784698486328
53.9589729309082
53.572265625
39.06997299194336
15.228907585144043
71.92633819580078
90.0654525756836
72.67604064941406
26.630069732666016
12.14079761505127
36.80736541748047
25.987661361694336
22.601335525512695
53.95184326171875
57.818546295166016
59.11608123779297
31.70857810974121
11.135979652404785
66.41464233398438
26.2869873046875
27.823837280273438
19.7108097076416
18.103591918945312
29.408376693725586
6.444507122039795
10.896769523620605
34.83110046386719
47.819580078125
11.825763702392578
15.823592185974121
4.596255302429199
16.639240264892578
6.110778331756592
18.17884635925293
42.3238410949707
25.791973114013672
28.532978057861328
30.141845703125
18.46544075012207
15.581598281860352
89.20404052734375
8.490653991699219
18.65414047241211
19.906742095947266
31.02142333984375
17.66388511657715
24.109752655029297
22.31957244873047
8.442184448242188
7.870817184448242
17.26761245727539
30.942760467529297
40.168827056884766
50.325565338134766
45.7794075012207
15.472999572753906
13.64535903930664
5.755640506744385
13.708078384399414
37.91630554199219
7.810656547546387
24.130834579467773
26.828266143798828
7.343947410583496
18.395366668701172
33.44171905517578
84.96039581298828
68.09720611572266
16.46711540222168
11.714238166809082
28.729755401611328
32.116058349609375
18.35195541381836
10.577797889709473
59.2934684753418
67.3234634399414
12.885459899902344
25.71648406982422
39.623695373535156
18.26954460144043
17.44635772705078
39.3754997253418
27.94229507446289
21.154918670654297
11.163174629211426
41.41242599487305
41.310508728027344
7.606353759765625
13.646211624145508
47.537376403808594
37.218685150146484
20.234527587890625
29.446027755737305
28.49030303955078
26.16650390625
46.31852340698242
19.301382064819336
7.6196980476379395
29.003664016723633
7.909120082855225
6.227574348449707
4.187230110168457
15.159053802490234
17.07131576538086
15.031285285949707
10.787800788879395
26.662235260009766
46.367652893066406
28.64280128479004
10.29876708984375
54.105838775634766
84.28550720214844
50.06484603881836
42.5928840637207
34.29705047607422
28.469913482666016
21.447315216064453
9.597609519958496
20.605918884277344
10.437360763549805
11.153346061706543
10.09030818939209
19.9939022064209
23.416364669799805
42.13726806640625
186.06809997558594
36.34928512573242
36.63324737548828
13.00745677947998
18.851985931396484
17.568374633789062
26.39918327331543
10.232274055480957
28.021421432495117
21.833110809326172
41.59463119506836
20.336658477783203
49.57941436767578
18.53323745727539
48.50807571411133
16.28957176208496
19.426469802856445
56.96499252319336
27.452177047729492
22.822296142578125
37.02012634277344
50.36501693725586
63.45762252807617
7.1393513679504395
8.041004180908203
71.74567413330078
87.49512481689453
56.42612075805664
19.491668701171875
7.349659442901611
22.83884620666504
45.66910171508789
30.38995361328125
27.183923721313477
44.08577346801758
34.902156829833984
9.033639907836914
26.225521087646484
51.58433532714844
30.025527954101562
8.953180313110352
6.5293869972229
16.237314224243164
9.51973819732666
31.101821899414062
6.9618353843688965
32.87028121948242
21.228513717651367
6.485066890716553
57.41736602783203
64.51762390136719
23.93450927734375
44.34660720825195
37.33937454223633
58.5023078918457
14.155366897583008
38.67625427246094
24.94898796081543
50.08879470825195
10.56273365020752
35.82581329345703
7.013066291809082
27.103408813476562
45.61558532714844
15.224727630615234
30.0673828125
8.539405822753906
22.886850357055664
11.085460662841797
24.316213607788086
36.37040710449219
11.864995956420898
18.047121047973633
21.499723434448242
38.457706451416016
13.503365516662598
17.76995086669922
9.726236343383789
28.765201568603516
41.519779205322266
4.292094707489014
46.335811614990234
47.165992736816406
49.18551254272461
10.21253490447998
36.070987701416016
19.514137268066406
33.422855377197266
5.81815767288208
21.14552116394043
11.752140045166016
13.683910369873047
17.21939468383789
4.989090442657471
7.569748401641846
10.092440605163574
18.80046272277832
12.970545768737793
8.825913429260254
23.493759155273438
45.82038879394531
11.787357330322266
7.7494354248046875
22.610319137573242
26.851736068725586
15.661640167236328
13.532819747924805
42.36196517944336
7.350386619567871
9.88459587097168
2.710270404815674
17.37218475341797
30.182594299316406
86.27361297607422
72.24674987792969
27.537702560424805
16.041580200195312
44.42820358276367
94.34577178955078
62.067413330078125
57.5262451171875
35.18341064453125
14.230646133422852
56.261085510253906
151.83885192871094
134.9023895263672
91.8439712524414
71.50167846679688
20.005552291870117
54.49635696411133
63.40652847290039
65.9671859741211
82.759033203125
30.853084564208984
4.606933116912842
64.34647369384766
103.17648315429688
120.49105834960938
82.81988525390625
42.68905258178711
12.934117317199707
51.71843719482422
36.674713134765625
17.328651428222656
5.635042667388916
34.24123764038086
25.66716766357422
22.905426025390625
12.774679183959961
24.115842819213867
31.758337020874023
55.59091567993164
13.52578353881836
22.9722900390625
7.435177326202393
8.787532806396484
13.936500549316406
5.51938533782959
20.165971755981445
23.258249282836914
15.653909683227539
9.53917121887207
4.6112565994262695
14.861005783081055
5.531442642211914
26.175827026367188
10.421682357788086
4.409453392028809
16.17986297607422
4.4528703689575195
21.257919311523438
18.31168556213379
8.24776554107666
4.396716594696045
11.179622650146484
15.67654037475586
42.15292739868164
12.535243034362793
12.904888153076172
33.26567840576172
28.639366149902344
30.409339904785156
29.827024459838867
25.318363189697266
15.3905611038208
10.85672378540039
30.564592361450195
12.264958381652832
16.564891815185547
39.298927307128906
6.270282745361328
28.874879837036133
5.855945110321045
12.02547836303711
8.200539588928223
9.65422248840332
28.71321678161621
13.462190628051758
35.69784164428711
10.053030967712402
12.608819961547852
8.059489250183105
8.4382905960083
13.695671081542969
14.94198226928711
29.85132598876953
7.347824573516846
16.92275047302246
12.02772331237793
19.387737274169922
9.819637298583984
9.52554988861084
9.950977325439453
13.263506889343262
34.78553771972656
3.773841142654419
34.063907623291016
15.24201488494873
17.525766372680664
29.1357364654541
19.87807846069336
12.51195240020752
28.697647094726562
9.898506164550781
4.468943119049072
14.212491035461426
7.159516334533691
9.71054744720459
30.15577507019043
43.2490348815918
17.147615432739258
56.92973709106445
14.32652759552002
37.020294189453125
6.498594284057617
46.861534118652344
70.28358459472656
63.650611877441406
23.32472038269043
8.56667423248291
23.499269485473633
41.67237854003906
21.23417854309082
32.31617736816406
7.074006080627441
38.6845817565918
50.54398727416992
13.369919776916504
7.553958415985107
57.85721206665039
50.289886474609375
36.82817459106445
52.959869384765625
9.069563865661621
9.000330924987793
39.85398864746094
66.39635467529297
64.37696838378906
81.96514129638672
55.837772369384766
9.925697326660156
22.035640716552734
29.775182723999023
23.220935821533203
3.9924824237823486
15.711073875427246
47.20066452026367
46.424041748046875
33.55569076538086
21.07187843322754
8.064605712890625
7.421088218688965
33.18281936645508
6.591493606567383
11.148494720458984
16.152755737304688
5.50351619720459
12.683218002319336
11.399792671203613
15.775019645690918
18.796810150146484
11.006721496582031
10.939620971679688
17.5377254486084
10.042202949523926
18.606531143188477
7.84713888168335
13.305072784423828
5.249855995178223
10.099005699157715
19.548879623413086
12.801878929138184
18.748859405517578
4.170248031616211
19.676677703857422
24.00324058532715
20.71605682373047
5.464518070220947
33.678932189941406
43.24897003173828
30.81279182434082
6.583681583404541
28.982044219970703
9.635356903076172
17.180782318115234
12.75577163696289
24.235586166381836
52.72660446166992
36.18547439575195
5.83155632019043
8.995104789733887
36.64310836791992
58.35301971435547
49.4661865234375
18.010032653808594
11.841197967529297
8.983871459960938
4.290966987609863
44.79558563232422
21.491392135620117
10.011406898498535
19.61540412902832
7.381535530090332
8.226216316223145
18.584606170654297
29.82658576965332
7.462292194366455
18.65962791442871
5.08132791519165
19.316020965576172
13.462801933288574
11.004855155944824
21.282489776611328
3.555145502090454
17.914777755737305
17.614992141723633
20.212909698486328
12.306343078613281
14.531757354736328
19.220544815063477
19.749799728393555
9.305761337280273
8.192719459533691
25.889385223388672
37.07851791381836
22.260845184326172
6.6733245849609375
15.242680549621582
10.989142417907715
19.383792877197266
21.60809326171875
10.983219146728516
9.24490737915039
20.06011962890625
13.292169570922852
20.317951202392578
13.22899341583252
30.621795654296875
49.906158447265625
21.975183486938477
40.763648986816406
11.145345687866211
25.208721160888672
55.341773986816406
37.847904205322266
55.22479248046875
27.8990421295166
4.6368632316589355
32.70112991333008
28.9991397857666
38.94334411621094
19.346721649169922
5.544240474700928
12.270833969116211
37.02716064453125
4.658561706542969
9.815677642822266
19.249116897583008
17.751890182495117
10.812849998474121
11.353466033935547
2.9770214557647705
10.302704811096191
35.99322509765625
22.081096649169922
16.159198760986328
5.229988098144531
18.344131469726562
23.696943283081055
12.3179349899292
16.05170249938965
14.178549766540527
51.0901985168457
82.44010925292969
68.93717956542969
91.71322631835938
55.810184478759766
21.587120056152344
10.67489242553711
17.562637329101562
31.675813674926758
49.4520149230957
32.634521484375
32.85552978515625
30.04421615600586
28.858919143676758
42.3444709777832
56.76924514770508
39.43628692626953
15.057090759277344
5.927037239074707
13.713950157165527
15.718130111694336
5.553455352783203
16.610111236572266
20.666717529296875
20.695138931274414
6.012903213500977
6.3320159912109375
8.168438911437988
9.68409252166748
5.192312717437744
3.6572425365448
25.544933319091797
2.7037389278411865
16.803709030151367
17.136554718017578
7.377434730529785
22.000085830688477
36.938926696777344
3.5836808681488037
15.339027404785156
20.696426391601562
5.467144012451172
6.753360748291016
8.082880973815918
22.26498794555664
21.714622497558594
18.248271942138672
18.625398635864258
37.66140365600586
40.800025939941406
20.8961181640625
39.0298957824707
26.56614112854004
23.653432846069336
25.966951370239258
12.483552932739258
8.304932594299316
8.953560829162598
8.972134590148926
43.54903030395508
31.981544494628906
30.425193786621094
7.730138301849365
7.836137771606445
12.002762794494629
3.8012773990631104
28.980661392211914
29.772216796875
16.593238830566406
10.207324028015137
6.777043342590332
16.89017677307129
26.092973709106445
7.846609115600586
11.622836112976074
4.372044086456299
10.35654354095459
5.007910251617432
15.92033863067627
2.3480167388916016
11.958166122436523
7.903872013092041
3.0875375270843506
9.713495254516602
1.6217236518859863
31.13231086730957
14.922707557678223
4.816867351531982
14.080452919006348
17.44232177734375
5.581573963165283
7.975001335144043
23.453983306884766
22.080732345581055
18.85173797607422
5.2085700035095215
7.252678394317627
23.612083435058594
13.489775657653809
3.5654897689819336
2.4331133365631104
10.789345741271973
20.58209800720215
29.655487060546875
17.27410888671875
6.096643447875977
39.47063446044922
38.433441162109375
56.93012619018555
41.724342346191406
40.111419677734375
16.4421443939209
25.106294631958008
30.298355102539062
21.055255889892578
36.446250915527344
24.028823852539062
3.0153748989105225
24.066879272460938
30.42740249633789
14.077503204345703
19.507709503173828
4.94482946395874
4.026569366455078
8.171699523925781
14.284709930419922
19.269792556762695
10.018532752990723
10.480611801147461
7.3394083976745605
7.4835076332092285
4.606503009796143
16.253686904907227
12.533984184265137
8.446561813354492
20.404312133789062
6.942241191864014
3.1853909492492676
27.800140380859375
2.615330457687378
4.598898887634277
14.157252311706543
5.565857410430908
4.861222267150879
5.728370189666748
14.163273811340332
32.445518493652344
26.967782974243164
5.493878364562988
7.095333576202393
6.185322284698486
12.986747741699219
27.166244506835938
13.50168514251709
6.34244441986084
7.494827747344971
26.172800064086914
28.030624389648438
27.282276153564453
18.1447696685791
6.764460563659668
21.001413345336914
4.958596706390381
17.409364700317383
8.394121170043945
8.059643745422363
8.568846702575684
5.637321949005127
6.608268737792969
6.333555698394775
16.584810256958008
3.3325235843658447
17.84904670715332
9.000455856323242
8.39206314086914
11.920265197753906
11.33752155303955
8.72052001953125
13.574689865112305
22.709253311157227
5.768816947937012
18.29711151123047
17.503419876098633
20.470821380615234
9.166377067565918
15.559274673461914
13.419795036315918
18.858200073242188
6.637558937072754
6.338602066040039
4.116171360015869
4.100154399871826
12.582265853881836
14.635772705078125
6.435054302215576
3.5362799167633057
36.074851989746094
30.79938316345215
12.621718406677246
8.765353202819824
16.130525588989258
12.924785614013672
38.84597396850586
41.81421661376953
37.3658332824707
50.98621368408203
6.804139137268066
31.197467803955078
15.412928581237793
5.876769542694092
15.779426574707031
14.670248031616211
3.3845067024230957
6.046528339385986
7.025617599487305
8.525328636169434
2.2131826877593994
3.815643310546875
12.493852615356445
2.602111577987671
4.156944274902344
13.14604663848877
19.06817054748535
10.152961730957031
6.4791340827941895
3.135403633117676
9.860530853271484
5.059764385223389
15.341931343078613
12.185868263244629
16.301715850830078
4.9405741691589355
22.790512084960938
1.7206894159317017
10.097001075744629
6.8017354011535645
6.687329292297363
8.56580924987793
22.37245750427246
17.248207092285156
20.713659286499023
10.74942684173584
5.501075744628906
26.920495986938477
7.846452236175537
15.013082504272461
10.774141311645508
3.5258381366729736
4.254990577697754
16.587158203125
18.542400360107422
2.9396512508392334
12.985459327697754
2.4697558879852295
2.320352554321289
21.992128372192383
6.043209075927734
10.744367599487305
8.872254371643066
5.796657085418701
6.393828868865967
3.8292346000671387
3.103668212890625
28.63646697998047
4.778623580932617
1.5778563022613525
10.130205154418945
19.79180145263672
3.7762091159820557
18.28262710571289
16.415212631225586
20.18983268737793
8.31484603881836
17.8781681060791
5.3280930519104
6.560029029846191
21.335865020751953
5.434340000152588
6.619951248168945
4.694554805755615
2.0757195949554443
10.651443481445312
12.121705055236816
5.317550182342529
3.938039541244507
3.523560047149658
11.866774559020996
29.95033073425293
16.40983772277832
4.7574639320373535
7.278936386108398
11.3768310546875
17.85735511779785
13.968255996704102
11.496623039245605
5.6745924949646
14.420281410217285
15.66946029663086
34.91901779174805
32.072418212890625
14.545509338378906
10.61503791809082
4.025427341461182
8.693072319030762
13.295358657836914
12.766582489013672
19.05571937561035
19.306095123291016
1.6263360977172852
11.057695388793945
23.30985450744629
20.7028751373291
17.681819915771484
15.357196807861328
8.319462776184082
14.434781074523926
6.976452827453613
7.756696701049805
18.555023193359375
19.296661376953125
7.5482988357543945
5.0039167404174805
26.60027503967285
33.0251350402832
55.75324249267578
26.77184295654297
13.535270690917969
22.826766967773438
2.3750839233398438
5.662395000457764
9.111466407775879
28.680578231811523
28.130990982055664
19.09486198425293
2.780988931655884
15.097175598144531
33.271339416503906
30.034141540527344
7.3690595626831055
17.67669677734375
17.814998626708984
14.545838356018066
10.753899574279785
