7.222456932067871
7.289329528808594
7.369829177856445
7.033627033233643
7.252990245819092
7.0965576171875
7.204431533813477
7.2531232833862305
7.489706516265869
7.238322734832764
7.195392608642578
6.722158432006836
7.243142604827881
7.342735767364502
7.510059356689453
7.470853328704834
7.098858833312988
7.701348781585693
7.485253810882568
7.734702110290527
7.612746715545654
7.326354026794434
8.098198890686035
8.007086753845215
8.319429397583008
8.354976654052734
8.559712409973145
8.764992713928223
8.80705451965332
9.39295482635498
8.965452194213867
8.486922264099121
9.565783500671387
9.592655181884766
9.480993270874023
10.142792701721191
9.693138122558594
10.333152770996094
10.39616584777832
11.15460205078125
12.110867500305176
11.697579383850098
11.232213020324707
11.089473724365234
11.555682182312012
12.541662216186523
12.012521743774414
11.284368515014648
12.889547348022461
12.885028839111328
11.958876609802246
13.639269828796387
14.160567283630371
12.910510063171387
13.649225234985352
14.329774856567383
14.44825553894043
13.669217109680176
16.139495849609375
14.482521057128906
13.329902648925781
14.180150985717773
15.066040992736816
15.837977409362793
15.005349159240723
12.88552188873291
15.74002456665039
14.826099395751953
15.326678276062012
15.0076904296875
16.4439754486084
11.500687599182129
16.032615661621094
15.173372268676758
15.403656005859375
14.53136157989502
17.536367416381836
16.46282386779785
14.240991592407227
15.744257926940918
15.417266845703125
15.121204376220703
15.998428344726562
17.155118942260742
14.741209983825684
16.75208854675293
13.557690620422363
14.834425926208496
13.360541343688965
12.545084953308105
15.143648147583008
13.390861511230469
12.292051315307617
14.742311477661133
15.886942863464355
12.816783905029297
8.746786117553711
10.952749252319336
11.545830726623535
11.379938125610352
10.228745460510254
9.85542106628418
9.525035858154297
9.494630813598633
7.811281681060791
8.60767650604248
9.469910621643066
7.966470718383789
9.253218650817871
8.24204158782959
7.370856285095215
7.300975799560547
7.2642502784729
7.300032138824463
6.860612392425537
8.090327262878418
7.005693435668945
7.102634906768799
6.3646063804626465
7.719579219818115
6.9490275382995605
6.8833909034729
7.1399922370910645
7.257558822631836
6.342294692993164
6.489005088806152
6.969229698181152
6.5337395668029785
5.856726169586182
7.065953254699707
6.309852123260498
5.888199806213379
6.3323493003845215
5.2030487060546875
6.289834976196289
6.781900882720947
6.4268059730529785
6.193931579589844
5.819845676422119
5.465044975280762
5.628300666809082
5.4982709884643555
5.459035873413086
5.65959358215332
5.781142711639404
5.08978796005249
4.750598430633545
4.6337666511535645
4.569764137268066
4.133225917816162
4.524413108825684
4.564512729644775
3.845416784286499
3.5281894207000732
3.392879009246826
3.125608205795288
3.1872830390930176
2.857776641845703
2.601534366607666
2.768524408340454
2.787187099456787
2.8317627906799316
1.956393837928772
4.020698547363281
3.825962781906128
2.442495584487915
1.9046229124069214
2.3436708450317383
1.9581599235534668
3.0911471843719482
3.8578548431396484
2.5392954349517822
1.2556178569793701
2.511110305786133
3.5435705184936523
1.181171178817749
2.3236234188079834
1.5344617366790771
0.9921509623527527
1.5552572011947632
1.1280690431594849
1.414811611175537
1.5007750988006592
1.5513665676116943
2.255192756652832
1.3824350833892822
1.7049791812896729
1.2837274074554443
2.3439526557922363
3.061445474624634
1.5922502279281616
1.4306713342666626
1.5560495853424072
1.5741037130355835
1.4234472513198853
2.3948657512664795
1.6767666339874268
1.5168312788009644
2.1216182708740234
1.5086697340011597
1.547218918800354
2.3790926933288574
1.4949969053268433
1.9008718729019165
1.351271390914917
1.5869451761245728
1.2759594917297363
1.488295078277588
1.3667072057724
1.2106666564941406
1.1809685230255127
1.714623212814331
1.7714500427246094
1.3006179332733154
1.1895619630813599
1.8524025678634644
1.4877537488937378
1.3585997819900513
1.0061944723129272
1.1931840181350708
1.3605167865753174
1.1731936931610107
1.4072476625442505
2.482534170150757
1.374086856842041
1.9719911813735962
2.618910789489746
1.1987704038619995
2.2774577140808105
3.3079750537872314
2.540308713912964
1.1570417881011963
2.8799288272857666
2.250171661376953
1.1509549617767334
2.3166186809539795
2.07841420173645
1.0117560625076294
1.5517525672912598
1.7156602144241333
0.9373611211776733
1.3410836458206177
1.274471640586853
1.036967158317566
1.2472902536392212
0.8091078400611877
2.0879297256469727
1.0841299295425415
0.9674637913703918
1.161117672920227
1.027775764465332
1.6618475914001465
1.3065773248672485
0.8108435869216919
1.2506048679351807
0.8279819488525391
1.1391375064849854
0.9937945604324341
0.9947821497917175
1.1027014255523682
0.8685009479522705
0.6772951483726501
1.314652919769287
1.12269127368927
0.9966899752616882
1.3492900133132935
0.9371923804283142
1.462929368019104
0.8928070664405823
1.9920458793640137
1.6620653867721558
1.805856704711914
0.9670264720916748
0.808096706867218
0.790301501750946
1.046767234802246
0.8771641850471497
1.5803802013397217
1.5300723314285278
1.1847114562988281
1.0623729228973389
2.200186014175415
2.246267557144165
1.5812218189239502
2.2217905521392822
1.5233514308929443
1.1709568500518799
1.9068268537521362
1.353664755821228
1.6108801364898682
1.870985507965088
0.9257081747055054
1.950587511062622
1.6961690187454224
0.9447389841079712
2.578679323196411
1.4881011247634888
1.4848332405090332
1.1810075044631958
0.755840539932251
2.462254524230957
1.138250470161438
1.655294418334961
1.7973401546478271
1.5296413898468018
0.8714948892593384
0.8497141003608704
0.779424786567688
0.9148142337799072
1.0251213312149048
0.7973964214324951
0.855362057685852
0.9220210909843445
1.1915864944458008
0.8200803995132446
0.9578310251235962
0.7859867215156555
1.3945409059524536
0.8617731332778931
1.3707207441329956
1.41403067111969
0.9342677593231201
0.9660513997077942
0.8948026299476624
0.9835653305053711
2.1418538093566895
1.5431362390518188
0.8184276819229126
1.304457187652588
1.3986825942993164
0.9092530012130737
1.7466377019882202
1.0493171215057373
1.4088757038116455
1.1605995893478394
1.1520620584487915
1.0289387702941895
1.2601991891860962
1.7560052871704102
1.7198344469070435
0.7813437581062317
0.9996998310089111
1.1984481811523438
1.1714553833007812
0.9288249611854553
1.8069257736206055
1.4694788455963135
1.0050501823425293
2.0207695960998535
1.2405370473861694
1.7674411535263062
1.276902198791504
1.6243903636932373
2.2684597969055176
0.7631134986877441
2.935093879699707
2.847099781036377
1.7911490201950073
1.8841912746429443
2.5790858268737793
1.571376085281372
1.6647565364837646
2.1170475482940674
1.6006959676742554
1.3008347749710083
2.3389523029327393
1.0099693536758423
1.960017204284668
2.5566444396972656
1.716973900794983
1.714762568473816
1.796196699142456
1.4046863317489624
1.4272713661193848
2.7078964710235596
1.8232338428497314
1.1300069093704224
2.0389182567596436
1.1150771379470825
1.1477712392807007
2.1695992946624756
1.6259582042694092
1.4950743913650513
2.82580828666687
1.552656888961792
1.2831782102584839
2.094977617263794
1.815783143043518
1.145006537437439
1.3062469959259033
0.965182363986969
1.070241093635559
0.9362046122550964
0.9252154231071472
1.3379955291748047
0.6687731146812439
1.006687879562378
1.728935956954956
1.1545835733413696
1.2289202213287354
1.3376065492630005
1.007752776145935
1.000636339187622
1.04844069480896
1.0136075019836426
0.6345610022544861
1.0434794425964355
1.4810303449630737
1.4065732955932617
1.1670811176300049
1.346576452255249
1.0150221586227417
0.9787169098854065
0.9868056774139404
0.879108726978302
0.739762544631958
1.3612440824508667
0.701064944267273
0.6314387321472168
1.0023444890975952
0.8933011293411255
1.3389031887054443
1.1271517276763916
0.7927152514457703
1.2693842649459839
0.9261643290519714
1.8177250623703003
1.3958377838134766
1.0674076080322266
0.9058817625045776
0.6076876521110535
1.19428288936615
0.6814282536506653
1.2308323383331299
1.3179566860198975
1.4330500364303589
0.8989530801773071
0.9260332584381104
0.8966546058654785
0.6301366686820984
0.8496625423431396
0.898561954498291
1.1013160943984985
0.9173470139503479
1.1523630619049072
1.650717854499817
0.9457201361656189
1.5448439121246338
1.0713270902633667
1.1836354732513428
0.8766499161720276
0.9032536149024963
0.6106624007225037
1.253351092338562
0.8620712757110596
0.7707566022872925
0.5982240438461304
1.6100988388061523
0.6078193187713623
1.0619292259216309
1.0263394117355347
0.9604926705360413
0.6255336999893188
0.8551569581031799
1.3896827697753906
0.8431400060653687
0.6859918236732483
0.754044771194458
1.0064419507980347
1.3010125160217285
1.2703089714050293
1.5921318531036377
0.9690955877304077
0.8649414777755737
0.6172322630882263
1.0845781564712524
1.3252508640289307
1.0597745180130005
1.7037163972854614
1.6164356470108032
1.1336795091629028
1.7523764371871948
2.03391695022583
1.3909398317337036
1.6178423166275024
1.0239661931991577
1.1164981126785278
1.4124902486801147
0.8320767879486084
0.8535854816436768
0.8200060129165649
1.250009536743164
0.9662701487541199
1.1343631744384766
0.827144205570221
1.1611632108688354
0.7400216460227966
0.6203181147575378
0.8441301584243774
1.1947016716003418
1.3606574535369873
0.9659842848777771
1.16387939453125
1.4232439994812012
1.8739365339279175
1.3232460021972656
0.9336034059524536
1.34708571434021
1.0738524198532104
1.9987093210220337
1.5925201177597046
1.3224470615386963
1.4263004064559937
1.2705390453338623
1.6308326721191406
2.3943541049957275
1.5175361633300781
1.3653109073638916
1.6732450723648071
1.2916407585144043
1.238437533378601
1.5342916250228882
0.9564722776412964
1.216039776802063
1.1006827354431152
0.9135408997535706
1.7343363761901855
1.0596312284469604
1.3299956321716309
0.8839239478111267
0.9273905754089355
1.054395318031311
0.6471278071403503
0.5901979207992554
0.8527141213417053
0.7121794819831848
0.9812824130058289
1.076693058013916
1.0242241621017456
0.8567714095115662
1.052891492843628
0.7291348576545715
0.635803759098053
0.6245585083961487
0.7131859064102173
0.8777521848678589
0.6871781945228577
1.1880667209625244
0.6577239036560059
0.7508097290992737
0.6043193340301514
0.7627556324005127
0.9608541131019592
0.7506842017173767
1.6261457204818726
0.617864727973938
1.6264764070510864
1.5519680976867676
1.0524406433105469
0.7489270567893982
0.6020876169204712
1.3203837871551514
0.7906873822212219
0.680672824382782
0.6730107069015503
0.578701376914978
0.6397199630737305
0.9235678315162659
0.947387158870697
0.8014897108078003
0.8069896101951599
0.8713759183883667
0.8635669946670532
0.9151932597160339
1.4343425035476685
1.5716863870620728
1.5535441637039185
0.9909833669662476
0.7049760222434998
1.2016069889068604
0.6624513268470764
0.8859975934028625
0.9373021125793457
0.6393461227416992
1.4155347347259521
1.4140079021453857
1.6514630317687988
1.226554036140442
1.014111876487732
1.6357492208480835
1.0997247695922852
0.6520392298698425
1.664628505706787
1.3164485692977905
1.3635841608047485
0.9264658689498901
0.8708174228668213
1.4909629821777344
1.4634839296340942
1.0253403186798096
0.7627021670341492
0.8612510561943054
0.8750928044319153
1.3083523511886597
0.8735772967338562
1.305831789970398
1.5194315910339355
0.7052552103996277
0.9972553849220276
0.8240836262702942
0.5726292133331299
0.6140028238296509
0.8978271484375
0.5202805995941162
0.8137336373329163
0.9109928011894226
0.9036758542060852
1.2003650665283203
1.1734004020690918
1.3603225946426392
0.9721662402153015
1.827697992324829
0.810841977596283
0.9361883401870728
1.000844955444336
0.6469327211380005
0.6939428448677063
1.4168610572814941
0.7568066120147705
1.1895309686660767
1.0161960124969482
1.0963563919067383
1.4551340341567993
0.7939079403877258
1.0909361839294434
0.6641501188278198
1.5163198709487915
0.9827136397361755
0.6897567510604858
0.7270138263702393
1.3711588382720947
0.8776906132698059
1.2942405939102173
0.9467291831970215
0.9783539772033691
0.998241662979126
0.8303351402282715
0.7884675860404968
0.9683602452278137
0.7108156085014343
0.8783797025680542
0.7469205260276794
0.7277040481567383
1.0071616172790527
1.166593074798584
1.3346073627471924
1.0870780944824219
1.1587040424346924
0.9852923154830933
0.5051140785217285
1.2309869527816772
1.3459932804107666
1.2160773277282715
1.4692379236221313
0.7861631512641907
1.634247899055481
1.1505815982818604
0.8261207342147827
2.1989898681640625
1.6487104892730713
1.055044412612915
0.9927382469177246
0.865582287311554
1.0641590356826782
0.80536288022995
0.7319173812866211
1.0786947011947632
0.7295528054237366
1.0735126733779907
0.8409595489501953
1.132272720336914
0.8649011254310608
0.8022101521492004
0.823138415813446
0.7929285168647766
0.7885382175445557
0.5619416236877441
1.0012375116348267
0.7805606722831726
0.6517052054405212
0.5822541117668152
1.103164553642273
1.0565321445465088
0.8107064962387085
0.7204477190971375
1.0121208429336548
0.5728381872177124
0.7120869159698486
0.7779731154441833
0.6326104998588562
0.9086686968803406
0.5696465969085693
0.5950675010681152
0.6249918341636658
0.8346229791641235
0.9309818148612976
0.8150339722633362
0.8503299951553345
0.6754090189933777
1.1405181884765625
0.9153858423233032
0.9741237163543701
0.8637924194335938
0.9381961226463318
0.6745595932006836
0.9153113961219788
0.8524280190467834
0.7791324257850647
0.765205979347229
0.8900163173675537
0.966177761554718
1.1259056329727173
0.7796472311019897
0.7050397992134094
1.099973201751709
0.7698870897293091
0.6833611726760864
1.06900954246521
0.5855356454849243
0.6949479579925537
0.6374779939651489
0.6920095086097717
0.8658686876296997
0.9423115849494934
0.8171449303627014
1.6092089414596558
0.9206247329711914
1.0925073623657227
0.7767935991287231
0.7821177244186401
0.8097697496414185
1.397788166999817
0.8976517915725708
0.8297461271286011
1.2833362817764282
0.7418549656867981
1.0852625370025635
0.9886701107025146
0.6520987749099731
1.5302737951278687
1.6862812042236328
0.9464985728263855
1.2790063619613647
1.7802391052246094
1.9544306993484497
0.8119534254074097
1.3429603576660156
2.227473497390747
1.3634518384933472
0.6288442015647888
1.0346550941467285
1.452319622039795
0.8321753144264221
0.6596073508262634
1.2745071649551392
1.4690814018249512
0.7481219172477722
1.2060521841049194
1.3312468528747559
1.0024334192276
0.8133670091629028
1.121978998184204
0.7535332441329956
0.7999312281608582
0.6196790933609009
0.7602596282958984
0.7427200078964233
1.1525639295578003
0.6797942519187927
0.8928844332695007
0.6732320785522461
0.7431232333183289
0.6682179570198059
1.0574631690979004
0.6046268343925476
0.5734197497367859
0.863481879234314
0.5440854430198669
0.4416111409664154
0.8693527579307556
0.6780366897583008
0.5593421459197998
0.5859978199005127
0.8126105070114136
0.7311362624168396
0.9519672989845276
0.7199304699897766
0.6231895685195923
0.7943649888038635
0.5873526930809021
0.7695544362068176
1.2221145629882812
1.2204923629760742
0.7518284320831299
1.195074439048767
0.826619029045105
0.7859385013580322
0.9125036597251892
1.2490681409835815
0.8323124647140503
0.6451087594032288
0.5950969457626343
1.1269644498825073
0.6775803565979004
0.6920577883720398
0.8287854790687561
0.7021288871765137
0.65887451171875
0.9522964954376221
0.7188339829444885
0.6617298722267151
0.7564312815666199
1.0762513875961304
0.8217766284942627
0.8994274735450745
1.1166143417358398
0.8235220909118652
1.1278762817382812
0.6710224747657776
0.5711371302604675
0.5677276253700256
0.7262317538261414
1.3803119659423828
1.0511000156402588
0.6091086268424988
0.8164832592010498
0.8396905660629272
0.5951172709465027
1.0593321323394775
0.6109440326690674
0.6371744275093079
0.7477031350135803
1.129071593284607
0.6304237842559814
0.7665744423866272
0.8945102691650391
0.8698620200157166
0.6505554914474487
0.7174079418182373
0.9742807745933533
0.8887430429458618
0.8196520209312439
0.8324029445648193
0.5744142532348633
1.0182536840438843
0.8594034314155579
0.556485652923584
0.730222761631012
0.7691690325737
0.4923466444015503
0.5323019623756409
0.5725857615470886
0.5771917700767517
0.5898696184158325
0.861193060874939
0.664930522441864
0.5211334228515625
1.0616365671157837
0.7319903373718262
0.5345460176467896
0.5719480514526367
0.8565198183059692
1.3271986246109009
0.7414031028747559
1.2745281457901
1.2777341604232788
0.8667053580284119
0.9840898513793945
0.8429720997810364
1.0641603469848633
0.6222188472747803
0.8990487456321716
1.1161751747131348
0.8669417500495911
1.1966779232025146
0.7418399453163147
1.1994338035583496
0.7241784930229187
0.9381090998649597
0.5895786881446838
0.5845789313316345
0.7270877361297607
0.6470884680747986
0.7502380013465881
0.5910252332687378
0.601270318031311
0.6621864438056946
0.7582007050514221
0.8782025575637817
0.6580125093460083
0.7413537502288818
0.5575319528579712
0.7244921326637268
0.7200367450714111
0.8878321647644043
0.7102068662643433
0.798907458782196
0.5540200471878052
0.3952309191226959
1.0169882774353027
0.6428436636924744
0.7204187512397766
0.5814171433448792
0.7203784584999084
0.49209508299827576
0.9843423962593079
0.708116888999939
0.8692662715911865
0.580457866191864
0.7094025611877441
0.7906246185302734
0.6091971397399902
0.728519856929779
1.1245471239089966
0.8751145005226135
0.7228632569313049
0.7898210883140564
0.9167833924293518
0.7184591889381409
0.8402801156044006
0.8371870517730713
0.8577006459236145
0.6132352352142334
0.9463880658149719
0.7692832946777344
0.6920929551124573
0.7339900732040405
0.6029940843582153
0.5547037720680237
0.7730110883712769
0.5875825881958008
0.8019521832466125
0.7984979748725891
0.920120358467102
0.8519688844680786
0.7520122528076172
0.6573242545127869
0.8411532640457153
0.5007175207138062
0.6916965842247009
0.7955158948898315
0.6765114665031433
0.7348347306251526
0.553957462310791
0.603428304195404
0.6274928450584412
0.6725026965141296
0.7170336246490479
1.3493411540985107
0.7312403917312622
1.3041006326675415
1.4365121126174927
1.367127776145935
0.6421942114830017
0.6476503014564514
0.4739939272403717
1.6520713567733765
1.0235201120376587
0.6857709884643555
0.6713368892669678
1.2013120651245117
0.8409498333930969
0.6678190231323242
0.5257319211959839
0.7629328966140747
0.853364109992981
0.5193714499473572
0.77717524766922
0.657200813293457
0.5871176719665527
0.4856618642807007
0.7376675009727478
0.4481167197227478
0.5560703277587891
0.8217940926551819
0.6521412134170532
0.7169591784477234
0.579457700252533
0.8455132246017456
0.638078510761261
0.7035498023033142
0.7422254681587219
0.9590906500816345
0.6024044156074524
0.5378210544586182
0.7149034738540649
1.0953857898712158
0.9865304827690125
0.6592068672180176
0.6210456490516663
0.7033163905143738
1.2409623861312866
1.1561142206192017
0.655087411403656
0.7583374977111816
0.9588549733161926
0.9591768383979797
0.6674140095710754
0.7339084148406982
0.6961290836334229
0.6942263245582581
0.9157942533493042
0.6104292869567871
0.6352155208587646
0.6017710566520691
0.7395457625389099
0.542040228843689
0.6191064715385437
0.7820928692817688
0.6522543430328369
0.6308494806289673
0.6562838554382324
0.48356878757476807
0.5734032392501831
0.8204885125160217
0.7451333403587341
0.7856993079185486
1.0949897766113281
1.0590651035308838
0.7003703117370605
0.6038702130317688
1.5873644351959229
1.0136475563049316
0.9081162214279175
0.8612925410270691
0.9289125204086304
0.9949808120727539
0.5863858461380005
0.5094005465507507
0.5394036173820496
0.8736333847045898
0.6361895799636841
0.6336572766304016
0.8384008407592773
0.494570255279541
0.5536642074584961
0.5691588521003723
1.0037791728973389
1.1865404844284058
0.5927641987800598
0.6974179744720459
1.0902549028396606
0.8696722388267517
0.6597029566764832
0.6741299033164978
0.8838789463043213
