38.32353210449219
36.987361907958984
37.382774353027344
37.95561599731445
39.5250244140625
36.49803924560547
40.88623809814453
40.775821685791016
42.10810470581055
41.00142288208008
36.62592315673828
37.153358459472656
37.05658721923828
41.29560089111328
39.86839294433594
44.104488372802734
43.134212493896484
43.86571502685547
44.39473342895508
42.56330108642578
45.14338302612305
40.196475982666016
45.96586227416992
45.84402847290039
45.616355895996094
44.15874481201172
52.83536911010742
50.9938850402832
50.30644989013672
47.4167366027832
57.578643798828125
52.30049514770508
52.05400848388672
55.46088790893555
64.64861297607422
65.21052551269531
61.28060531616211
69.22996520996094
73.21990203857422
64.40398406982422
73.2121810913086
77.4937973022461
78.83264923095703
79.19136047363281
84.32913970947266
75.6527099609375
85.96015930175781
91.886474609375
85.39643859863281
83.70931243896484
93.62396240234375
96.03101348876953
100.13523864746094
103.77384185791016
108.89371490478516
99.93987274169922
110.643310546875
118.49723815917969
120.32447814941406
123.68978118896484
114.32890319824219
133.57907104492188
133.51596069335938
134.2174835205078
137.06065368652344
145.7712860107422
152.4637908935547
146.15992736816406
124.2916488647461
134.2408905029297
146.64231872558594
154.02137756347656
161.743896484375
160.23110961914062
149.20053100585938
176.72500610351562
164.37222290039062
175.7473602294922
174.28005981445312
183.6072998046875
159.61363220214844
186.0917205810547
185.59056091308594
196.78146362304688
165.05609130859375
171.53497314453125
150.7942657470703
176.85037231445312
167.2570343017578
199.36270141601562
192.68902587890625
197.9240264892578
177.4014434814453
192.59768676757812
185.2611083984375
208.85528564453125
152.50338745117188
178.1733856201172
205.24343872070312
164.22369384765625
204.37594604492188
202.4869842529297
213.9158172607422
172.40615844726562
201.21536254882812
185.89376831054688
202.9420928955078
183.06478881835938
148.85496520996094
121.56205749511719
178.58639526367188
182.68817138671875
143.1153564453125
155.24984741210938
138.57699584960938
128.04287719726562
102.7996597290039
92.48475646972656
56.09487533569336
112.87873840332031
122.71833801269531
87.35147094726562
100.07537841796875
63.060176849365234
58.9089241027832
98.4110107421875
66.197021484375
81.36402130126953
94.0973129272461
69.12291717529297
82.1650619506836
63.73711013793945
47.244510650634766
43.07258605957031
39.51235580444336
10.606618881225586
38.0760383605957
16.322547912597656
30.369518280029297
70.77249908447266
16.48891830444336
45.42213439941406
72.25765991210938
45.10307693481445
31.363557815551758
24.3983211517334
92.4085922241211
12.077903747558594
103.28712463378906
103.98126983642578
34.207706451416016
66.14449310302734
72.71294403076172
90.20861053466797
18.23250961303711
22.029220581054688
14.94393539428711
13.128747940063477
20.394662857055664
92.5166244506836
236.58079528808594
54.674591064453125
56.28123474121094
82.38985443115234
99.97714233398438
117.62574005126953
111.10297393798828
13.224419593811035
87.52728271484375
147.47647094726562
113.02122497558594
60.52907180786133
76.9628677368164
102.73410034179688
59.91516876220703
24.029081344604492
60.54035949707031
124.67992401123047
135.1280975341797
145.50384521484375
71.74371337890625
20.474565505981445
28.808290481567383
44.13665771484375
114.60797882080078
38.675453186035156
88.27619171142578
176.9471435546875
166.62351989746094
40.78498840332031
34.844688415527344
125.614501953125
68.8703842163086
14.801097869873047
63.96193313598633
132.97314453125
61.30397415161133
28.514389038085938
46.40153121948242
60.662879943847656
75.58615112304688
49.7548713684082
70.66824340820312
17.85203742980957
70.16275787353516
48.16023635864258
22.571786880493164
77.50189208984375
48.47401428222656
49.04663848876953
41.62472915649414
43.2318000793457
45.599761962890625
57.40866470336914
21.301605224609375
148.4403533935547
191.8942108154297
112.5992202758789
23.258724212646484
57.73934555053711
62.210289001464844
58.227821350097656
44.781551361083984
30.445911407470703
80.1480712890625
41.62077713012695
17.908384323120117
40.157447814941406
37.34255599975586
20.212583541870117
120.38312530517578
198.72406005859375
179.02037048339844
19.99468994140625
65.3650894165039
66.54126739501953
71.66262817382812
16.817134857177734
65.51825714111328
166.5206298828125
107.97196197509766
35.5720329284668
15.511595726013184
25.879093170166016
43.83076477050781
25.347122192382812
103.88744354248047
158.6757354736328
114.95748901367188
11.448490142822266
68.83403015136719
30.185302734375
25.11436653137207
29.12448501586914
177.6085968017578
203.7580108642578
219.94166564941406
180.55279541015625
67.71222686767578
26.524940490722656
39.639915466308594
29.249418258666992
30.26662254333496
61.87200164794922
56.72861099243164
63.63782501220703
35.114044189453125
9.884313583374023
47.463829040527344
45.29780578613281
33.8715934753418
123.35855102539062
202.28219604492188
168.14088439941406
89.93412780761719
67.07610321044922
94.693115234375
103.27970886230469
21.64374351501465
121.14411163330078
176.35325622558594
144.0950469970703
62.44405746459961
15.287256240844727
85.39646911621094
52.77479553222656
41.05619812011719
19.585142135620117
40.704673767089844
16.125202178955078
13.94660472869873
14.848642349243164
9.50545597076416
26.73265266418457
21.356800079345703
7.9938273429870605
14.168977737426758
40.45271682739258
49.65993881225586
22.073686599731445
19.184797286987305
30.30028533935547
14.425223350524902
43.55472183227539
42.7096061706543
71.25648498535156
25.758865356445312
14.407875061035156
13.530806541442871
14.713459014892578
30.067148208618164
42.68191909790039
18.516212463378906
35.51729202270508
19.087697982788086
48.49216842651367
16.689311981201172
7.545844078063965
38.400901794433594
46.32422637939453
42.03860092163086
11.400895118713379
20.451032638549805
46.36542892456055
31.97439956665039
19.822032928466797
26.75217628479004
31.155153274536133
29.731569290161133
37.4605827331543
17.50803565979004
39.8642578125
46.28213119506836
35.297752380371094
71.50025939941406
29.83437156677246
39.37284851074219
48.48593521118164
90.48147583007812
132.75856018066406
113.84934997558594
41.50666809082031
24.211393356323242
30.453140258789062
46.493682861328125
65.33731079101562
8.621241569519043
74.91581726074219
93.09795379638672
72.86945343017578
19.62498664855957
27.866355895996094
33.730289459228516
37.246070861816406
22.282325744628906
11.51510238647461
32.827537536621094
18.891864776611328
15.639009475708008
22.44688606262207
19.263259887695312
31.978120803833008
61.263206481933594
52.91984558105469
17.00059700012207
120.0243911743164
127.20860290527344
130.9664764404297
20.526872634887695
77.31510162353516
96.22371673583984
59.1601676940918
31.56144905090332
10.82675552368164
140.07122802734375
196.2910614013672
227.77862548828125
137.64791870117188
50.16011047363281
19.21846580505371
49.820343017578125
21.803739547729492
18.94961929321289
11.191605567932129
11.32559871673584
56.7940559387207
44.91398239135742
47.211669921875
14.015214920043945
41.70144271850586
48.678306579589844
62.22220230102539
14.017945289611816
66.15702056884766
86.71791076660156
28.767480850219727
13.11661434173584
20.6783390045166
20.594905853271484
10.221500396728516
47.06942367553711
37.1011962890625
18.029226303100586
28.965618133544922
8.528645515441895
8.224681854248047
16.190771102905273
45.80571365356445
51.641448974609375
13.851953506469727
13.370380401611328
11.875694274902344
41.71059799194336
61.0995979309082
23.02899932861328
49.58087921142578
25.30165672302246
19.988204956054688
14.850982666015625
37.14696502685547
7.442013263702393
41.65071487426758
21.90900230407715
8.827338218688965
10.347445487976074
49.63853073120117
14.78110122680664
11.999518394470215
34.57743835449219
10.366064071655273
4.598595142364502
30.750831604003906
10.180255889892578
56.98969650268555
51.885623931884766
9.339255332946777
9.967087745666504
43.002525329589844
11.020974159240723
29.565074920654297
17.5379581451416
18.59075355529785
53.61814498901367
55.5982780456543
29.409765243530273
40.78315734863281
28.69940757751465
21.02327537536621
28.312782287597656
25.379880905151367
44.90529251098633
69.75611114501953
33.41084671020508
10.452459335327148
44.623897552490234
10.465296745300293
64.05892181396484
43.848079681396484
25.07356834411621
14.50241470336914
22.97150993347168
20.617883682250977
13.74128246307373
18.423660278320312
32.45595169067383
66.07402801513672
31.614782333374023
31.00969696044922
39.62156295776367
28.23638343811035
35.66320037841797
40.151771545410156
42.55168151855469
30.7457275390625
23.483863830566406
72.16480255126953
43.06852722167969
16.485563278198242
29.822280883789062
26.44715690612793
31.881025314331055
13.317719459533691
21.61882972717285
5.020520210266113
11.181253433227539
35.323158264160156
25.495281219482422
16.22557258605957
9.552018165588379
20.040803909301758
17.258262634277344
11.981866836547852
32.07247543334961
53.5835075378418
48.94641876220703
10.487627029418945
4.969899654388428
34.0158805847168
28.879695892333984
37.41168975830078
15.34000301361084
36.22480392456055
69.81864166259766
76.72303009033203
38.38285446166992
13.819171905517578
28.6361083984375
13.86690902709961
6.2768659591674805
35.08015823364258
58.7292594909668
58.42380905151367
26.910669326782227
13.835314750671387
8.57300853729248
17.916311264038086
13.457992553710938
6.600489139556885
6.274433612823486
22.752025604248047
36.034488677978516
32.427181243896484
23.09389305114746
18.89214324951172
32.5848274230957
17.261775970458984
29.886089324951172
71.3013916015625
49.47834014892578
10.880127906799316
37.069114685058594
29.671192169189453
14.53990650177002
10.552956581115723
8.331881523132324
12.50508975982666
10.041977882385254
22.528291702270508
10.857151985168457
35.901790618896484
35.45433807373047
25.45005989074707
39.067848205566406
72.98280334472656
58.052032470703125
29.283039093017578
36.24945831298828
13.788970947265625
22.300033569335938
31.898609161376953
7.92606782913208
7.3279008865356445
46.85040283203125
7.5343427658081055
75.57275390625
107.58171081542969
53.595123291015625
29.33186149597168
52.001888275146484
25.432619094848633
12.640630722045898
24.229808807373047
4.240893840789795
6.856046199798584
16.157655715942383
11.18799114227295
19.744279861450195
25.61554527282715
14.437614440917969
16.779212951660156
8.356451988220215
11.428895950317383
47.58314895629883
5.024816036224365
12.642743110656738
14.435235977172852
9.125932693481445
5.972931385040283
10.092666625976562
14.019676208496094
17.565996170043945
14.899205207824707
23.899215698242188
19.70381736755371
17.134300231933594
9.204524040222168
43.510337829589844
12.50447940826416
41.49034118652344
80.33103942871094
56.57454299926758
8.116522789001465
27.610136032104492
27.997861862182617
3.8509840965270996
15.770879745483398
7.679261684417725
13.8024320602417
47.78803634643555
25.24556541442871
19.906837463378906
14.616033554077148
19.649627685546875
54.62724685668945
29.806276321411133
8.491124153137207
60.273799896240234
69.86577606201172
52.69786071777344
25.003416061401367
23.131772994995117
53.96009063720703
66.4163589477539
13.155538558959961
25.83719253540039
52.68370819091797
27.317480087280273
6.3489155769348145
10.42789363861084
6.029127597808838
15.730008125305176
18.47954559326172
9.981867790222168
32.29708480834961
9.432588577270508
28.447694778442383
21.13182258605957
11.342659950256348
64.95046997070312
78.62708282470703
62.3911247253418
13.065935134887695
53.299468994140625
47.55537796020508
10.39065170288086
6.489587783813477
27.419185638427734
25.818729400634766
32.644989013671875
6.986295223236084
19.294153213500977
32.310482025146484
16.19618034362793
7.1325178146362305
42.869972229003906
61.297664642333984
45.94757080078125
21.304744720458984
30.52372932434082
66.71144104003906
49.92837142944336
27.479543685913086
11.639771461486816
21.998517990112305
32.253875732421875
7.366779327392578
21.093822479248047
60.420318603515625
31.428226470947266
12.266321182250977
27.167709350585938
30.61065673828125
64.23466491699219
36.12796401977539
30.788217544555664
90.23464965820312
62.00990295410156
12.691351890563965
5.079606056213379
47.38841247558594
51.557952880859375
36.1280403137207
30.712900161743164
31.48590660095215
36.183677673339844
17.801536560058594
8.799574851989746
38.41972351074219
21.31694984436035
5.151042938232422
2.8906121253967285
66.6296157836914
31.247127532958984
11.886248588562012
33.604637145996094
45.80183792114258
46.48296356201172
6.670498847961426
41.22007369995117
17.304927825927734
4.430413722991943
27.909515380859375
30.664304733276367
10.975689888000488
80.63375091552734
62.99588394165039
61.29759216308594
30.19256019592285
18.051185607910156
26.64983367919922
24.915098190307617
15.968632698059082
9.384785652160645
88.03213500976562
78.16426849365234
92.37554168701172
56.42232894897461
7.5759663581848145
11.929916381835938
37.97780227661133
17.767702102661133
39.83723068237305
50.09956359863281
41.05690383911133
11.059300422668457
14.119989395141602
39.11924743652344
37.46402359008789
21.19984245300293
13.613484382629395
15.818504333496094
32.115440368652344
6.9225969314575195
4.436083793640137
9.987878799438477
22.30758285522461
7.868865489959717
9.110382080078125
35.388336181640625
25.0997314453125
8.664499282836914
7.400106906890869
26.14484214782715
89.89781951904297
44.15386199951172
8.147977828979492
29.156709671020508
77.8776626586914
68.81311798095703
22.796300888061523
14.48657512664795
34.358924865722656
63.887210845947266
53.97728729248047
38.46010971069336
26.086528778076172
11.118491172790527
42.94843292236328
39.72373962402344
28.353694915771484
6.382382869720459
9.908198356628418
35.91442108154297
22.207225799560547
18.71825408935547
33.9385871887207
13.458277702331543
5.583766460418701
5.969189167022705
17.572181701660156
5.4709601402282715
8.85237979888916
26.478029251098633
38.46551513671875
7.806244850158691
34.27073287963867
3.8426833152770996
42.416133880615234
28.39475440979004
9.193303108215332
55.2591667175293
55.791900634765625
35.05500411987305
19.77255630493164
34.49134063720703
76.57662963867188
70.21642303466797
44.44572448730469
5.2478556632995605
52.27631759643555
58.534690856933594
26.72966194152832
29.926795959472656
9.05785846710205
38.2708625793457
60.60495376586914
60.54644012451172
15.222270965576172
8.361863136291504
5.258087635040283
24.443286895751953
35.53765869140625
27.931987762451172
21.560407638549805
33.16598892211914
86.42031860351562
100.30240631103516
56.95260238647461
16.155946731567383
19.931499481201172
39.93439483642578
30.535417556762695
30.646846771240234
7.8471198081970215
51.119468688964844
68.56181335449219
58.0976676940918
49.49345397949219
19.010723114013672
27.972238540649414
31.602190017700195
29.232725143432617
61.502967834472656
14.614479064941406
7.389717102050781
49.26889419555664
50.766578674316406
30.99777603149414
5.1167826652526855
23.761077880859375
26.722625732421875
20.694774627685547
5.087803840637207
19.584701538085938
6.5490193367004395
36.887550354003906
59.1812744140625
58.17290496826172
27.261798858642578
6.470600605010986
23.16672134399414
41.91120910644531
7.802977561950684
17.02924156188965
10.014053344726562
9.47404670715332
27.63691520690918
9.946133613586426
30.80198860168457
28.324954986572266
4.437741756439209
21.07024383544922
35.31637191772461
23.05994415283203
3.616482973098755
18.380762100219727
15.079536437988281
23.48297882080078
8.79513931274414
25.855323791503906
7.0828118324279785
8.832594871520996
20.80660057067871
5.669523239135742
35.330711364746094
26.59674835205078
8.577484130859375
6.789487838745117
10.729302406311035
9.242101669311523
7.867934226989746
15.746803283691406
24.251672744750977
27.963706970214844
30.423574447631836
7.397149085998535
8.089759826660156
32.67842483520508
33.58265686035156
38.39619445800781
8.478554725646973
7.714514255523682
34.64582061767578
60.36186981201172
27.195022583007812
17.45225715637207
27.425119400024414
11.401927947998047
6.865791320800781
7.458001136779785
7.192480564117432
17.525909423828125
5.472815990447998
4.126497745513916
36.726539611816406
58.71245193481445
8.714037895202637
2.294621467590332
20.981613159179688
48.17923355102539
28.118236541748047
26.417661666870117
26.102611541748047
40.76903533935547
70.2330322265625
29.434375762939453
10.003460884094238
22.74674415588379
8.71126651763916
4.221581935882568
18.366533279418945
8.400911331176758
36.555397033691406
5.525539398193359
10.766326904296875
3.5208756923675537
6.100882053375244
32.11854553222656
57.2520751953125
35.935943603515625
21.218305587768555
52.36544418334961
27.35546112060547
53.60411834716797
33.65744400024414
12.944442749023438
17.375518798828125
61.4030647277832
47.69511795043945
10.140263557434082
12.046154022216797
10.392189025878906
13.050472259521484
7.640414714813232
13.632612228393555
50.847862243652344
18.159025192260742
3.5848770141601562
22.91469955444336
26.604951858520508
19.252885818481445
10.164237022399902
7.198308944702148
9.05191421508789
13.741933822631836
6.140993595123291
5.563643455505371
23.9030704498291
6.017362117767334
26.50555419921875
10.51430606842041
27.18558692932129
33.528480529785156
5.397281646728516
31.41634750366211
19.415592193603516
42.90288543701172
16.814014434814453
27.364294052124023
34.71036911010742
52.87889862060547
2.9914796352386475
24.824838638305664
17.042909622192383
12.021132469177246
10.273542404174805
10.989230155944824
5.384347438812256
3.6027698516845703
24.57257652282715
3.1955859661102295
28.37419891357422
5.761164665222168
7.389958381652832
5.451166152954102
25.452190399169922
21.458478927612305
23.09775161743164
38.04737091064453
6.462093353271484
1.8890013694763184
6.6335296630859375
5.065249919891357
41.056495666503906
65.7266616821289
43.526790618896484
38.94984817504883
18.48334312438965
10.121192932128906
23.735422134399414
32.59566879272461
23.955068588256836
5.9021711349487305
12.734801292419434
6.041329860687256
18.537071228027344
7.439211845397949
14.328018188476562
20.167234420776367
13.297518730163574
5.4370574951171875
20.712505340576172
13.27037525177002
5.239280700683594
37.49800109863281
35.458282470703125
32.66170883178711
10.612671852111816
9.083123207092285
13.604631423950195
62.333011627197266
57.39360809326172
33.60000991821289
12.125012397766113
10.734833717346191
3.938405752182007
12.82346248626709
4.420732498168945
8.805837631225586
23.891069412231445
21.692014694213867
9.606160163879395
11.490654945373535
30.96472930908203
5.253941535949707
12.931988716125488
6.760349750518799
4.560079574584961
1.6349788904190063
4.7058424949646
6.455971717834473
12.35433292388916
19.84259796142578
38.124752044677734
20.036863327026367
3.7632458209991455
24.045785903930664
44.674964904785156
49.84852981567383
3.123077392578125
6.652872085571289
19.182558059692383
26.88634490966797
6.196056365966797
20.588762283325195
14.170385360717773
6.494113445281982
5.540465354919434
5.675194263458252
13.362318992614746
3.3593688011169434
3.1320159435272217
23.658987045288086
7.2219624519348145
6.977790832519531
13.00307559967041
7.610676288604736
22.636232376098633
14.829415321350098
5.4942307472229
14.342174530029297
19.413230895996094
22.803863525390625
12.776566505432129
20.68292236328125
38.05167770385742
13.18270206451416
19.29463005065918
9.68459415435791
17.974546432495117
38.6522331237793
45.20716857910156
31.38780403137207
1.9569029808044434
12.061939239501953
16.23681640625
19.613922119140625
15.498921394348145
8.755851745605469
21.042245864868164
40.78173065185547
32.350013732910156
30.38936424255371
32.891868591308594
32.489501953125
6.594143867492676
7.351963520050049
18.14241600036621
13.871676445007324
30.371362686157227
16.332677841186523
33.042137145996094
11.072227478027344
10.66162109375
9.532455444335938
10.066530227661133
20.17351722717285
6.170593738555908
10.114163398742676
4.205296039581299
6.348741054534912
20.816225051879883
9.843502044677734
16.375152587890625
9.20096492767334
4.35408353805542
12.192159652709961
6.85694694519043
2.809297561645508
4.605047225952148
7.845759868621826
11.910974502563477
26.796398162841797
8.392182350158691
3.99741268157959
2.736854076385498
30.353315353393555
29.957345962524414
13.855321884155273
4.324978828430176
10.29626178741455
30.06975746154785
33.34385299682617
8.59411334991455
10.631932258605957
5.577959060668945
15.521476745605469
21.757274627685547
12.01593017578125
11.821264266967773
2.3262720108032227
21.39664649963379
26.60609245300293
10.229212760925293
34.732391357421875
16.78166961669922
10.217951774597168
10.04642391204834
8.940129280090332
9.361810684204102
8.15854263305664
8.074438095092773
3.6773149967193604
1.5091999769210815
24.194881439208984
65.43321990966797
68.8244857788086
8.355634689331055
11.070682525634766
3.992729425430298
5.503309726715088
5.543345928192139
20.423837661743164
5.125598907470703
13.603877067565918
40.05689239501953
9.094412803649902
10.774163246154785
29.06148910522461
50.70307540893555
25.89836883544922
21.815570831298828
26.62763214111328
7.411225318908691
6.430850028991699
6.772775173187256
32.113616943359375
23.9964599609375
5.515030860900879
12.825871467590332
3.4140207767486572
20.426443099975586
24.453033447265625
9.024137496948242
20.512174606323242
19.731279373168945
44.868160247802734
24.676189422607422
16.1381778717041
6.785660743713379
3.92665696144104
12.354537010192871
8.076815605163574
5.599040508270264
14.209758758544922
18.601850509643555
