7.742709159851074
7.926413059234619
7.755461692810059
7.995808124542236
7.757315158843994
7.918124675750732
7.953890800476074
8.141634941101074
7.185156345367432
8.012556076049805
7.616024971008301
7.883214473724365
7.795083045959473
7.757157325744629
8.049185752868652
7.784656047821045
6.935091495513916
7.866320610046387
8.257431030273438
8.055590629577637
7.240962505340576
7.827606201171875
7.763904094696045
8.107583999633789
8.07882308959961
8.074188232421875
8.117345809936523
8.274934768676758
8.075494766235352
8.531064987182617
8.452107429504395
8.771240234375
8.249083518981934
7.340857028961182
8.731138229370117
8.456208229064941
8.39168930053711
7.825876712799072
8.846800804138184
8.977954864501953
8.862977027893066
8.644009590148926
8.958773612976074
9.136941909790039
8.736238479614258
8.64334487915039
9.934809684753418
9.58284854888916
9.39437484741211
9.774613380432129
10.572856903076172
9.821088790893555
10.236837387084961
10.569931983947754
10.55761432647705
10.951789855957031
10.72311782836914
10.689703941345215
10.407490730285645
11.586223602294922
11.145342826843262
11.239970207214355
10.896599769592285
12.862394332885742
10.876933097839355
12.33436107635498
12.539125442504883
12.98511028289795
13.20833683013916
13.155233383178711
13.406522750854492
12.249382972717285
13.321255683898926
13.605124473571777
14.56572437286377
15.406060218811035
10.193389892578125
13.896744728088379
13.102184295654297
15.291722297668457
15.707989692687988
14.342302322387695
15.485580444335938
14.073465347290039
17.105403900146484
15.091663360595703
13.61413860321045
15.50749397277832
15.739123344421387
14.717005729675293
15.419997215270996
14.36592960357666
15.374105453491211
10.394745826721191
12.474493980407715
13.575560569763184
11.38697624206543
11.334427833557129
9.417333602905273
9.9339017868042
9.258819580078125
8.600914001464844
8.011160850524902
6.713678359985352
6.254119873046875
6.973158836364746
5.896990776062012
6.183046340942383
5.741076946258545
6.503689289093018
6.597110271453857
6.632623195648193
7.559988975524902
8.241283416748047
6.515227317810059
6.4669718742370605
7.222906589508057
7.487497806549072
6.773782730102539
6.806184768676758
6.827958583831787
6.16543436050415
6.484582901000977
5.898648738861084
5.762536525726318
6.595759391784668
5.211762428283691
5.379507541656494
5.062556266784668
4.675792694091797
4.92725133895874
4.477941989898682
4.562799453735352
4.624513626098633
4.133655548095703
5.866782188415527
4.023139953613281
4.336954116821289
3.9166688919067383
4.159141540527344
3.7338743209838867
4.313786506652832
3.6793179512023926
3.667017698287964
3.5332610607147217
5.849536418914795
3.335258960723877
5.364963054656982
3.5913476943969727
5.488252639770508
5.100101947784424
4.325573444366455
3.5330374240875244
3.4787585735321045
2.926064968109131
2.5891740322113037
2.355400800704956
2.3290414810180664
2.129892110824585
2.18684720993042
2.0616800785064697
1.4787007570266724
1.843013882637024
2.4534385204315186
1.9217232465744019
2.0513813495635986
1.8091328144073486
1.4610304832458496
1.3487234115600586
4.001961708068848
1.904493808746338
1.354461431503296
1.7027673721313477
1.7664954662322998
1.619055986404419
2.1217026710510254
1.5986709594726562
1.3783751726150513
1.9477205276489258
1.282633900642395
3.723478078842163
1.3702598810195923
2.077162742614746
1.4630446434020996
1.7814078330993652
1.6293147802352905
1.5166836977005005
1.3771098852157593
1.57244074344635
2.075011730194092
1.8739285469055176
2.4864389896392822
1.4473971128463745
2.6123785972595215
2.1140482425689697
1.9551528692245483
1.7181556224822998
2.6610100269317627
1.5784549713134766
1.327681541442871
1.767820119857788
1.396405816078186
2.012638807296753
2.6900458335876465
1.5860823392868042
1.5193817615509033
1.4532384872436523
1.9208356142044067
1.6405318975448608
1.8257249593734741
1.2979711294174194
1.2778816223144531
1.3655885457992554
1.769936203956604
1.270719289779663
1.141015648841858
1.5024851560592651
1.1720048189163208
1.8245594501495361
1.1439193487167358
1.204111933708191
1.0296491384506226
1.0865116119384766
1.2998255491256714
1.8984299898147583
1.391275405883789
1.1486338376998901
0.9339101910591125
1.2780414819717407
0.9223812222480774
1.1916215419769287
0.9523895382881165
1.4367839097976685
1.327199935913086
1.0899744033813477
0.9443359971046448
0.7967128753662109
1.7592787742614746
1.1480786800384521
1.3495408296585083
1.7111247777938843
1.64608895778656
1.46149480342865
1.1035889387130737
1.8183906078338623
1.074220061302185
0.9590449929237366
0.8961102366447449
1.5718072652816772
1.0791406631469727
1.8309249877929688
0.939197301864624
1.1473368406295776
0.9346333742141724
1.1252812147140503
0.771612823009491
1.3483188152313232
1.2332518100738525
0.7992820143699646
1.0980490446090698
0.9006444811820984
1.074242115020752
0.8351304531097412
1.0655162334442139
1.1814051866531372
1.4181479215621948
0.8495771288871765
0.5631208419799805
1.2207775115966797
0.8408312797546387
1.722211480140686
1.189522385597229
0.6278316378593445
0.7488393783569336
1.119057536125183
1.1209598779678345
0.9136922955513
0.7239031791687012
1.7290222644805908
0.7743253707885742
0.6772915720939636
1.1796973943710327
1.0688787698745728
1.0127198696136475
1.0008692741394043
0.7666580080986023
0.7074345350265503
1.467215657234192
0.6291900873184204
0.7480441927909851
0.8744513392448425
0.8674838542938232
0.6918683052062988
1.097260594367981
1.1790658235549927
1.2810447216033936
0.9637981057167053
0.7899796962738037
0.7079852223396301
1.1077666282653809
1.244749665260315
0.865878164768219
0.7697056531906128
1.0411890745162964
0.9507333040237427
0.6397818326950073
0.7358548045158386
0.7266924977302551
1.7476556301116943
0.8707398772239685
0.6386784911155701
0.6183531880378723
1.1889398097991943
0.7095792889595032
0.6995848417282104
0.9675863981246948
1.0189495086669922
0.5495707392692566
1.025365948677063
0.6954816579818726
0.5610175728797913
0.5973891019821167
1.1676161289215088
0.7779650688171387
0.6130894422531128
0.5790300369262695
1.0196986198425293
0.6774812340736389
0.5837952494621277
0.6171719431877136
0.9853915572166443
0.7660297155380249
0.6945927143096924
0.73588627576828
0.5126210451126099
0.5297514200210571
0.5671927332878113
0.5325773358345032
0.6824668049812317
0.5231644511222839
0.6512046456336975
1.414531946182251
0.7099086046218872
0.6191776990890503
1.4365791082382202
0.6148197054862976
0.8889437317848206
0.4734049439430237
0.7022793889045715
0.6021189093589783
0.6220066547393799
0.6900264620780945
0.5512418150901794
0.7033700942993164
0.8130463361740112
0.6879073977470398
0.7262561917304993
1.517905354499817
0.707137942314148
0.9754188060760498
1.0840129852294922
1.2083677053451538
1.40336275100708
1.5443974733352661
0.766650378704071
0.9271697402000427
0.8357821702957153
1.5713343620300293
1.330275058746338
0.7817613482475281
1.1258084774017334
2.3558530807495117
0.7131322026252747
0.6866127848625183
0.7036580443382263
1.1121575832366943
1.085531234741211
0.7387701272964478
1.6292850971221924
1.52204430103302
1.088853120803833
1.0179080963134766
1.395203709602356
1.8960355520248413
1.7214022874832153
0.7556794285774231
0.6693507432937622
1.3221403360366821
1.6626144647598267
0.7539129257202148
0.7726120948791504
0.971771240234375
0.6927609443664551
0.7546672821044922
0.5208225250244141
0.9628208875656128
0.6126762628555298
0.6450679302215576
0.9137105345726013
0.6190410256385803
0.6295735836029053
0.9470784664154053
0.7859370708465576
0.5648295879364014
0.45043638348579407
0.6820473074913025
0.5163393616676331
0.6534959077835083
0.5062754154205322
1.0232419967651367
0.8218343257904053
0.8986523747444153
0.6544123291969299
0.6361143589019775
0.6728386878967285
0.5579167604446411
0.5670703649520874
0.6118571758270264
0.8464858531951904
0.7659229636192322
0.9662579298019409
1.0637315511703491
0.7751733064651489
1.0708287954330444
1.15556800365448
0.6193833947181702
0.6134597659111023
0.6301143169403076
0.5132684707641602
0.46752089262008667
1.0992025136947632
0.5633450150489807
0.8002557754516602
1.054990291595459
0.7927638292312622
0.7105531692504883
0.9650675654411316
1.26712965965271
0.8130680322647095
1.476385235786438
2.2997567653656006
1.4928743839263916
0.494253933429718
0.618604302406311
0.8171138167381287
0.7376923561096191
0.5594438314437866
0.6646645069122314
0.5891095399856567
0.6972473859786987
0.7775300145149231
0.8607954382896423
0.8278868794441223
1.1912670135498047
0.82743239402771
1.0224030017852783
0.6949794888496399
0.6929154396057129
1.0644994974136353
0.6846309304237366
0.5247218012809753
0.7995306253433228
0.6559191346168518
0.8183073997497559
0.5950005054473877
0.9133032560348511
0.770037055015564
0.5680662989616394
0.8071414232254028
0.749236524105072
0.855532169342041
1.0896397829055786
0.8437743186950684
0.46710658073425293
0.8385730981826782
0.8616824150085449
1.411238670349121
1.0750250816345215
0.6762740015983582
0.7827247381210327
0.7669224143028259
0.4614413380622864
0.649177610874176
0.8138664960861206
0.5559782981872559
0.624308168888092
0.5969422459602356
0.8856477737426758
0.5610246062278748
0.4965001940727234
0.5024328827857971
0.5402248501777649
0.6192626953125
0.6045475006103516
1.0154279470443726
0.6026042103767395
0.8205478191375732
1.068159580230713
0.6716510057449341
0.46842923760414124
0.7852383852005005
0.4770653545856476
0.839245080947876
0.6357300281524658
0.5155366659164429
0.5058348178863525
1.092020869255066
0.8844178318977356
0.5852012038230896
0.8579915165901184
0.9990191459655762
0.4015870988368988
0.3931204378604889
0.8144259452819824
0.8324521780014038
0.8843123912811279
0.5548194646835327
1.2973747253417969
0.8396783471107483
0.6579328775405884
1.3218297958374023
1.2333319187164307
0.5414968729019165
1.260107398033142
1.042794108390808
0.6878198385238647
0.5808942317962646
1.4750474691390991
1.4443330764770508
0.9883387088775635
0.9251607060432434
0.7934492230415344
1.6671645641326904
0.6484577655792236
0.7993265390396118
0.8156260848045349
0.5359015464782715
0.7259151339530945
0.9365367889404297
0.6741378307342529
0.5869267582893372
1.0625228881835938
0.7425811290740967
1.2179654836654663
0.6953499913215637
0.654865562915802
1.1102927923202515
0.8347533345222473
0.5904834866523743
0.9681819081306458
0.9013568162918091
1.0001829862594604
1.141213059425354
0.9372440576553345
0.5390973687171936
0.8683555722236633
0.7107837200164795
0.6311803460121155
0.5407939553260803
0.6470925211906433
0.42241159081459045
0.46235841512680054
0.5763249397277832
0.4751380681991577
0.6200233101844788
0.5557921528816223
0.4638361632823944
0.8934453725814819
0.6364301443099976
0.6114461421966553
0.6580909490585327
0.9019133448600769
0.5897785425186157
1.126977562904358
1.2227863073349
1.214284896850586
0.6470996141433716
1.196437120437622
0.8539230227470398
0.8684950470924377
0.7332996129989624
0.9846609234809875
1.1123065948486328
0.7422093152999878
0.7062957882881165
0.841101884841919
0.8458749055862427
0.5113888382911682
0.7741115093231201
0.6932064890861511
0.603649377822876
0.8990129232406616
0.8055917620658875
0.5869507789611816
0.6630121469497681
0.5187878608703613
1.0372257232666016
0.79967200756073
0.5097441673278809
0.6069436073303223
0.8907281160354614
0.8519296646118164
0.8954098224639893
0.8552554249763489
0.622082531452179
0.5960186123847961
1.043118953704834
0.8117611408233643
0.7437098026275635
0.5957131385803223
0.8910210132598877
0.5700074434280396
0.5664252042770386
0.5865165591239929
0.8956284523010254
0.5395812392234802
0.7244629263877869
0.5405519008636475
0.41646692156791687
0.46327921748161316
0.4719764292240143
0.607720673084259
0.5544329285621643
0.7116767764091492
0.568181037902832
0.5714747309684753
0.5933636426925659
0.5562691688537598
0.5016087889671326
0.5824625492095947
0.5994829535484314
0.40131840109825134
0.5135830044746399
0.48520615696907043
0.46720948815345764
0.68624347448349
0.5281194448471069
0.4291647672653198
0.5454258322715759
0.4479735195636749
0.7978638410568237
1.1961017847061157
0.48569175601005554
0.6951648592948914
0.5280882716178894
0.8482862114906311
0.7520950436592102
0.5830347537994385
0.5126826167106628
0.5194790363311768
0.8137708306312561
0.6169754862785339
0.5017216801643372
0.592397153377533
0.5676180720329285
0.8606927394866943
0.9178667664527893
0.6445177793502808
0.6548511981964111
1.189598798751831
1.06011962890625
0.5741607546806335
0.7369972467422485
0.889732837677002
1.1633756160736084
0.5071514844894409
0.7254540920257568
0.7999242544174194
0.6524874567985535
0.5640896558761597
0.39323922991752625
0.6258532404899597
0.4775049388408661
0.45780378580093384
0.5436149835586548
0.43516048789024353
0.4644564092159271
0.6808087825775146
0.8369243144989014
0.36578717827796936
0.418865442276001
0.8624885678291321
0.5978897213935852
0.5118632316589355
0.8212906718254089
0.4967760741710663
0.5436391234397888
0.5155719518661499
0.6525760889053345
0.5658576488494873
0.5110664963722229
0.7416123151779175
0.5484633445739746
0.6419217586517334
0.44038915634155273
0.47509777545928955
0.6925126314163208
0.6523825526237488
0.452586829662323
0.5930536985397339
0.6577316522598267
0.6107438206672668
0.41912510991096497
0.8003807067871094
0.9118142127990723
0.6257645487785339
0.7034699320793152
0.5286762118339539
0.7477409243583679
0.7806531190872192
0.5202862620353699
0.5179640054702759
0.5529926419258118
0.5717331171035767
0.9020869135856628
1.072652816772461
0.5263249278068542
0.6105878949165344
1.1426830291748047
1.156367301940918
0.540316641330719
0.4633893668651581
1.0662614107131958
0.4958866536617279
0.4110303521156311
0.8202365040779114
0.7545716166496277
0.906571626663208
0.5583204030990601
0.9629693031311035
0.46385669708251953
0.9772233366966248
0.44225651025772095
0.6240925788879395
0.5821829438209534
0.5608000159263611
0.43515151739120483
0.5473799109458923
0.5193645358085632
0.5548430681228638
0.6708428263664246
0.5187805891036987
0.7676476836204529
0.49935296177864075
0.7344051003456116
0.7313554883003235
0.5735175013542175
0.4707837700843811
0.49436119198799133
0.4406665861606598
0.7109713554382324
0.5808029174804688
0.3873145282268524
0.9616422653198242
0.6700949668884277
0.6002699136734009
0.44800612330436707
0.5881159901618958
0.9087402820587158
0.6359058022499084
0.6426597237586975
0.8096931576728821
1.0629855394363403
0.46339860558509827
0.5365242958068848
0.6456725001335144
0.445208877325058
0.44537827372550964
0.46198132634162903
0.786563515663147
0.8135460019111633
0.43862611055374146
0.6756498217582703
0.5850744843482971
0.536382257938385
0.83451247215271
0.6644091010093689
0.7598543763160706
1.065663456916809
0.45774370431900024
0.8768132328987122
0.820677638053894
0.7020803689956665
0.5426991581916809
0.669762134552002
0.5088723301887512
0.6987977623939514
0.5412095785140991
0.43265336751937866
0.6564317345619202
0.65543133020401
0.7818133234977722
0.6107511520385742
0.6876813769340515
0.6356920003890991
0.8977553844451904
0.5300409197807312
0.42439281940460205
0.5135185718536377
0.5791882872581482
0.8225599527359009
0.7056082487106323
0.46338608860969543
0.750158429145813
1.2684462070465088
1.0644030570983887
0.938776433467865
0.5873543620109558
0.7499686479568481
0.6097807288169861
0.857489287853241
0.7516373991966248
0.4776102304458618
1.0935128927230835
0.8824471831321716
0.8030257225036621
0.5517444610595703
0.35438084602355957
0.6628700494766235
0.6664496660232544
0.46755552291870117
0.6292008757591248
0.5302896499633789
0.5467267036437988
0.5327824950218201
0.6601283550262451
0.42127475142478943
0.4471384286880493
0.7190530300140381
0.8513465523719788
0.5894925594329834
0.6558594703674316
0.9076545238494873
0.858003556728363
1.042407512664795
0.5181884169578552
0.5625417828559875
0.732163667678833
0.5683239698410034
0.784105658531189
0.6501843333244324
0.8191062211990356
0.7910304665565491
0.7060649394989014
0.7365598082542419
0.8639896512031555
0.4970461130142212
0.5205732583999634
0.6938155889511108
1.0091108083724976
0.8819550275802612
0.4226941764354706
0.5350506901741028
0.40158310532569885
0.43312737345695496
0.8902912735939026
0.8295729756355286
0.4574671685695648
0.40314024686813354
0.6041803956031799
0.8747987747192383
0.4821987450122833
0.4972231984138489
0.5195815563201904
0.7238694429397583
0.6508209109306335
0.4519025385379791
0.6101067066192627
0.4808664917945862
0.8414018750190735
0.4317679703235626
0.45393267273902893
0.5600627064704895
0.6584945917129517
0.5349012613296509
0.5405551195144653
0.6381506323814392
0.47643816471099854
0.5898925065994263
0.38683003187179565
1.1155356168746948
0.7333003878593445
0.6252192854881287
0.40981942415237427
0.5241721868515015
0.6111729741096497
0.549962043762207
0.604331374168396
0.6697267293930054
0.5275323390960693
0.5061602592468262
0.5495823621749878
0.5869282484054565
0.4840908646583557
0.45938339829444885
0.4186805188655853
0.5482598543167114
0.879509449005127
0.6369785070419312
0.5396604537963867
0.9221360683441162
0.5584537386894226
0.427770733833313
0.4551517367362976
0.6453158855438232
0.5589486956596375
0.4403180778026581
0.793275773525238
0.5162989497184753
0.4246995151042938
0.4289378225803375
0.5144392848014832
0.42404451966285706
0.4419187903404236
0.5491263270378113
0.5760096907615662
0.8318540453910828
0.4222382605075836
0.4488128423690796
0.5598915815353394
0.6854525804519653
0.4832059442996979
0.5666623115539551
0.49117204546928406
0.748388409614563
0.5210312008857727
0.5890992879867554
0.460058331489563
0.5553721785545349
0.5573768615722656
0.7427865266799927
0.5787224173545837
0.47146323323249817
0.4399973154067993
0.43887513875961304
0.5083872675895691
0.5516427755355835
0.5541613698005676
0.42751410603523254
0.41043445467948914
0.527133047580719
0.4562588036060333
0.5454277396202087
0.615185558795929
0.45408710837364197
0.5743496417999268
0.6681362390518188
0.7210626006126404
0.765031635761261
0.4539760947227478
0.6146979928016663
0.689480721950531
0.4367547035217285
0.41426607966423035
0.4194466173648834
0.49466702342033386
0.528061032295227
0.6102924942970276
0.6314532160758972
0.5566830039024353
0.3846302032470703
0.6152841448783875
0.4884006977081299
0.37699654698371887
0.4943567216396332
0.5342593789100647
0.7192612290382385
0.776598334312439
0.5802941918373108
0.6100143194198608
0.8614889979362488
0.422190397977829
0.6381984949111938
1.1623287200927734
0.9401960968971252
0.9128913283348083
0.49429208040237427
0.408680260181427
0.6342487335205078
0.860186755657196
0.6240541338920593
1.0944855213165283
0.5342323780059814
0.4770253598690033
0.8326160311698914
0.43327727913856506
0.7179169058799744
0.7946430444717407
0.5542213320732117
0.5472326278686523
0.4061379134654999
0.5146911144256592
0.5396685004234314
1.1176129579544067
0.6211884021759033
0.4472163915634155
0.49943023920059204
0.8201696276664734
0.6433535218238831
0.46647584438323975
0.3950886130332947
0.4392762780189514
0.49396103620529175
0.558461606502533
0.5636754631996155
0.51533442735672
0.46060359477996826
0.4000137448310852
0.5187454223632812
0.5135138034820557
0.6137637495994568
0.7680616974830627
0.3738909959793091
0.4681752324104309
0.47824347019195557
0.725344181060791
0.9167900085449219
0.4044687747955322
0.5208885073661804
0.4279032051563263
0.38811513781547546
0.775017499923706
0.44478246569633484
0.3654104471206665
0.40003493428230286
0.6009524464607239
0.3590330183506012
0.6033415198326111
0.419136106967926
0.4160369634628296
0.5939498543739319
0.5690847635269165
0.4310358762741089
0.5670434236526489
0.6318005323410034
0.9955461621284485
0.3744715750217438
0.4744722247123718
0.43639567494392395
0.5299925208091736
0.5122502446174622
0.4878138303756714
0.4793736934661865
0.6193896532058716
0.9111620187759399
0.7722736597061157
0.5457278490066528
0.5576140880584717
0.7880755662918091
0.40214765071868896
1.3021917343139648
0.45494428277015686
0.36028552055358887
0.7151551246643066
0.4542522728443146
0.762018620967865
