40.11042404174805
39.960044860839844
40.1301383972168
41.43709182739258
40.85453796386719
40.65127944946289
40.127296447753906
41.44623947143555
40.071502685546875
40.493309020996094
40.7104377746582
40.93304443359375
40.10017395019531
41.628780364990234
42.00849914550781
42.02401351928711
41.73312759399414
42.279178619384766
42.677146911621094
42.800724029541016
43.59603500366211
42.762874603271484
41.70674133300781
43.010467529296875
43.25527572631836
43.83551788330078
44.29024124145508
44.113616943359375
43.93172073364258
45.59063720703125
44.9771728515625
45.18060302734375
46.16960525512695
45.57126235961914
46.6259880065918
47.64772033691406
48.99934387207031
48.86311340332031
49.37256622314453
49.76263427734375
51.01770782470703
51.70429229736328
53.17265319824219
54.608665466308594
54.71365737915039
55.18074035644531
57.43634033203125
58.31913375854492
61.19603729248047
62.80335235595703
63.86201095581055
65.5539779663086
65.30618286132812
68.25602722167969
69.48004150390625
72.89654541015625
73.52479553222656
75.39256286621094
79.76612854003906
81.70994567871094
85.4244384765625
86.31306457519531
89.94495391845703
91.72492980957031
92.9078140258789
98.25060272216797
104.52926635742188
104.04743957519531
109.76128387451172
112.07855224609375
118.80337524414062
121.59589385986328
126.21361541748047
129.845703125
131.82044982910156
134.6412811279297
140.1833038330078
146.8212127685547
148.48983764648438
156.036865234375
158.34242248535156
163.63717651367188
164.6581268310547
170.75267028808594
176.16476440429688
176.2569580078125
183.399169921875
185.40133666992188
192.10716247558594
197.15249633789062
198.2542266845703
203.23760986328125
205.24551391601562
212.9663848876953
212.43606567382812
214.2490997314453
221.95565795898438
222.3028106689453
220.52903747558594
227.97056579589844
223.25660705566406
230.70509338378906
229.79226684570312
229.43942260742188
230.26315307617188
234.09292602539062
227.45486450195312
223.57325744628906
232.07455444335938
220.7245635986328
225.14553833007812
206.66567993164062
190.50851440429688
192.57061767578125
174.379150390625
171.4120635986328
146.34136962890625
136.06211853027344
115.409912109375
88.68108367919922
51.141448974609375
26.83823585510254
13.086421012878418
14.09557056427002
26.055166244506836
25.328134536743164
20.820905685424805
22.874143600463867
16.44192886352539
21.635658264160156
32.32625961303711
31.558979034423828
48.918704986572266
51.056522369384766
51.55158615112305
61.5129508972168
64.53662109375
55.59370040893555
62.80786895751953
47.54631423950195
61.73268508911133
49.90699768066406
52.943260192871094
36.59574508666992
34.49440002441406
30.38846206665039
30.977489471435547
23.205049514770508
24.964649200439453
22.35820198059082
25.794979095458984
29.589204788208008
24.92640495300293
29.28908920288086
47.698707580566406
43.070472717285156
43.53422927856445
45.495357513427734
41.385650634765625
43.94367218017578
30.529821395874023
27.253089904785156
25.498743057250977
19.445186614990234
15.291561126708984
15.647910118103027
14.371541976928711
13.686722755432129
19.536331176757812
15.209221839904785
14.613799095153809
14.398008346557617
13.627567291259766
15.772591590881348
15.920602798461914
24.998537063598633
26.439960479736328
17.29509735107422
22.149675369262695
16.1416072845459
17.54169273376465
18.935483932495117
26.29878807067871
19.733055114746094
22.752840042114258
15.315825462341309
15.911093711853027
15.879929542541504
14.271177291870117
14.190420150756836
15.09644603729248
20.02855682373047
14.914668083190918
13.98862075805664
15.441930770874023
13.884145736694336
14.636094093322754
12.00949764251709
11.312063217163086
13.124924659729004
21.603267669677734
13.93380355834961
12.506129264831543
10.735867500305176
12.68010425567627
9.962301254272461
9.263681411743164
13.822840690612793
8.135025024414062
18.4830322265625
9.288311958312988
13.753568649291992
10.214320182800293
7.3981614112854
16.481426239013672
8.343890190124512
8.766124725341797
11.96338939666748
9.396817207336426
5.920843601226807
6.132635116577148
9.26547908782959
7.605914115905762
6.384585857391357
6.026087760925293
12.324594497680664
5.4516167640686035
13.944786071777344
23.127649307250977
6.8815083503723145
10.820685386657715
7.956470489501953
9.977643013000488
7.188770294189453
7.190845012664795
15.469667434692383
10.240138053894043
6.094898700714111
4.570441722869873
7.308541774749756
10.220599174499512
10.56013298034668
5.445152282714844
4.271369457244873
4.870971202850342
4.736312389373779
17.149030685424805
8.459007263183594
17.517911911010742
28.43769645690918
29.28478240966797
17.241352081298828
5.442361831665039
7.828681468963623
5.847507953643799
12.616572380065918
4.689983367919922
6.961853504180908
7.305461883544922
4.147982597351074
8.526288986206055
3.7194459438323975
10.645029067993164
16.17737579345703
10.01763916015625
8.481698036193848
8.640641212463379
6.8133440017700195
10.104178428649902
4.727860927581787
4.84007453918457
10.507004737854004
5.342578411102295
5.078252792358398
4.984063148498535
4.927563667297363
18.390697479248047
4.572526454925537
17.974857330322266
19.994983673095703
16.553695678710938
4.891928195953369
7.486530303955078
4.677510738372803
10.985718727111816
17.63702392578125
8.286972045898438
13.856762886047363
15.941347122192383
12.212575912475586
3.8504154682159424
16.522525787353516
26.59412384033203
31.11157989501953
10.496321678161621
9.703581809997559
12.66897201538086
23.28313446044922
31.031293869018555
29.57109832763672
4.4913530349731445
3.8177714347839355
4.473695278167725
6.813122272491455
20.365869522094727
5.051502227783203
4.117244243621826
3.220263719558716
6.6953654289245605
5.484848976135254
9.86611270904541
15.998845100402832
7.053815841674805
4.560080528259277
4.218530654907227
6.914278030395508
3.63399076461792
6.7492265701293945
3.921469211578369
15.741775512695312
36.831939697265625
29.040943145751953
18.454805374145508
9.694567680358887
18.725894927978516
17.047828674316406
26.668346405029297
24.967119216918945
4.164906024932861
11.722395896911621
19.09843635559082
26.428810119628906
14.332067489624023
3.4231009483337402
12.561253547668457
3.5351688861846924
3.833721399307251
4.172319412231445
10.864855766296387
9.833529472351074
6.344062805175781
6.340278148651123
2.9127089977264404
11.098456382751465
10.141667366027832
9.10227108001709
8.358841896057129
24.256010055541992
7.729095935821533
6.2577691078186035
4.834471702575684
9.880025863647461
4.863942623138428
3.511382818222046
17.869688034057617
2.8976821899414062
10.68250846862793
9.126786231994629
4.0174946784973145
7.017493724822998
16.022388458251953
29.75296974182129
15.279050827026367
18.970317840576172
14.244632720947266
17.16484260559082
2.8373823165893555
9.716711044311523
7.562177658081055
4.296537399291992
4.032104015350342
12.965035438537598
10.822309494018555
5.188464164733887
2.9429633617401123
20.83155059814453
5.154634952545166
13.59719181060791
11.637839317321777
13.534771919250488
21.712444305419922
18.223247528076172
8.018689155578613
11.542224884033203
13.164128303527832
12.329452514648438
2.3191511631011963
2.6351895332336426
9.306811332702637
17.29290771484375
6.727014064788818
6.838505268096924
4.861820697784424
6.008285999298096
7.168304443359375
2.610677480697632
3.914720296859741
11.561470985412598
7.696971416473389
7.977634906768799
2.5538806915283203
7.7010931968688965
14.080723762512207
17.89168357849121
16.208173751831055
9.834054946899414
12.917692184448242
15.747333526611328
9.301298141479492
19.320093154907227
4.916598320007324
5.685391426086426
9.864812850952148
13.096070289611816
6.135982513427734
4.7848734855651855
15.337835311889648
3.0259361267089844
4.432762622833252
8.997039794921875
10.65964412689209
8.01447582244873
7.4087018966674805
23.805931091308594
23.02139663696289
11.601296424865723
4.926194667816162
11.643219947814941
21.167428970336914
13.643610954284668
8.653433799743652
6.280190944671631
7.0920820236206055
8.725608825683594
8.858786582946777
5.122986793518066
1.7471375465393066
4.111011981964111
6.794800758361816
19.97819709777832
10.161966323852539
5.963493347167969
8.371434211730957
16.170278549194336
17.16510581970215
5.727499485015869
13.179885864257812
16.87643814086914
19.581649780273438
7.737573146820068
6.3502912521362305
13.365463256835938
3.230856418609619
6.158372402191162
5.965088844299316
5.042756080627441
5.356608867645264
16.066423416137695
4.021581172943115
10.826714515686035
9.189297676086426
6.048626899719238
5.696396350860596
17.46746063232422
8.345338821411133
2.4653804302215576
10.686887741088867
8.432266235351562
10.384627342224121
10.126497268676758
13.5665922164917
13.62204360961914
4.641319751739502
14.716463088989258
23.652530670166016
19.813289642333984
12.904128074645996
5.978962421417236
16.021846771240234
17.4304256439209
25.532302856445312
27.181045532226562
16.351573944091797
5.102143287658691
13.7654447555542
14.535686492919922
12.308574676513672
16.170696258544922
10.266898155212402
23.469432830810547
17.96222686767578
21.605073928833008
15.132126808166504
9.316298484802246
5.583935260772705
3.9796907901763916
11.993568420410156
11.933115005493164
7.84742546081543
11.678485870361328
5.942041873931885
6.065442085266113
4.899733066558838
4.190551280975342
4.759322643280029
6.908177852630615
3.466108560562134
7.092184066772461
7.517021656036377
4.850102424621582
11.136491775512695
14.716943740844727
17.347862243652344
9.571666717529297
10.11861515045166
5.745354652404785
5.200235366821289
21.378110885620117
3.205549716949463
24.07744789123535
4.088206768035889
7.010007858276367
9.575455665588379
3.142104148864746
6.284553527832031
9.519296646118164
5.521879196166992
4.037184715270996
4.597574710845947
12.485865592956543
3.4621877670288086
4.523635387420654
3.7283780574798584
9.673239707946777
4.8201494216918945
6.02783727645874
12.788433074951172
5.943504333496094
2.9671926498413086
10.577827453613281
2.4751429557800293
3.7901787757873535
6.279573440551758
4.714773178100586
16.228334426879883
23.019018173217773
24.7543888092041
10.96955680847168
16.6468563079834
5.755331993103027
11.97922420501709
14.777316093444824
15.97617244720459
5.848597049713135
2.1820037364959717
7.073429107666016
1.7099549770355225
3.1192283630371094
11.08199405670166
2.2853918075561523
9.37254810333252
13.376336097717285
6.064127445220947
3.1933953762054443
3.4365458488464355
8.800740242004395
14.748150825500488
13.417625427246094
3.9296092987060547
6.0437703132629395
12.292685508728027
11.610189437866211
9.329626083374023
3.8841140270233154
4.144859790802002
16.701772689819336
7.511905193328857
9.5609769821167
5.661929607391357
4.308049201965332
7.2962822914123535
8.384112358093262
2.332939386367798
4.018754482269287
4.84022331237793
5.636190414428711
5.265224456787109
12.4954833984375
6.364770412445068
4.005283832550049
12.480706214904785
11.468606948852539
9.013514518737793
5.383049488067627
14.490431785583496
11.538382530212402
8.257264137268066
10.355497360229492
9.306275367736816
11.497899055480957
17.339759826660156
19.786638259887695
15.710244178771973
8.398298263549805
4.855486869812012
10.265362739562988
13.977066040039062
15.956626892089844
9.312800407409668
3.9012718200683594
1.7047638893127441
1.8703327178955078
1.7076520919799805
6.560812473297119
6.072275161743164
5.075552940368652
4.548893451690674
2.0389912128448486
3.6871495246887207
14.218721389770508
6.402034282684326
3.4950594902038574
8.378040313720703
6.7007880210876465
2.301943778991699
4.570083141326904
3.302757740020752
6.506441116333008
2.74186110496521
10.898758888244629
2.898900270462036
2.6712241172790527
11.390868186950684
5.885351657867432
4.449547290802002
11.980877876281738
10.286115646362305
8.355587005615234
13.06835651397705
3.4631173610687256
14.45860767364502
24.418825149536133
24.40790557861328
18.77909278869629
15.437215805053711
8.550485610961914
7.101119518280029
6.824951171875
12.927290916442871
14.1517333984375
4.978614807128906
4.985615253448486
10.51545524597168
18.033241271972656
10.954132080078125
11.324211120605469
8.544608116149902
5.1234235763549805
3.408874273300171
9.200654983520508
4.503678321838379
10.344347953796387
5.430840969085693
10.709648132324219
5.623021125793457
3.1441292762756348
1.815799355506897
5.966645240783691
11.846086502075195
6.381669521331787
7.132284164428711
16.21583366394043
8.542891502380371
10.00441837310791
5.535833358764648
3.9283697605133057
2.7342495918273926
3.2985990047454834
21.310546875
21.808834075927734
11.102500915527344
13.984107971191406
7.59726095199585
3.5669097900390625
11.476131439208984
19.577192306518555
20.112003326416016
15.595988273620605
16.334444046020508
4.598609447479248
8.496439933776855
9.57402515411377
16.284154891967773
16.629981994628906
14.50362491607666
19.632722854614258
8.851778030395508
3.5498013496398926
8.589387893676758
3.7668192386627197
8.670550346374512
6.443450927734375
3.403003454208374
7.990370750427246
8.71374225616455
6.716064929962158
12.052400588989258
3.8485190868377686
5.4817070960998535
2.506460428237915
2.8281843662261963
5.68475866317749
2.0839529037475586
14.900849342346191
20.036754608154297
31.70969009399414
17.4110164642334
15.64008903503418
10.658926010131836
4.705796241760254
5.209916591644287
8.722841262817383
17.51243782043457
20.935253143310547
22.95892906188965
23.656326293945312
6.752979278564453
3.406954765319824
8.433036804199219
3.9231603145599365
1.9039181470870972
2.2426576614379883
2.654127359390259
6.962643146514893
4.631612300872803
6.936710834503174
5.463498115539551
4.155396938323975
2.41182279586792
8.360097885131836
2.366924524307251
4.575433254241943
12.26202392578125
4.157192230224609
5.440845966339111
8.9816312789917
8.235209465026855
9.533829689025879
3.7071948051452637
8.11231517791748
2.644335985183716
3.5940101146698
7.778927803039551
3.4169998168945312
6.639959335327148
4.81305456161499
13.92459774017334
5.938084602355957
2.91766619682312
8.554710388183594
4.453280448913574
5.478583335876465
6.736074924468994
2.8169820308685303
3.8260395526885986
3.5189313888549805
2.961282253265381
6.9712324142456055
1.8010590076446533
5.101268291473389
2.445817708969116
4.223145008087158
7.017386436462402
3.955106496810913
2.2615489959716797
2.2277731895446777
3.149869441986084
5.550870418548584
5.166430950164795
6.973215103149414
6.581302642822266
3.751783609390259
7.502322196960449
2.248844623565674
8.375244140625
1.7566486597061157
2.0350000858306885
13.256367683410645
4.806572914123535
2.5966122150421143
8.098194122314453
2.050901412963867
7.3472900390625
10.673027992248535
4.195544719696045
2.978755474090576
2.159730911254883
7.801341533660889
3.561652183532715
9.570494651794434
10.14370346069336
14.650043487548828
6.6706743240356445
3.2877392768859863
3.9066355228424072
5.001943588256836
6.698388576507568
15.721610069274902
14.880703926086426
15.499924659729004
14.471883773803711
12.813725471496582
6.183294773101807
9.722626686096191
6.8962273597717285
13.76900577545166
4.974359035491943
9.93606185913086
16.077333450317383
10.531596183776855
10.01579475402832
12.193483352661133
3.2796638011932373
3.1597342491149902
9.79464340209961
4.487300395965576
2.4894866943359375
6.921942710876465
3.9788753986358643
2.8302037715911865
7.329291343688965
7.110780715942383
3.315305471420288
3.426577091217041
9.311429977416992
4.238697052001953
2.676173448562622
2.9753451347351074
2.9637396335601807
8.086002349853516
2.4473397731781006
3.0220558643341064
4.028724670410156
3.5484631061553955
2.2604832649230957
4.1619157791137695
5.218103408813477
3.4168541431427
4.851978778839111
1.5210984945297241
3.669844150543213
3.550835609436035
2.521409273147583
6.400876045227051
3.1317977905273438
6.356782913208008
2.2012863159179688
2.36293625831604
4.3711652755737305
15.243509292602539
5.700110912322998
2.408158540725708
3.026228189468384
3.2550909519195557
9.355267524719238
10.562315940856934
6.2374982833862305
12.425594329833984
6.332941055297852
12.431713104248047
4.9588141441345215
3.144249439239502
2.6149802207946777
6.7059407234191895
1.8814924955368042
7.969756603240967
5.23228120803833
6.678445339202881
10.062333106994629
1.8980263471603394
9.059309005737305
3.6841282844543457
7.581835746765137
2.918506145477295
10.972979545593262
8.629157066345215
9.458000183105469
9.75865650177002
1.8973890542984009
4.246586799621582
4.315612316131592
7.570947647094727
4.4238080978393555
2.3183059692382812
1.5641288757324219
1.4207546710968018
5.889616012573242
7.052760601043701
7.88915491104126
3.904484272003174
3.7626070976257324
3.3816609382629395
2.434349298477173
3.1851601600646973
1.5864646434783936
9.760724067687988
3.742995262145996
9.48750114440918
2.9238009452819824
5.5386881828308105
4.594244003295898
1.9419968128204346
1.4812334775924683
3.22536563873291
14.692773818969727
8.51706600189209
3.2903833389282227
6.132296085357666
8.159307479858398
2.961780071258545
3.547208070755005
4.810074806213379
7.727667331695557
4.563239097595215
3.539877414703369
10.817511558532715
13.992637634277344
9.25058650970459
3.996281147003174
2.465337038040161
