220.6053009033203
226.79769897460938
220.21153259277344
223.5218505859375
222.99404907226562
218.28250122070312
225.68325805664062
223.5154571533203
227.38723754882812
222.0275115966797
226.1593017578125
223.14064025878906
224.84266662597656
225.08917236328125
217.19366455078125
225.96205139160156
226.53431701660156
219.82579040527344
223.84043884277344
224.1046600341797
224.07049560546875
225.18191528320312
226.3247833251953
216.93402099609375
223.91627502441406
218.36598205566406
223.4295654296875
209.9050750732422
220.0826416015625
221.58419799804688
220.1986846923828
221.96263122558594
218.76068115234375
220.982666015625
220.02389526367188
219.55345153808594
219.302978515625
213.08790588378906
226.05320739746094
220.9683074951172
223.95606994628906
220.2059326171875
216.5310821533203
211.2831573486328
219.9387969970703
213.0935821533203
214.11082458496094
213.80625915527344
214.39474487304688
213.76124572753906
210.50885009765625
214.43740844726562
215.1445770263672
215.6441192626953
207.65928649902344
212.38218688964844
209.01568603515625
210.30233764648438
210.478759765625
213.19091796875
212.72271728515625
208.92626953125
203.33590698242188
204.35794067382812
206.7393341064453
201.21881103515625
201.98370361328125
199.74842834472656
198.09036254882812
201.13595581054688
204.29818725585938
193.21788024902344
196.96536254882812
195.46189880371094
190.91702270507812
192.06240844726562
194.32489013671875
187.96336364746094
187.739501953125
186.3922119140625
186.22747802734375
189.1747283935547
182.17526245117188
183.52284240722656
179.46730041503906
180.18247985839844
180.22564697265625
171.8401336669922
175.0536651611328
162.98199462890625
169.1246795654297
166.7135772705078
164.47181701660156
163.79339599609375
160.01919555664062
161.54867553710938
158.1038818359375
155.99652099609375
153.9819793701172
149.48361206054688
148.40223693847656
146.74655151367188
142.11798095703125
134.3721466064453
133.7473602294922
135.5179443359375
131.82882690429688
131.57339477539062
128.3584747314453
124.86886596679688
116.933837890625
114.4212875366211
114.0128173828125
112.4098892211914
112.50514221191406
105.266357421875
110.1633071899414
104.0174789428711
98.37467956542969
99.353515625
93.28429412841797
89.51500701904297
86.3783950805664
84.8553695678711
85.4694595336914
82.66626739501953
79.73925018310547
74.6395492553711
72.93707275390625
72.7209243774414
72.6383285522461
71.20967102050781
68.80655670166016
65.02023315429688
62.99471664428711
61.36722946166992
58.94807052612305
56.63854217529297
57.30024337768555
55.91164016723633
53.57981491088867
50.940547943115234
50.83243942260742
49.19121551513672
46.57672119140625
45.60102081298828
44.68987274169922
45.98122787475586
44.56291961669922
42.984771728515625
42.21549606323242
41.628746032714844
41.09143829345703
40.003204345703125
38.7972412109375
38.69180679321289
37.91514587402344
37.8721809387207
37.0278205871582
37.038089752197266
36.087650299072266
35.51917266845703
34.44740295410156
34.84183883666992
33.88862991333008
33.447505950927734
33.793643951416016
32.771080017089844
32.86130905151367
32.183433532714844
32.1375846862793
31.59663200378418
31.269018173217773
30.801475524902344
30.693347930908203
29.927305221557617
29.865642547607422
30.21695899963379
29.562593460083008
28.123680114746094
28.39607048034668
27.74012565612793
27.917362213134766
27.23236846923828
27.404624938964844
25.816574096679688
26.48202896118164
26.431671142578125
25.66372299194336
25.293439865112305
24.86927604675293
25.172849655151367
24.474699020385742
24.062267303466797
24.466108322143555
24.051891326904297
23.76038932800293
23.351221084594727
22.716176986694336
22.320392608642578
22.427968978881836
22.38850975036621
21.68102264404297
21.620014190673828
20.2596435546875
21.356220245361328
21.768766403198242
20.88493537902832
19.83913230895996
21.08367156982422
20.25203514099121
20.523244857788086
17.95183753967285
21.912492752075195
20.78424072265625
22.684890747070312
20.06062126159668
18.86467170715332
19.021617889404297
19.391569137573242
18.288707733154297
17.424739837646484
18.43610954284668
17.771764755249023
18.262327194213867
18.083927154541016
18.141986846923828
17.378253936767578
17.40413475036621
17.47646141052246
17.182933807373047
16.79469871520996
16.20552635192871
16.815528869628906
17.507549285888672
16.25229263305664
15.726198196411133
15.782508850097656
16.801210403442383
16.38839340209961
15.833698272705078
15.644637107849121
16.52351951599121
16.48084831237793
15.974885940551758
15.504676818847656
15.38294792175293
15.700849533081055
15.818327903747559
15.363564491271973
15.279281616210938
14.929211616516113
15.060644149780273
14.761189460754395
14.737692832946777
14.881284713745117
14.646183967590332
14.814135551452637
14.350468635559082
14.624011039733887
14.494723320007324
14.269076347351074
14.17818546295166
14.009604454040527
13.61182689666748
13.865673065185547
13.867276191711426
13.507351875305176
13.777626991271973
13.779287338256836
13.505277633666992
13.352056503295898
13.564972877502441
13.404776573181152
13.493182182312012
13.295150756835938
13.211128234863281
13.20405101776123
13.09765625
12.759771347045898
13.013940811157227
12.837688446044922
12.862584114074707
12.984930038452148
12.898589134216309
12.695731163024902
12.776719093322754
12.559943199157715
12.779508590698242
12.760351181030273
12.490260124206543
12.512707710266113
12.518096923828125
12.587133407592773
12.978043556213379
13.208484649658203
12.16555118560791
12.41456127166748
12.76351261138916
12.787384986877441
12.487274169921875
12.556118965148926
13.484347343444824
13.066970825195312
12.560938835144043
12.071433067321777
13.008550643920898
14.373604774475098
14.268656730651855
13.24125862121582
12.372886657714844
12.070483207702637
12.322729110717773
12.562399864196777
12.373004913330078
11.95151424407959
12.720467567443848
13.052245140075684
12.88306999206543
12.843354225158691
11.859209060668945
12.414856910705566
12.823973655700684
13.398627281188965
12.675561904907227
11.956128120422363
12.066267967224121
12.571581840515137
12.82669734954834
12.165557861328125
11.684992790222168
12.046743392944336
12.42320728302002
12.614439010620117
11.983438491821289
12.166306495666504
12.164414405822754
12.000641822814941
11.822875022888184
11.868827819824219
12.357145309448242
12.067176818847656
11.964524269104004
11.810311317443848
12.358555793762207
12.231294631958008
11.90390682220459
11.594563484191895
11.587509155273438
11.540970802307129
11.838128089904785
11.545636177062988
11.587186813354492
11.509574890136719
11.67273998260498
11.530888557434082
11.591793060302734
11.531373023986816
11.564533233642578
11.604076385498047
11.642459869384766
11.355901718139648
11.612164497375488
11.421123504638672
11.727526664733887
11.556611061096191
11.605696678161621
11.119303703308105
11.252725601196289
11.242189407348633
11.271763801574707
11.388936996459961
11.554449081420898
11.369072914123535
11.279802322387695
11.456008911132812
11.324226379394531
11.148298263549805
11.049562454223633
11.385432243347168
11.240777015686035
11.59775161743164
11.104572296142578
11.40406322479248
11.330770492553711
11.620170593261719
11.410304069519043
11.305867195129395
11.022347450256348
11.079660415649414
11.562535285949707
10.862000465393066
10.94675350189209
11.166494369506836
10.943327903747559
10.994933128356934
11.080692291259766
11.133949279785156
11.107110977172852
11.25778865814209
10.74134349822998
11.218402862548828
11.018730163574219
10.872879028320312
10.868977546691895
10.916847229003906
10.651556968688965
10.87529468536377
10.969759941101074
10.910889625549316
11.00105094909668
10.708683967590332
10.773323059082031
10.668524742126465
10.674925804138184
11.051640510559082
10.937996864318848
10.961836814880371
10.833338737487793
10.753531455993652
10.703566551208496
10.90760326385498
10.786331176757812
10.747772216796875
10.703856468200684
11.121800422668457
10.862831115722656
10.711451530456543
10.803641319274902
10.662548065185547
10.548510551452637
11.073877334594727
10.66740608215332
10.601935386657715
10.638487815856934
10.598660469055176
11.206696510314941
11.265902519226074
10.874225616455078
11.020842552185059
10.813875198364258
10.614684104919434
10.757922172546387
11.328412055969238
11.348464965820312
11.582237243652344
11.467719078063965
10.678191184997559
10.8506441116333
11.414406776428223
11.439223289489746
11.156488418579102
10.826637268066406
10.68184757232666
10.655519485473633
10.847855567932129
10.462631225585938
10.783474922180176
10.561467170715332
10.645883560180664
11.13482666015625
10.570991516113281
10.979775428771973
10.571324348449707
10.391741752624512
10.320237159729004
10.65002155303955
10.310432434082031
10.304133415222168
10.362958908081055
10.4038667678833
10.256637573242188
10.285423278808594
10.27682876586914
10.199166297912598
10.340035438537598
10.315215110778809
10.327827453613281
10.335542678833008
10.264201164245605
10.246259689331055
10.435185432434082
10.261792182922363
10.41152572631836
10.40203857421875
10.530431747436523
10.181331634521484
10.212418556213379
10.20014476776123
10.234940528869629
10.134481430053711
10.185203552246094
10.094362258911133
10.025815963745117
9.932738304138184
9.90241813659668
10.129661560058594
10.106897354125977
10.183235168457031
10.02934741973877
10.037364959716797
10.091316223144531
9.969442367553711
9.986673355102539
10.02663803100586
10.362347602844238
10.03403091430664
10.023550987243652
10.283844947814941
10.374263763427734
9.99549674987793
10.010981559753418
10.18298625946045
10.277548789978027
9.784628868103027
10.036419868469238
9.952760696411133
9.551362037658691
10.040216445922852
10.070865631103516
10.527480125427246
9.882126808166504
10.002473831176758
9.847077369689941
9.982563018798828
10.09477710723877
9.74146556854248
9.881633758544922
9.846468925476074
9.973625183105469
9.387707710266113
9.694439888000488
9.900186538696289
9.469181060791016
9.821114540100098
9.581442832946777
9.870634078979492
9.769697189331055
9.533824920654297
9.618191719055176
10.038742065429688
9.744674682617188
9.566251754760742
9.45432186126709
9.810916900634766
9.776491165161133
9.525830268859863
9.677340507507324
9.876720428466797
9.943819999694824
9.832139015197754
9.770204544067383
9.843460083007812
9.755472183227539
9.2818021774292
9.777219772338867
9.654808044433594
9.521623611450195
9.371861457824707
9.343670845031738
9.369599342346191
9.41413402557373
9.5518798828125
9.174363136291504
9.369893074035645
9.525444984436035
9.352862358093262
9.32498550415039
9.512446403503418
9.298444747924805
9.175161361694336
9.332486152648926
9.435461044311523
9.670546531677246
9.254424095153809
9.079727172851562
9.213619232177734
9.3052978515625
9.519734382629395
9.403084754943848
9.05136489868164
9.527451515197754
9.290650367736816
9.370196342468262
9.345450401306152
9.171621322631836
9.400980949401855
9.262245178222656
9.290331840515137
9.27467155456543
9.476597785949707
9.568115234375
9.33051872253418
9.105687141418457
9.099928855895996
9.543952941894531
9.407489776611328
8.97672176361084
9.301563262939453
9.497776985168457
9.420647621154785
9.107568740844727
9.078285217285156
9.197469711303711
9.241901397705078
9.327865600585938
9.20190715789795
9.031899452209473
8.946706771850586
8.941882133483887
8.949901580810547
9.158470153808594
9.048236846923828
9.10766887664795
8.950263977050781
9.03928279876709
8.929447174072266
8.915947914123535
8.932720184326172
8.777945518493652
8.96428394317627
8.799728393554688
8.865100860595703
9.238344192504883
9.03839111328125
9.37883472442627
9.024203300476074
8.8765287399292
8.712557792663574
9.15453052520752
8.917634963989258
8.99553108215332
8.885834693908691
8.916902542114258
9.437103271484375
9.295553207397461
9.316408157348633
8.89108943939209
8.831596374511719
8.913698196411133
9.025102615356445
8.812786102294922
8.829300880432129
8.854915618896484
8.737622261047363
8.875316619873047
8.8029146194458
8.876697540283203
8.80948257446289
8.988396644592285
8.56031322479248
8.693750381469727
8.845744132995605
8.87018871307373
8.731229782104492
8.775676727294922
8.722779273986816
8.74582576751709
8.666304588317871
8.674449920654297
8.800830841064453
8.435269355773926
8.741438865661621
8.788615226745605
8.735329627990723
8.569915771484375
8.773353576660156
8.759417533874512
8.709685325622559
8.887889862060547
8.77999210357666
8.783818244934082
8.561338424682617
8.631386756896973
8.626350402832031
8.800737380981445
8.737380981445312
8.64436149597168
8.72311782836914
8.48327922821045
8.616425514221191
8.681474685668945
8.794768333435059
8.820196151733398
8.765437126159668
8.656209945678711
8.682175636291504
8.650081634521484
8.649004936218262
8.54959774017334
8.788591384887695
8.499737739562988
8.697320938110352
8.731575012207031
8.572879791259766
8.549986839294434
8.689249992370605
8.485983848571777
8.456642150878906
8.498859405517578
8.461851119995117
8.523172378540039
8.258122444152832
8.549139022827148
8.746469497680664
8.478737831115723
8.570804595947266
8.543886184692383
8.479130744934082
8.744346618652344
8.633283615112305
8.620152473449707
8.499432563781738
8.220477104187012
8.292912483215332
8.78113079071045
8.647417068481445
8.706719398498535
8.658495903015137
8.48379135131836
8.231673240661621
8.45828628540039
8.402807235717773
8.532549858093262
8.265007019042969
8.471099853515625
8.43929386138916
8.336104393005371
8.534736633300781
8.550978660583496
8.466696739196777
8.455684661865234
8.481466293334961
8.403529167175293
8.419441223144531
8.490723609924316
8.408166885375977
8.528175354003906
8.508572578430176
8.436964988708496
8.451786041259766
8.686786651611328
8.567049026489258
8.36267375946045
8.422393798828125
8.318071365356445
8.34145450592041
8.398008346557617
8.342469215393066
8.530405044555664
8.326164245605469
8.364547729492188
8.2499361038208
8.291879653930664
8.550516128540039
8.486749649047852
8.378661155700684
8.40407943725586
8.324225425720215
8.356977462768555
8.324707984924316
8.516633033752441
8.353267669677734
8.142268180847168
8.459427833557129
8.26368236541748
8.269355773925781
8.283493041992188
8.256512641906738
8.242355346679688
8.42532730102539
8.178670883178711
8.278275489807129
8.38163948059082
8.255568504333496
8.357430458068848
8.43150806427002
8.333845138549805
8.600566864013672
8.385499954223633
8.6001558303833
8.412690162658691
8.32313346862793
8.270670890808105
8.26360034942627
8.393845558166504
8.399711608886719
8.24222469329834
8.215156555175781
8.1954345703125
8.055733680725098
8.180866241455078
8.316713333129883
8.413410186767578
8.404788970947266
8.354696273803711
8.445245742797852
8.23515796661377
8.056069374084473
8.314948081970215
8.27437686920166
8.520885467529297
8.581217765808105
8.372147560119629
8.137801170349121
8.26262092590332
8.45102310180664
8.307395935058594
8.457534790039062
8.179571151733398
8.293539047241211
8.23321533203125
8.137892723083496
8.228689193725586
8.214797973632812
8.223420143127441
8.142380714416504
8.19125747680664
8.044672012329102
8.111769676208496
8.246256828308105
8.159646987915039
8.208069801330566
8.237588882446289
8.338061332702637
7.9523420333862305
8.32418441772461
8.168906211853027
8.170435905456543
8.012542724609375
8.010302543640137
8.3009033203125
7.977111339569092
8.035829544067383
8.118268966674805
8.316163063049316
8.126325607299805
8.310009956359863
8.260929107666016
8.216739654541016
8.091937065124512
8.07582950592041
8.336772918701172
8.162897109985352
8.16905689239502
8.231983184814453
8.13841438293457
8.14453125
8.121048927307129
8.070172309875488
8.2316255569458
8.477654457092285
8.28787899017334
8.033352851867676
8.216126441955566
7.987699508666992
8.204811096191406
8.194336891174316
7.84659481048584
8.246963500976562
8.074490547180176
8.017136573791504
8.329767227172852
7.979687690734863
8.141355514526367
8.069355964660645
8.109063148498535
8.124924659729004
8.034760475158691
8.185729026794434
8.115281105041504
8.08437442779541
8.085990905761719
8.038554191589355
8.08890438079834
8.344023704528809
8.115775108337402
7.993166923522949
8.046259880065918
8.073490142822266
8.019214630126953
8.044563293457031
8.077631950378418
7.881057262420654
8.193799018859863
8.179587364196777
7.888086795806885
8.215696334838867
8.194601058959961
8.064427375793457
8.090554237365723
7.987020015716553
8.032793045043945
8.125499725341797
8.024090766906738
8.137207984924316
8.231279373168945
7.986518383026123
8.025416374206543
8.042756080627441
8.027606964111328
8.033721923828125
8.018781661987305
8.014463424682617
7.945811748504639
8.195917129516602
8.143346786499023
8.15034008026123
7.970038414001465
7.977684020996094
8.038004875183105
8.044426918029785
7.815370082855225
7.913244247436523
8.207405090332031
8.009753227233887
8.076974868774414
8.02354907989502
8.032766342163086
7.768385410308838
8.026646614074707
8.126748085021973
7.98823881149292
8.037004470825195
8.25096607208252
8.015833854675293
7.945136547088623
8.091411590576172
8.019696235656738
8.311735153198242
